gen,nevals,avg,stddev,min,max,run,wlasne_prawd
0,50,0.0,0.0,0.0,0.0,7,2
1,46,2.1914100914962642e-13,4.677290357004888e-13,0.0,1.2174500508312578e-12,7,2
2,45,3.5065588493803394e-11,2.400966394588628e-10,0.0,1.7157278746143797e-09,7,2
3,46,4.3097331880468984e-07,3.0158162450320546e-06,0.0,2.1541686857337543e-05,7,2
4,44,1.7238621840148817e-06,5.843955764633225e-06,0.0,2.1541686857337543e-05,7,2
5,47,2.7905269000241544e-06,6.981961441274781e-06,0.0,2.1692154870455854e-05,7,2
6,43,6.544795198653611e-06,1.0107190321649162e-05,0.0,3.2790994891627065e-05,7,2
7,47,1.7418908996666134e-05,1.3777815015718173e-05,0.0,6.601529362273944e-05,7,2
8,44,2.6136119493284464e-05,1.8017557711879768e-05,5.02429586778808e-19,8.024960290841962e-05,7,2
9,46,3.265818543578147e-05,2.7481598249563895e-05,0.0,9.2301444679659e-05,7,2
10,45,3.749263074961917e-05,3.5436362986453264e-05,8.197384011300828e-13,0.00011139410237457981,7,2
11,45,6.298063812760834e-05,3.5548554295208575e-05,5.329070518200751e-19,0.00011139410237457981,7,2
12,45,6.858802765038957e-05,4.003630648354808e-05,1.2909454943690725e-12,0.00011855579500539147,7,2
13,45,6.359617107876768e-05,4.4568198855997835e-05,3.7821066291104684e-11,0.00012036802411799875,7,2
14,50,6.004027217471519e-05,4.3528290863953807e-05,8.197384013035546e-13,0.00012036802411799875,7,2
15,45,7.324412517124909e-05,4.3913927823550545e-05,1.2058033351555547e-12,0.00012036802411799875,7,2
16,39,8.54567971577713e-05,5.0103973472905094e-05,8.197384011300828e-13,0.0001994985397949724,7,2
17,45,9.628226658728775e-05,5.069720544609955e-05,1.2909454943690725e-12,0.0001994985397949724,7,2
18,48,7.685682038468427e-05,6.622685378947687e-05,1.2909454943690725e-12,0.0001994985397949724,7,2
19,46,0.00011150081269499153,7.170578803343224e-05,1.2909454943690725e-12,0.0001994985397949724,7,2
20,46,0.00012520137488858764,8.276506206167084e-05,1.2909454943690725e-12,0.00025750281305086877,7,2
21,45,0.00013100630571594445,8.67258321952308e-05,1.2909454943690725e-12,0.00025750281305086877,7,2
22,45,0.00015003119791104287,9.182134958036243e-05,1.2909454943690725e-12,0.00025765408726985346,7,2
23,46,0.00019215908780352204,8.954536166146199e-05,2.3332367541685446e-11,0.00025765408726985346,7,2
24,43,0.00018434703312098958,0.00010246739664578244,2.0889730845750618e-12,0.00025765408726985346,7,2
25,44,0.00017737164893852345,9.753237115450527e-05,2.3332367541685446e-11,0.00025765408726985346,7,2
26,47,0.00019620097130244527,9.531614034441847e-05,2.3332367541685446e-11,0.00025767154932811187,7,2
27,47,0.00018890762959400983,9.90782572266484e-05,2.0889730845750618e-12,0.00028869673837079996,7,2
28,46,0.0001921830911007133,9.800003355528646e-05,2.3332367541685446e-11,0.00028869673837079996,7,2
29,48,0.0001849102330389211,0.00010050154733552244,3.150061149137209e-11,0.00028896481012249676,7,2
30,46,0.00016070320556382838,0.00010901504724369759,2.3332367541685446e-11,0.00028871783345349027,7,2
31,42,0.00020453688248201786,9.246539769686062e-05,2.3332367541685446e-11,0.00028871783345349027,7,2
32,46,0.00021396057549226888,0.00010160825624148857,7.997376456377062e-12,0.00028873919832384177,7,2
33,44,0.00022641656236539184,0.00010254368593936908,3.150061149137209e-11,0.00028873919832384177,7,2
34,46,0.00021333353813112057,0.00010116594094308202,7.997376456377062e-12,0.00028905010132884604,7,2
35,47,0.00022968077123220279,9.732921161461283e-05,3.150061149137209e-11,0.00028905010132884604,7,2
36,49,0.00019998627669823773,0.00011017331076615507,7.997376456377062e-12,0.00028905010132884604,7,2
37,45,0.00020398757962965174,0.0001156658339868201,7.997376456377062e-12,0.0003105093423606395,7,2
38,42,0.00022930052470301074,0.00010467314961205348,1.199811996301172e-09,0.0003105093423606395,7,2
39,46,0.0002504743731211213,9.64141267196572e-05,1.862786141557739e-11,0.0003105093423606395,7,2
40,44,0.0001768313900874234,0.00013809592052258787,7.997376456377062e-12,0.0003105093423606395,7,2
41,47,0.0001959741633038908,0.00013627130155288863,1.862786141557739e-11,0.00031073172870657643,7,2
42,43,0.00022858517219653818,0.00011464688353716605,1.774107780521798e-11,0.00031073172870657643,7,2
43,46,0.00023346189704596411,0.0001165254126080857,1.774107780521798e-11,0.00038325607389358136,7,2
44,44,0.00021832597505909462,0.0001233993213736383,2.753300887349519e-12,0.00038325607389358136,7,2
45,46,0.00020460443572089537,0.00013112594801671266,2.753300887349519e-12,0.00038325607389358136,7,2
46,46,0.00022940240384097287,0.0001331438607262346,2.753300887349519e-12,0.00039224920324170174,7,2
47,45,0.00026844895497926837,0.00011822781341220518,7.702869211037092e-12,0.000392498582882605,7,2
48,47,0.0002099669535783112,0.00015455094322901637,2.753300887349519e-12,0.000392498582882605,7,2
49,41,0.0002655709623840541,0.0001653259739165918,2.753300887349519e-12,0.00039346778826908466,7,2
50,41,0.00023414910560950387,0.0001810204683858325,2.5776855239889578e-11,0.00039346778826908466,7,2
51,44,0.0002494009616783109,0.0001638715154193519,2.5153035138570177e-10,0.00039346778826908466,7,2
52,45,0.0002945117209336265,0.00015715295413878765,2.5776855239889578e-11,0.000393532195549629,7,2
53,46,0.0002679752646760553,0.00015028164589830762,3.471082970461836e-09,0.000393532195549629,7,2
54,44,0.0003084764737587053,0.00014022284857647662,2.5776855239889578e-11,0.00039376845423573975,7,2
55,44,0.00026922501547362883,0.00015559254945428984,3.7489902301412e-09,0.00039376845423573975,7,2
56,46,0.00028513229783393135,0.00015082018874920973,2.5776855239889578e-11,0.00041199409738237804,7,2
57,48,0.00026008762473990585,0.0001666684904831858,2.4808517283304987e-09,0.00041199409738237804,7,2
58,43,0.000286011113974578,0.0001461209976973358,2.93381077607467e-09,0.00041205194451230325,7,2
59,44,0.0003129713914765646,0.00014701982137056363,7.98573497802595e-07,0.00041205194451230325,7,2
60,49,0.000279087591274735,0.00016770170698423813,1.936818039285698e-11,0.00041205194451230325,7,2
61,47,0.0002690696955756461,0.00016757104743440548,3.949652629104441e-09,0.00041205194451230325,7,2
62,43,0.00030768113524585225,0.0001435150866161646,4.365169952189608e-09,0.0004127590053070869,7,2
63,48,0.00029901066229972293,0.00016476133434014048,4.126515336818258e-09,0.00041277801947965366,7,2
64,45,0.0003061326316986939,0.00015249648289492032,1.936818039285698e-11,0.00044044905365300525,7,2
65,46,0.00031436046465873317,0.00015842048134386274,1.936818039285698e-11,0.00044044905365300525,7,2
66,45,0.00032834075651161934,0.0001596614383255373,1.936818039285698e-11,0.00044044905365300525,7,2
67,41,0.00030655899881932067,0.00017362134415099372,5.646491295348529e-09,0.00044044905365300525,7,2
68,45,0.000289779333881733,0.000192304054635185,1.5711253420049908e-11,0.00044044905365300525,7,2
69,47,0.00028387272160137014,0.00018160720890085272,5.458375201541598e-09,0.00044044905365300525,7,2
70,45,0.000286806546322641,0.00018588456886951252,5.646419920062454e-09,0.00044044905365300525,7,2
71,43,0.0003179344808614651,0.000182488425239723,1.5711253420049908e-11,0.00044044905365300525,7,2
72,44,0.000297422763953807,0.00018128649400432073,1.5711253420049908e-11,0.00044044905365300525,7,2
73,45,0.0003268478641870992,0.0001720378029865302,1.5711253420049908e-11,0.00044044905365300525,7,2
74,47,0.0002630812324652198,0.00017278486954107344,5.646419920062454e-09,0.00044194416653699903,7,2
75,47,0.0002419670962392013,0.00019087054074307049,5.458375201541598e-09,0.00044194416653699903,7,2
76,46,0.00029326166481186225,0.00018349821488575712,5.560344476742176e-09,0.00044194416653699903,7,2
77,47,0.0003345669129548225,0.0001701965801016845,1.5711253420049908e-11,0.00044194416653699903,7,2
78,46,0.00032269942924488147,0.00017008798740865958,5.600717227749564e-09,0.00044194416653699903,7,2
79,48,0.0002995671838872102,0.00017871136020778191,5.600717227749564e-09,0.00044272304564491727,7,2
80,49,0.0002767104576032111,0.00017612856824736415,1.5711253420049908e-11,0.00044194416653699903,7,2
81,45,0.00034134009971247166,0.00015954141009172365,5.410796098945891e-09,0.00044196329168092927,7,2
82,47,0.0003297877131328625,0.00016338933649031622,5.410796098945891e-09,0.00044220173914683307,7,2
83,47,0.0003171879183447143,0.00017686338992583078,5.6001794777234874e-09,0.0004927980115144198,7,2
84,47,0.0003077592950862331,0.00019695359141243732,1.5711253420049908e-11,0.0004927980115144198,7,2
85,43,0.00034114766238755104,0.00018389240603778297,1.5711253420049908e-11,0.0005066938044137875,7,2
86,48,0.0002706929680136017,0.00019646221065576383,4.809812017533248e-09,0.0005066938044137875,7,2
87,45,0.0003018186393395552,0.00019237134928662926,2.980503066773476e-11,0.0005015584996387469,7,2
88,42,0.0003539229507603686,0.00018172971616066947,2.85172186581055e-12,0.0005015584996387469,7,2
89,47,0.0002881636070842293,0.00021110390832521105,4.785323637737867e-09,0.0005015584996387469,7,2
90,44,0.000300159059390331,0.0002097692503001497,4.609574136218963e-09,0.0005127031143469286,7,2
91,47,0.00031555820016501804,0.00020426795421292967,2.85172186581055e-12,0.0005127031143469286,7,2
92,46,0.00033897084272960785,0.00021509118662693457,3.0732330568099703e-11,0.0005127031143469286,7,2
93,47,0.00030497256958919567,0.00021352694308191892,3.6650644957090824e-09,0.0005127031143469286,7,2
94,47,0.0003627004706022622,0.00019125608512628585,4.641519682794315e-09,0.0005127031143469286,7,2
95,46,0.0003498389265780659,0.00020512686226703994,4.641519682794315e-09,0.0005127031143469286,7,2
96,47,0.00031829202495753503,0.00021264533859493586,4.609574136218963e-09,0.0005127031143469286,7,2
97,44,0.0003236229337253104,0.00022575027711479353,3.0732330568099703e-11,0.0005127031143469286,7,2
98,45,0.0003214747868920051,0.00022199666027797958,3.0732330568099703e-11,0.0005127031143469286,7,2
99,45,0.00037285811330859986,0.00018884626613763006,4.641519682794315e-09,0.0005127031143469286,7,2
100,43,0.00033982436636645856,0.00020623929767644885,3.0732330568099703e-11,0.0005127744009022182,7,2
