gen,nevals,avg,stddev,min,max,run,wlasne_prawd
0,50,0.0,0.0,0.0,0.0,4,2
1,44,1.9479200813300125e-13,4.4632456102096584e-13,0.0,1.2174500508312578e-12,4,2
2,43,6.021634527059459e-11,2.0155831899483337e-10,0.0,7.437258263850433e-10,4,2
3,44,9.321802478484898e-10,3.1589784672422884e-09,0.0,1.8003806724563095e-08,4,2
4,46,4.899709739699741e-09,1.714870590688627e-08,0.0,1.1923438532215915e-07,4,2
5,43,2.8810115580450806e-08,9.665274476971572e-08,0.0,6.254396892284206e-07,4,2
6,42,1.3361586083102065e-06,8.057040614928796e-06,0.0,5.712350079057563e-05,4,2
7,43,4.23797786768051e-06,1.3691253142654096e-05,0.0,5.712350079057563e-05,4,2
8,47,9.100392630797882e-06,1.9067763235398407e-05,0.0,5.712350079057563e-05,4,2
9,46,1.6891131194927726e-05,2.8069144766165772e-05,3.1776437161565095e-18,0.00011652981100665934,4,2
10,46,3.318501578451908e-05,6.525409523599826e-05,0.0,0.00041796709046160006,4,2
11,46,6.132868366235464e-05,9.409802189223006e-05,0.0,0.0004486415570313169,4,2
12,42,7.429808118109075e-05,0.000127015909071073,8.197384011300828e-13,0.0005584115151420528,4,2
13,43,0.00011554772238385865,0.00015071522322853336,8.197384011300828e-13,0.0005803946040442893,4,2
14,48,0.00013591214826954483,0.00017638659734671075,0.0,0.0006066160267586654,4,2
15,46,0.00016865571570615133,0.00018853352636956456,3.552713678800501e-19,0.0006066160267586654,4,2
16,43,0.0002083288476864261,0.0002255701689318675,0.0,0.0006066160267586654,4,2
17,46,0.00025686810284161,0.0002485664397785587,0.0,0.0007785679972836923,4,2
18,46,0.0002931011190208843,0.00026345603870476484,0.0,0.0007785679972836923,4,2
19,46,0.0003099155701836807,0.00029707071593814327,0.0,0.0008578660751393604,4,2
20,46,0.0003687160267742513,0.0003052557879947896,4.166779064867882e-09,0.0008359844585459342,4,2
21,43,0.00042275556377527926,0.00029351658503786067,8.197384011300828e-13,0.0008709813103634531,4,2
22,47,0.00038892269463951,0.0003011625885081806,8.197384011300828e-13,0.0009530516380666297,4,2
23,45,0.00037842422100987135,0.0003087368717922056,8.197384011300828e-13,0.0008732731890525111,4,2
24,41,0.0004627557760408132,0.0002915086004464031,8.197384011300828e-13,0.0008732731890525111,4,2
25,45,0.0004333645667668342,0.0003506117149319329,8.197384011300828e-13,0.0011208444482330182,4,2
26,41,0.0003971050918982722,0.00033588736629861643,8.197384011300828e-13,0.0011208444482330182,4,2
27,45,0.00044546784589295736,0.000314553719881047,1.2174500508312578e-12,0.0008732731890525111,4,2
28,46,0.0005039295977791716,0.00035654600574185264,8.197384011300828e-13,0.0015118011466287906,4,2
29,48,0.0005132448257086099,0.00038454265671497063,8.197384011300828e-13,0.0015118011466287906,4,2
30,44,0.0004394212043007236,0.0003700454224288464,8.197384011300828e-13,0.001242743275382504,4,2
31,44,0.0005347337668502347,0.00042932117390787896,8.197384011300828e-13,0.0015105893903785172,4,2
32,44,0.0006732244184069323,0.0004969969944682054,1.0117652633873243e-08,0.0015838589888185475,4,2
33,48,0.0005847928592204232,0.0005412915544142482,8.197384011300828e-13,0.0015105893903785172,4,2
34,47,0.0006758857058376315,0.0005413110135603131,8.197384011300828e-13,0.0015838589888185475,4,2
35,49,0.0006223113869882738,0.0005995273032603042,8.197384011300828e-13,0.0015838589888185475,4,2
36,45,0.0007210879884043466,0.0005922348175474271,8.197384011300828e-13,0.00160254775999868,4,2
37,44,0.0008236876541422644,0.0006163201348127406,8.197384011300828e-13,0.0017548166560650725,4,2
38,47,0.0007484518916642392,0.0005991987682193553,8.197384011300828e-13,0.0017548166560650725,4,2
39,43,0.0007157229540969358,0.0006517689451398974,8.197384011300828e-13,0.0017548166560650725,4,2
40,44,0.0007461380023060595,0.0006541241929689355,8.197384011300828e-13,0.0017548166560650725,4,2
41,45,0.0008118275287639677,0.0007120624133482332,8.197384011300828e-13,0.0017548166560650725,4,2
42,44,0.0007386953407885073,0.0007288398911876147,8.197384011300828e-13,0.001944362732357271,4,2
43,45,0.0007186665328212841,0.0007142935205637146,8.197384011300828e-13,0.001944362732357271,4,2
44,49,0.0007270300943091214,0.0006913107188259985,8.197384011300828e-13,0.001944362732357271,4,2
45,41,0.0008211325807363284,0.0007070623328429594,8.197384011300828e-13,0.001944362732357271,4,2
46,43,0.0009148759888130501,0.0007879387506882516,8.197384011300828e-13,0.001944362732357271,4,2
47,44,0.0009992905339974334,0.0008449064897260857,8.197384011300828e-13,0.001950614849834515,4,2
48,45,0.0008063391100267118,0.0008362605270155624,8.197384011300828e-13,0.001950614849834515,4,2
49,44,0.0007704888321283152,0.0007906223885523149,8.197384011300828e-13,0.001950614849834515,4,2
50,41,0.0009232413164438552,0.0008436477909321205,8.197384011300828e-13,0.001950614849834515,4,2
51,47,0.0007946839474074106,0.0008056439021877787,8.197384011300828e-13,0.001950614849834515,4,2
52,44,0.0009516464835859774,0.0008345179374873076,8.197384011300828e-13,0.001950614849834515,4,2
53,42,0.0009158150784007353,0.000803004779279666,8.197384011300828e-13,0.002099285772399036,4,2
54,46,0.0008793788734788678,0.0007683701018660881,8.197384011300828e-13,0.002099285772399036,4,2
55,47,0.0008015955748953752,0.0007851662619534381,8.197384011300828e-13,0.002099285772399036,4,2
56,42,0.0010478929544572358,0.0008883740520223341,8.197384011300828e-13,0.0022206929012363466,4,2
57,41,0.0010754525446466658,0.0008622879453692806,8.197384011300828e-13,0.0022206929012363466,4,2
58,50,0.0009119704207528563,0.0008330515875698925,9.913968863957441e-09,0.0022206929012363466,4,2
59,44,0.0010827166209855896,0.0008075506789467973,7.742257625477532e-06,0.0022206929012363466,4,2
60,47,0.0009338513872376287,0.0008354197064702019,8.197384011300828e-13,0.0022206929012363466,4,2
61,47,0.0008937802163590121,0.0007079147249341142,1.138570894931824e-06,0.0022206929012363466,4,2
62,44,0.0009869348727366044,0.0008129703031355149,8.197384011300828e-13,0.0022206929012363466,4,2
63,45,0.0011289187007253684,0.0008649863335057904,5.1900733719780034e-06,0.0022206929012363466,4,2
64,47,0.0011140784117536747,0.0007931103781784754,8.466508564518322e-09,0.0023086742446504598,4,2
65,46,0.0011367384463624162,0.0008941039087912674,1.2174500508312578e-12,0.0023683972532604356,4,2
66,44,0.0012252387129590148,0.0008111747118528034,1.4028161375330773e-07,0.0023086742446504598,4,2
67,47,0.0011119103703162237,0.0008233901067514106,1.2174500508312578e-12,0.0022206929012363466,4,2
68,49,0.001099365942043946,0.000880152798417426,1.2174500508312578e-12,0.0022206929012363466,4,2
69,49,0.0011192026343987448,0.0008279262786656666,6.758865662246323e-06,0.0022206929012363466,4,2
70,46,0.0012119848455895556,0.0008599319633603464,1.730007897146636e-05,0.0022206929012363466,4,2
71,44,0.001533920374945153,0.0008037750529085267,3.0530595780824804e-06,0.0022206929012363466,4,2
72,44,0.0014430832435088103,0.0009079825315545294,9.331345614574067e-06,0.0022725625989237675,4,2
73,44,0.001307247935526426,0.0009196079311570179,3.423488983627273e-06,0.0023074387102430425,4,2
74,47,0.0012317498905497174,0.0009549910995948972,8.219724131679983e-06,0.0023074387102430425,4,2
75,45,0.0013699982741153126,0.0009148985278835927,9.478923120270176e-06,0.0023074387102430425,4,2
76,44,0.0014473642028330418,0.00086056707909766,1.140949005806633e-05,0.002311322080875514,4,2
77,41,0.0013616046374177342,0.0008931327999751071,4.8606381851776065e-08,0.002311322080875514,4,2
78,45,0.0012999058721473583,0.0008694448180057009,1.0609710795236854e-06,0.002311322080875514,4,2
79,45,0.0013866336944939506,0.0008816293992022142,1.0115631048087443e-05,0.002311322080875514,4,2
80,47,0.0014406024141104773,0.0008820782798170622,7.335042209302756e-07,0.002311322080875514,4,2
81,47,0.001525882751215905,0.0007550446923344657,1.0018814036931037e-08,0.002413707508990544,4,2
82,48,0.0012737676708035883,0.0009059793902858547,7.335042209302756e-07,0.002413707508990544,4,2
83,42,0.00135492155840248,0.0010217660681760144,7.335042209302756e-07,0.002413707508990544,4,2
84,45,0.0014581528622911613,0.0009870894255327902,7.335042209302756e-07,0.0031904255882981123,4,2
85,45,0.0014148169497848612,0.001027428200880305,1.0018814036931037e-08,0.0031904255882981123,4,2
86,44,0.0012489532013731438,0.001075893120129888,5.144645538515002e-07,0.0031904255882981123,4,2
87,45,0.0014097381396026298,0.0012484963607519522,5.495123977189153e-07,0.004730569033059795,4,2
88,47,0.001540181370273424,0.0013398419330084232,1.0021636457849571e-08,0.004730569033059795,4,2
89,44,0.0013888036317782182,0.0013702436855851,1.0018814036931037e-08,0.004730569033059795,4,2
90,45,0.0017354651339346573,0.0014863755029561857,3.628402072447534e-07,0.006656528153701842,4,2
91,44,0.0016225794009702892,0.0016943700152640456,8.349208737991873e-07,0.006656528153701842,4,2
92,46,0.0014438453366357861,0.0017188510258662859,4.7234546680351857e-07,0.006656528153701842,4,2
93,45,0.0022543017578037397,0.0018043242825756575,3.673085200722682e-08,0.006656528153701842,4,2
94,45,0.001745724706608051,0.0018791644936867774,6.268658438739328e-08,0.006656528153701842,4,2
95,45,0.0020026228227992817,0.002113389250667786,6.268658438739328e-08,0.006656528153701842,4,2
96,49,0.0020066140377755525,0.0023377166298079025,2.652584506511606e-07,0.006656528153701842,4,2
97,45,0.0026318569512988007,0.002694571155274259,4.6099497605543725e-07,0.006656528153701842,4,2
98,48,0.0017517235447923377,0.002126095809980784,6.268658438739328e-08,0.006656528153701842,4,2
99,44,0.0022904137616053723,0.0023773112842114764,2.652584506511606e-07,0.006656528153701842,4,2
100,44,0.002700633127658642,0.002556697484472797,8.98361189573936e-08,0.006656528153701842,4,2
