gen,nevals,avg,stddev,min,max,run,wlasne_prawd
0,50,0.0,0.0,0.0,0.0,1,2
1,47,1.704430071163761e-13,4.2243937908626784e-13,0.0,1.2174500508312578e-12,1,2
2,44,3.034184963071753e-11,1.4562007086264408e-10,0.0,7.437258263850433e-10,1,2
3,48,1.1332806131358762e-08,7.742286708175071e-08,0.0,5.532710168967087e-07,1,2
4,46,4.652424122117329e-07,3.0984178629070783e-06,0.0,2.2141536947326537e-05,1,2
5,46,1.1717788460752719e-06,7.683231441908389e-06,0.0,5.4939133980434986e-05,1,2
6,42,1.1650584283344643e-05,3.304652102643228e-05,0.0,0.00019037595001150968,1,2
7,47,4.114002177933087e-05,9.35297390533979e-05,0.0,0.0004321398005325733,1,2
8,45,5.480574712891596e-05,8.255952018681141e-05,0.0,0.0004101629230684532,1,2
9,45,0.0001057790038045129,0.00014496172832580522,0.0,0.0007102617775532047,1,2
10,41,0.00015655878955974186,0.00021009323916174386,0.0,0.0009528934788966015,1,2
11,43,0.00020717810058907448,0.00029239044829339076,0.0,0.0011340805908801094,1,2
12,46,0.0003597968479032709,0.0003820863210096496,0.0,0.0013956925449703126,1,2
13,45,0.0005118353876696288,0.0005589068357501825,0.0,0.002426845588075312,1,2
14,44,0.0006743521654386196,0.0006249463247848159,1.2174500508312578e-12,0.002426845588075312,1,2
15,44,0.0007277837587745227,0.0006889466790500795,0.0,0.002426845588075312,1,2
16,43,0.0007206900259897376,0.000737835596027825,0.0,0.002426845588075312,1,2
17,45,0.0007150303762272595,0.0008223171449922142,0.0,0.002426845588075312,1,2
18,43,0.0009922473949774456,0.0008526103027835495,0.0,0.002426845588075312,1,2
19,43,0.0010810893905124457,0.0010174931711832197,0.0,0.002426845588075312,1,2
20,44,0.001381520414054799,0.0010080300162910655,0.0,0.0025318965473443518,1,2
21,43,0.001380898073165821,0.0010312407991897037,0.0,0.002651193199406893,1,2
22,44,0.0014237814334890578,0.001090715185428857,0.0,0.002651193199406893,1,2
23,48,0.0014338115614559316,0.001099238312897469,0.0,0.002651193199406893,1,2
24,44,0.0014372596627947065,0.001171491463363781,0.0,0.002651193199406893,1,2
25,45,0.0013833623495526322,0.0011741940187631069,0.0,0.002651193199406893,1,2
26,46,0.001297248295418402,0.0011496207641868616,0.0,0.002651193199406893,1,2
27,44,0.0013665299796381109,0.0011637414374304179,0.0,0.002651193199406893,1,2
28,44,0.0012839615472108035,0.001178589208463175,0.0,0.002651193199406893,1,2
29,47,0.0013728300962752402,0.00115373997385337,0.0,0.002651193199406893,1,2
30,44,0.00147876136218421,0.0011976734596681978,0.0,0.002651193199406893,1,2
31,45,0.0014749816163835102,0.001183466095967181,0.0,0.002651193199406893,1,2
32,45,0.0013908032854867609,0.0011875661091287546,0.0,0.002651193199406893,1,2
33,48,0.0014233269748501205,0.0011668315286910544,0.0,0.002651193199406893,1,2
34,48,0.0011160795047384705,0.001172082074346942,0.0,0.002651193199406893,1,2
35,45,0.0016618223381690013,0.0011502936812905944,0.0,0.002651193199406893,1,2
36,45,0.0015781637532375939,0.001194244966821024,0.0,0.0026654571318853915,1,2
37,48,0.0014075999462352664,0.001169129970374909,0.0,0.0026654571318853915,1,2
38,41,0.0014395595749410028,0.001199417194943243,0.0,0.0026654571318853915,1,2
39,48,0.0014140394304205596,0.0011552557018655702,0.0,0.0026654571318853915,1,2
40,44,0.0011903718418943467,0.0011316621564147534,0.0,0.002651193199406893,1,2
41,47,0.0015670506970036867,0.0011257316262018927,0.0,0.002651193199406893,1,2
42,44,0.0014701874186084521,0.0011613396023284054,0.0,0.0026770142524024185,1,2
43,41,0.0015599675567609852,0.0012120392569362087,0.0,0.0026770142524024185,1,2
44,46,0.001542162800351294,0.0011898109167365514,0.0,0.0026770142524024185,1,2
45,46,0.0015271118388497614,0.0011821618695235993,0.0,0.0026770142524024185,1,2
46,49,0.0012182994695658107,0.0011894037473522887,0.0,0.0026770142524024185,1,2
47,47,0.0017804757537728544,0.0010745197144281606,0.0,0.0026770142524024185,1,2
48,42,0.00169919626204869,0.001167020749082639,0.0,0.0026770142524024185,1,2
49,43,0.001567264091821491,0.0011483958208352695,0.0,0.0026770142524024185,1,2
50,44,0.0017063355448330255,0.0010792689566610455,0.0,0.0026770142524024185,1,2
51,45,0.0017204619905790777,0.001061320189496368,0.0,0.0026770142524024185,1,2
52,43,0.0015452484676579748,0.0011910638824626822,0.0,0.0026770142524024185,1,2
53,41,0.001598381616013189,0.0011872443243151165,0.0,0.0026770142524024185,1,2
54,40,0.0018018898322175881,0.0010739371373942163,0.0,0.0026770142524024185,1,2
55,44,0.0015024325192311856,0.0011354306114653785,0.0,0.0026770142524024185,1,2
56,47,0.001512423711714654,0.0011483481557201139,0.0,0.0026770142524024185,1,2
57,42,0.001678336879600854,0.0011168496489673534,0.0,0.0026770142524024185,1,2
58,47,0.0012998661919291696,0.0011617801083183411,0.0,0.0026770142524024185,1,2
59,44,0.001611820824101706,0.0011713005433768493,0.0,0.0026770142524024185,1,2
60,47,0.001502429182126966,0.0011491722965818055,0.0,0.0026770142524024185,1,2
61,44,0.001874380399194355,0.001029686361980937,0.0,0.0026770142524024185,1,2
62,44,0.0017416415959523868,0.0010653107253507485,0.0,0.0026770142524024185,1,2
63,46,0.0015555384998477257,0.0012093058671233175,0.0,0.0026770142524024185,1,2
64,42,0.001548135670097922,0.0011626857720444114,0.0,0.0026770142524024185,1,2
65,44,0.001656594301069188,0.001147460144998157,0.0,0.0026770142524024185,1,2
66,46,0.001597362603868348,0.0012152359600046535,0.0,0.0026770142524024185,1,2
67,44,0.0015317924674221927,0.0012248872443007663,0.0,0.0026770142524024185,1,2
68,45,0.001573455837323767,0.0011357973665799598,0.0,0.0026770142524024185,1,2
69,45,0.0015265655103765528,0.0011979404136319412,0.0,0.0026770142524024185,1,2
70,45,0.0013720974374302882,0.001236720504985669,0.0,0.0026770142524024185,1,2
71,46,0.0014139773406670062,0.0012236689348977415,0.0,0.0026770142524024185,1,2
72,48,0.0016535227467541548,0.0011045928007543321,0.0,0.0026770142524024185,1,2
73,43,0.0016781622008714256,0.0011403477333283558,0.0,0.002704169368885001,1,2
74,43,0.0016046418208398507,0.0012007984436966006,0.0,0.002704169368885001,1,2
75,46,0.0016276202132815046,0.001220756216016588,0.0,0.002704169368885001,1,2
76,44,0.0015863207379308636,0.001160941867146636,0.0,0.002704169368885001,1,2
77,45,0.0014868662835768429,0.0011954105754156512,0.0,0.002704169368885001,1,2
78,41,0.0016836471977410999,0.0012206024162773734,0.0,0.002704169368885001,1,2
79,45,0.0012190770797790489,0.0011807105946271222,0.0,0.002704169368885001,1,2
80,44,0.001516819352284541,0.001160214566984861,0.0,0.002704169368885001,1,2
81,47,0.0014869237982492905,0.0011007493508858183,0.0,0.0028504976535438328,1,2
82,47,0.0012555189293129167,0.0011542608276194953,0.0,0.0028504976535438328,1,2
83,46,0.0014559307970831929,0.0010926955041937738,0.0,0.0029222566897678143,1,2
84,45,0.0014979986137934754,0.0012322667052301964,0.0,0.0032053210066565773,1,2
85,47,0.0013752872699291673,0.0012684162177130638,0.0,0.0032053210066565773,1,2
86,44,0.0016270170295873618,0.0012557713437703582,0.0,0.0032661995605746965,1,2
87,48,0.001644198528701549,0.001383906218524728,0.0,0.0032661995605746965,1,2
88,45,0.0019014021346512252,0.0014171608071060547,0.0,0.0032661995605746965,1,2
89,47,0.0014477584266013007,0.0015127190297301635,0.0,0.0032661995605746965,1,2
90,44,0.0016738608047167417,0.001415158307498755,0.0,0.0032661995605746965,1,2
91,47,0.0018096684652606733,0.001518694001612901,0.0,0.0032661995605746965,1,2
92,42,0.001968799792952863,0.001386713458299888,0.0,0.0032661995605746965,1,2
93,44,0.0019344422618284584,0.001446812645082953,0.0,0.0032661995605746965,1,2
94,45,0.0019312215680228721,0.0014252405821365858,0.0,0.0032661995605746965,1,2
95,43,0.002494793815070807,0.001231896943502287,1.8120854376862012e-07,0.0032661995605746965,1,2
96,45,0.00230026847881971,0.0012882576865396761,0.0,0.0032661995605746965,1,2
97,48,0.001714297067826746,0.00143913911624463,0.0,0.0032661995605746965,1,2
98,48,0.00195807630018078,0.0014685049483535073,0.0,0.0032661995605746965,1,2
99,47,0.0018547181846487303,0.0014977282998266072,0.0,0.0032661995605746965,1,2
100,48,0.001755850674700614,0.001339764614581569,0.0,0.0032661995605746965,1,2
