gen,nevals,avg,stddev,min,max,run,wlasne_prawd
0,50,0.0,0.0,0.0,0.0,5,2
1,41,2.434900101662516e-13,4.869800203325032e-13,0.0,1.2174500508312578e-12,5,2
2,43,9.446257869959647e-11,3.0692389547398653e-10,0.0,1.715727874615181e-09,5,2
3,46,7.360748655797191e-10,2.0142054449063773e-09,0.0,1.3724172456133909e-08,5,2
4,44,5.977492731934403e-09,1.869966845232296e-08,0.0,1.256339735189557e-07,5,2
5,43,1.3048237100788918e-08,2.9020852118728034e-08,0.0,1.256339735189557e-07,5,2
6,45,3.407013289549274e-08,6.842427247747082e-08,0.0,4.37650625756453e-07,5,2
7,47,7.10281479069573e-06,4.866885768328232e-05,0.0,0.0003477796398718299,5,2
8,44,2.3869446342601576e-05,9.386116193749822e-05,0.0,0.00046714539249773324,5,2
9,43,2.6918630906380628e-05,0.00011499191862780011,0.0,0.0006782457138692357,5,2
10,36,0.00010056609759461609,0.00021691726785765303,1.2174500508312578e-12,0.0008867779141947215,5,2
11,43,0.00021334606551136445,0.00034930532665902633,1.090812964013787e-09,0.0018293413446125808,5,2
12,40,0.0004705690813147102,0.0005819525674258746,8.199610409966819e-09,0.0022355993931053733,5,2
13,46,0.0005508580412689911,0.0006569338131418815,8.711086593789596e-09,0.0022355993931053733,5,2
14,49,0.0005039477230805617,0.0006321309831434146,1.156165941229829e-09,0.0018509072677203903,5,2
15,46,0.0006035739084791162,0.0007268532499910275,1.0437679226402212e-09,0.002665539106510238,5,2
16,46,0.0006372457008054801,0.0006729245586098016,2.1066081653364786e-07,0.002665539106510238,5,2
17,47,0.00063854446018512,0.0007031400080129824,8.63871015241599e-09,0.002665539106510238,5,2
18,47,0.000822396258531161,0.0008231582848203262,1.0752921302105808e-09,0.003240806300858651,5,2
19,43,0.0008363806288485603,0.0007665381055176924,9.974906683230869e-10,0.0026473331623500665,5,2
20,39,0.0010730185511856438,0.0009302315949917824,1.930682174845068e-08,0.003202587628536324,5,2
21,44,0.0012692763143189393,0.001060859468078202,5.106229064141983e-08,0.003202587628536324,5,2
22,47,0.001243967653787452,0.0011007134857815815,1.2787897581346106e-09,0.004002788725105063,5,2
23,45,0.0013014011989411032,0.0011651219552958586,5.243063529631458e-08,0.00397713152299523,5,2
24,42,0.0014220097810956347,0.0013126009299703125,1.2791620423502258e-09,0.0038409455543017236,5,2
25,42,0.0014808086076058711,0.001491296205500492,4.247788253850197e-09,0.0038409455543017236,5,2
26,42,0.0019415622034197968,0.001452577396922078,1.4550821668296866e-08,0.004110316525973371,5,2
27,43,0.0019943620019884792,0.0015412569460673134,1.4550821668296866e-08,0.004261345222048035,5,2
28,46,0.001806485238373476,0.0016045190141390105,1.7605126028089218e-07,0.004535252696965933,5,2
29,46,0.0014986241140266298,0.0014464127479128783,1.7214533265754773e-07,0.004176385463965526,5,2
30,47,0.0015213105747790168,0.001298271028657771,2.6385044146235265e-07,0.004176385463965526,5,2
31,40,0.0018763945108699646,0.0016522332772459776,8.827089312885268e-09,0.004260584816965552,5,2
32,42,0.0020657424691790734,0.001604291463498269,9.759610054986817e-07,0.004844402305271334,5,2
33,45,0.0017293177160967851,0.0017943684419408485,1.0281648027368079e-09,0.005191944180208592,5,2
34,45,0.0024323719231894685,0.0019147755774302226,1.068907065018818e-06,0.005191944180208592,5,2
35,45,0.002453428798587877,0.0018533410923222426,6.955799002851094e-06,0.005191944180208592,5,2
36,46,0.0026313953482262477,0.0019653724989565093,9.759610054986817e-07,0.005191944180208592,5,2
37,42,0.0027742685711777348,0.0021441798890977624,1.0281648027368079e-09,0.0051519596126196705,5,2
38,45,0.002630399301573139,0.0022330888044016914,1.0281648027368079e-09,0.005219095472824107,5,2
39,47,0.002625913860656087,0.002204531709627891,8.773202464614263e-10,0.00538428917000805,5,2
40,45,0.0027125952963720514,0.002346223825422648,1.6334971313342964e-06,0.00538428917000805,5,2
41,48,0.0026311309535198505,0.002205043045086531,5.194026318587504e-08,0.00538428917000805,5,2
42,44,0.003085686885536821,0.002213983724015377,1.0281648027368079e-09,0.00538428917000805,5,2
43,47,0.003236661105193376,0.0022527214631132162,8.773202464614263e-10,0.00538428917000805,5,2
44,49,0.0033342120436791294,0.0022181123658493933,2.5219387966262293e-06,0.00538428917000805,5,2
45,46,0.0025581809289292744,0.002268444046220533,8.773202464614263e-10,0.00538428917000805,5,2
46,47,0.00332187681471851,0.002118990254597186,5.194026318587504e-08,0.00538428917000805,5,2
47,46,0.0029712218077429546,0.002161307444186234,4.570882019178369e-06,0.00538428917000805,5,2
48,44,0.0033772203658691937,0.002189501705165697,8.773202464614263e-10,0.00538428917000805,5,2
49,45,0.0031283925797034057,0.0023309791505211476,8.773202464614263e-10,0.005394929695967844,5,2
50,47,0.0027286264667093657,0.002249186843538638,8.773202464614263e-10,0.005394929695967844,5,2
51,43,0.002316394869941453,0.0023416250330869945,8.773202464614263e-10,0.005394929695967844,5,2
52,42,0.0032613746177204504,0.002311598841799178,1.0281261322520749e-09,0.005473680480928517,5,2
53,46,0.002527289319686765,0.002114527954464364,1.5890340984945622e-06,0.005473680480928517,5,2
54,47,0.002670107420089494,0.002333510410856144,5.194026318587504e-08,0.005473680480928517,5,2
55,44,0.00295315291601035,0.002323401849091508,8.773202464614263e-10,0.005473680480928517,5,2
56,49,0.0026809471880246036,0.0022946414146403408,1.0724407949982214e-06,0.005473680480928517,5,2
57,45,0.0029584158684175343,0.002247570068963942,1.9122420214904647e-07,0.005473680480928517,5,2
58,47,0.0024857761568396804,0.0022873342401861715,5.194026318587504e-08,0.005631265651132475,5,2
59,47,0.002664721322039751,0.002348644650255523,1.0281648027368079e-09,0.005631265651132475,5,2
60,44,0.002827105969241422,0.0023668095843118763,1.0281648027368079e-09,0.005473680480928517,5,2
61,46,0.0035523962649983616,0.0023297670753292836,1.5890340984945622e-06,0.00554713861146941,5,2
62,41,0.003346834392659033,0.0024139197803946565,2.6681584807163708e-06,0.00554713861146941,5,2
63,49,0.003133792318503611,0.0024543625957173573,1.0724407949982214e-06,0.00554713861146941,5,2
64,43,0.0031871273310414604,0.0024517333272017086,3.206112616554481e-06,0.005599234167770241,5,2
65,42,0.003217771718819548,0.0023652614796363454,1.0281323863871443e-09,0.005599234167770241,5,2
66,49,0.0034134034252834896,0.0024743143718834945,1.9122420214904647e-07,0.005599234167770241,5,2
67,43,0.0036412132140859594,0.0023845827261207834,1.3102046892340273e-06,0.005599234167770241,5,2
68,43,0.003553324493035116,0.002332952325251723,1.8718182823390156e-07,0.005599234167770241,5,2
69,43,0.003206028684341305,0.0025275869021643346,1.1405209336669776e-06,0.005599234167770241,5,2
70,48,0.002834154403351255,0.0024665786565753354,9.399086727169322e-07,0.005601062524826481,5,2
71,44,0.0032662610413311723,0.002586732420373906,1.0281261397108305e-09,0.005601062524826481,5,2
72,41,0.003980026773292545,0.002308303141708888,1.0281609451132061e-09,0.005601062524826481,5,2
73,44,0.0033699350621036674,0.00245743708907324,7.060554128091884e-07,0.005601062524826481,5,2
74,40,0.0035898213796504265,0.002461327818874902,1.899712908702223e-07,0.005601062524826481,5,2
75,47,0.003445765421426611,0.0024327081990614067,1.1749370644004121e-06,0.005601062524826481,5,2
76,46,0.003228504276618856,0.0025215931546346865,1.0281609451132061e-09,0.005601062524826481,5,2
77,45,0.003441704749405141,0.0023832901043048097,1.1749370644004121e-06,0.005601062524826481,5,2
78,46,0.002899017763386203,0.002510971216550637,1.899712908702223e-07,0.005601062524826481,5,2
79,44,0.0032296955511875746,0.0024782923456478975,1.899712908702223e-07,0.005601062524826481,5,2
80,43,0.003525386280831452,0.0025214463082949314,1.899712908702223e-07,0.005601062524826481,5,2
81,44,0.0026929812602285398,0.0024469285646814727,1.0281609451132061e-09,0.005601062524826481,5,2
82,42,0.0030190902384505335,0.0025874493012376506,1.899712908702223e-07,0.005601062524826481,5,2
83,43,0.0031752385374909887,0.00249475698898736,1.1334530372888549e-05,0.005601062524826481,5,2
84,45,0.003515160727679515,0.002384996174169195,1.0281609451132061e-09,0.005601062524826481,5,2
85,46,0.002933272424762847,0.0024031222729463766,1.0281609451132061e-09,0.005601062524826481,5,2
86,45,0.0033851498179921506,0.0025033722428363546,2.7289202503546347e-06,0.005601062524826481,5,2
87,46,0.003598371068482456,0.0024388712984650656,1.899712908702223e-07,0.005601062524826481,5,2
88,39,0.004088127745832541,0.002214077190807997,1.899712908702223e-07,0.005601062524826481,5,2
89,45,0.003355457669613558,0.002383114796384434,1.899712908702223e-07,0.005601062524826481,5,2
90,47,0.0031398826448253495,0.0025249138115349947,1.1749370644004121e-06,0.005601062524826481,5,2
91,47,0.0028404273975749772,0.0023700463546365673,1.0281609451132061e-09,0.005601062524826481,5,2
92,44,0.004186068658551047,0.0021672929187113933,2.3702792736858304e-06,0.005601062524826481,5,2
93,41,0.003203922898331194,0.0025508312567528633,1.0281609451132061e-09,0.005601062524826481,5,2
94,45,0.00408768212011775,0.002257066780894285,1.899712908702223e-07,0.005601062524826481,5,2
95,48,0.0035249866389240755,0.0023725747622466886,1.0281609451132061e-09,0.005601062524826481,5,2
96,46,0.0031809334714636203,0.002449110593245483,1.6927274456036836e-06,0.005601062524826481,5,2
97,47,0.003141325833400545,0.0024030306051958427,1.1749370644004121e-06,0.005601062524826481,5,2
98,45,0.003513159866777378,0.00246277462346916,1.0281609451132061e-09,0.005601062524826481,5,2
99,43,0.003499527271366678,0.0025532015867076457,1.0281609451132061e-09,0.005601062524826481,5,2
100,47,0.0028971873035382283,0.002631880677507315,1.0281609451132061e-09,0.005601062524826481,5,2
