gen,nevals,avg,stddev,min,max,run,wlasne_prawd
0,50,0.0,0.0,0.0,0.0,3,2
1,45,2.1914100914962642e-13,4.677290357004888e-13,0.0,1.2174500508312578e-12,3,2
2,49,1.1233486976734071e-10,3.194885001763299e-10,0.0,1.715727874615181e-09,3,2
3,46,4.161321479207686e-09,1.767231575654748e-08,0.0,1.1148065158299201e-07,3,2
4,42,2.6531129647990084e-07,1.6629607211459753e-06,0.0,1.1879957321989513e-05,3,2
5,45,9.202282768456135e-07,3.3788384048892352e-06,0.0,2.1546906126597295e-05,3,2
6,49,2.9730822142144963e-06,6.7005442128886455e-06,0.0,3.345291208146957e-05,3,2
7,45,5.317450851473387e-06,8.138309054759661e-06,2.51214793389404e-19,3.345291208146957e-05,3,2
8,42,1.3237093366504392e-05,1.2981767122712395e-05,0.0,6.601457516332782e-05,3,2
9,46,1.988766461454472e-05,1.3560711588806075e-05,0.0,4.9695315071220095e-05,3,2
10,47,4.257055480706347e-05,6.879562020449408e-05,0.0,0.0002463600998976196,3,2
11,43,7.056470573798431e-05,9.50936823686124e-05,0.0,0.0002463600998976196,3,2
12,43,9.588604050613467e-05,0.00010311359467798216,0.0,0.0002463600998976196,3,2
13,46,0.00013882273223285248,0.00019307455933077479,0.0,0.0012269108627985278,3,2
14,48,0.00017672031212873703,0.000296600383661816,0.0,0.0012269108627985278,3,2
15,39,0.00037855468743073773,0.00046736678975361985,0.0,0.0012269108627985278,3,2
16,37,0.0006503167141123829,0.000556948896393303,0.0,0.0012269108627985278,3,2
17,46,0.0006783772689218571,0.0005672813687933184,0.0,0.0012269108627985278,3,2
18,48,0.0004292301065030529,0.0005551247487476455,0.0,0.0013165412706761018,3,2
19,45,0.0004792697831429778,0.0005357045312759739,0.0,0.00135072404873846,3,2
20,44,0.0005254714303830346,0.0005741058985238987,0.0,0.0014859352862461135,3,2
21,45,0.0006823625931402705,0.0005487351011707635,0.0,0.00135072404873846,3,2
22,47,0.0006095569436113059,0.0005639362249647142,0.0,0.0014253901259996362,3,2
23,45,0.0006974939545536678,0.0006188391624659217,0.0,0.0016647632672871701,3,2
24,44,0.0008077657672872,0.0006380889117800818,0.0,0.0017595964289878387,3,2
25,43,0.0008706853958233471,0.0006177177016960731,0.0,0.0018764870026472447,3,2
26,43,0.0008889202565328769,0.0006867646890795723,0.0,0.0018764870026472447,3,2
27,44,0.001007462823274915,0.0007696382382873562,0.0,0.0022282914429767086,3,2
28,42,0.0010907144320101913,0.0008325029068228417,0.0,0.0023269130516658802,3,2
29,42,0.0010571970070629103,0.0008844748623085448,0.0,0.0023801603845583054,3,2
30,41,0.0012872569263442,0.0008990466336758755,3.972054645195637e-19,0.0023801603845583054,3,2
31,46,0.0011280333206417155,0.0009841998581219295,0.0,0.0024263488020909423,3,2
32,45,0.0013275292039302672,0.000973125679432718,0.0,0.0026492212770876,3,2
33,42,0.0013729213142335778,0.0010547723623748264,8.71893243606334e-07,0.0027263675599139272,3,2
34,41,0.0015351001571185024,0.0010711627786580721,0.0,0.002831585500104003,3,2
35,45,0.001408984379180666,0.001129052002976812,0.0,0.002938566606265572,3,2
36,45,0.0015016458453821168,0.0011782442208407384,0.0,0.002938566606265572,3,2
37,47,0.0012013173685938047,0.0012315029392890265,0.0,0.002938566606265572,3,2
38,45,0.001447530049392115,0.0011627105073997845,0.0,0.002926326867664144,3,2
39,46,0.0011244579239768446,0.0011807432961958686,0.0,0.0029677293180890986,3,2
40,44,0.0015369958312266797,0.0012053306126754144,0.0,0.0029677293180890986,3,2
41,45,0.001621910653117226,0.0012134958856174312,0.0,0.002926326867664144,3,2
42,45,0.0014774748118147794,0.0012374411381949283,0.0,0.0029578658129330512,3,2
43,43,0.0015055886075651254,0.0012721017324856363,0.0,0.0029843086583958346,3,2
44,47,0.0016570139291560326,0.001202492130042991,0.0,0.0029843086583958346,3,2
45,46,0.0016155026010480928,0.0012216343359113947,0.0,0.0029843086583958346,3,2
46,46,0.0016839422618724414,0.0012951163802247493,2.2469334198890887e-18,0.002944370231508645,3,2
47,49,0.0017860190895699932,0.0012440138788371346,0.0,0.002939967212339141,3,2
48,44,0.0020256244447005517,0.00120897617971712,0.0,0.002939967212339141,3,2
49,45,0.0019133041952577481,0.0012317033013296659,0.0,0.0029502160555277706,3,2
50,46,0.0017099334853731857,0.0013126585097481326,0.0,0.0029502160555277706,3,2
51,46,0.0018553622842291692,0.0011918917980368916,0.0,0.0029502160555277706,3,2
52,43,0.001952385462970454,0.0012655374106147045,2.2469334198890887e-18,0.0029502160555277706,3,2
53,44,0.001928906405216736,0.0012506391086894136,0.0,0.0029502160555277706,3,2
54,48,0.0019339709382018295,0.0012351875012564435,0.0,0.0029502160555277706,3,2
55,48,0.0020436307642465903,0.0011801315148946526,0.0,0.003011004027677057,3,2
56,48,0.0017956994052888402,0.0013066095207040294,0.0,0.003022954494440774,3,2
57,45,0.0013247284597631386,0.0013464889575785335,0.0,0.003025933680672498,3,2
58,43,0.0021216630844892843,0.0012461057736509928,0.0,0.0030520612047097947,3,2
59,45,0.0021037638337010837,0.0012351256075273523,8.079983200235688e-18,0.0033151016197270236,3,2
60,45,0.0018623024925932719,0.0013444562308501402,0.0,0.0033151016197270236,3,2
61,46,0.0019503704796459437,0.0013595921328839727,0.0,0.003527053632579898,3,2
62,46,0.0018791586785997707,0.0013989530928382378,0.0,0.0034062317183062452,3,2
63,47,0.0015427006659043691,0.0014862557291045776,0.0,0.003533797897643205,3,2
64,47,0.001611038796705737,0.0015008754819020112,0.0,0.003462337126605064,3,2
65,46,0.0019060143043389565,0.001494314457608344,0.0,0.0035200676100756575,3,2
66,42,0.002123458984431236,0.0015202344300249567,0.0,0.0035854492630552725,3,2
67,44,0.002167232227209102,0.0015334282043350954,0.0,0.0035854492630552725,3,2
68,44,0.0021807663812692902,0.0014651850906878682,0.0,0.003572202198371162,3,2
69,47,0.0018978167065335234,0.0015299574112177545,0.0,0.003572202198371162,3,2
70,46,0.0017706805452750273,0.0015592118605619446,0.0,0.0036261633326564093,3,2
71,46,0.0020918829235722085,0.0014597574101262933,0.0,0.003580200023577139,3,2
72,48,0.002242695754574978,0.0014724761207917704,0.0,0.003580200023577139,3,2
73,44,0.002148065155672582,0.0014977486278783545,0.0,0.0036011963589961814,3,2
74,46,0.0017245259713505295,0.0015829287134112543,0.0,0.0036011963589961814,3,2
75,46,0.0017338540125389572,0.0016141893788195894,0.0,0.0036011963589961814,3,2
76,43,0.0024890837979118026,0.0014154050469337267,0.0,0.0036011963589961814,3,2
77,45,0.002294004171896226,0.001505148215386935,0.0,0.0036011963589961814,3,2
78,48,0.0021331360205738737,0.001611909511630494,0.0,0.0036011963589961814,3,2
79,46,0.002091207520767263,0.00155736528165334,0.0,0.0036011963589961814,3,2
80,46,0.0022257242777336313,0.0015132992010502457,0.0,0.0036011963589961814,3,2
81,49,0.0021261752119826087,0.0015285235329140796,0.0,0.0036011963589961814,3,2
82,46,0.0023598157359447755,0.0014246493091781985,0.0,0.0036339191742759637,3,2
83,44,0.0022609767496446225,0.001534840648217456,0.0,0.0036084862357143115,3,2
84,48,0.0018404745640201187,0.00160579886969798,0.0,0.003638806495439738,3,2
85,42,0.002359988884538216,0.0014636606719933096,1.0576411317660612e-17,0.003638806495439738,3,2
86,45,0.0019202833725825486,0.0016052719963789066,0.0,0.003638806495439738,3,2
87,48,0.00246485688122238,0.0014654135681977216,0.0,0.003638806495439738,3,2
88,44,0.0021984379246402,0.0016486260589173851,0.0,0.0036616518031913677,3,2
89,46,0.0019307688326887537,0.0016297604248135887,0.0,0.0036616518031913677,3,2
90,47,0.001962449593108337,0.0015071504489404322,0.0,0.0036616518031913677,3,2
91,42,0.0022624661454142465,0.0014921422794461413,0.0,0.0036616518031913677,3,2
92,47,0.0023882259996923796,0.001571867075807639,3.972054645195637e-18,0.00374241632262562,3,2
93,45,0.0018858867666882316,0.001598121902283896,0.0,0.00374241632262562,3,2
94,43,0.0021912826708547217,0.0016702196749769146,0.0,0.00374241632262562,3,2
95,45,0.0021158192007171266,0.0017145098121371554,0.0,0.00374241632262562,3,2
96,43,0.0024515182149208695,0.0016413648295820664,0.0,0.00374241632262562,3,2
97,50,0.0022707384616985444,0.0016493994400740874,0.0,0.00374241632262562,3,2
98,45,0.0021227802663401052,0.0017572968004986042,0.0,0.00374241632262562,3,2
99,45,0.00205144449100585,0.001731441866972523,0.0,0.00374241632262562,3,2
100,47,0.00231622743615253,0.001629274948082515,3.972054645195637e-18,0.00374241632262562,3,2
