gen,nevals,avg,stddev,min,max,run,wlasne_prawd
0,50,0.0,0.0,0.0,0.0,2,2
1,47,2.4349001016625153e-13,4.869800203325031e-13,0.0,1.2174500508312578e-12,2,2
2,42,7.971162246633759e-11,2.9276217297646895e-10,0.0,1.715727874615181e-09,2,2
3,45,5.251327011261607e-10,1.9351446190866705e-09,0.0,1.3748352374274058e-08,2,2
4,47,1.10709310680232e-08,6.818501364905311e-08,0.0,4.876160509639034e-07,2,2
5,47,1.5301386300313638e-07,6.353984454696341e-07,0.0,4.379728444947323e-06,2,2
6,46,1.49724878773479e-06,4.199056513436293e-06,0.0,2.2976213252357604e-05,2,2
7,49,9.546790387754994e-06,3.639896832269154e-05,0.0,0.00025302475173378353,2,2
8,45,2.9234684334969248e-05,7.452267463039268e-05,0.0,0.0005034434403597,2,2
9,46,7.464113363656291e-05,0.0001126786893281754,0.0,0.000566226135442852,2,2
10,46,8.269517368652872e-05,0.00011020493870733364,0.0,0.000566226135442852,2,2
11,47,8.281733478023991e-05,0.0001194182853387531,0.0,0.0004935733467777289,2,2
12,42,0.00012718327007939893,0.0001547715089312665,0.0,0.000529404969387678,2,2
13,45,0.00016931432647160894,0.00019038272659418871,0.0,0.000529404969387678,2,2
14,47,0.00025611778001971997,0.0002325335801667141,4.7729458429486285e-11,0.0007578448813781635,2,2
15,45,0.00024091380828948652,0.00026456407866316383,0.0,0.0007781678570482758,2,2
16,47,0.00029441589516231875,0.0002632240833379828,0.0,0.0008530207569492938,2,2
17,47,0.00019704230767311618,0.0002625335192857481,0.0,0.0008530207569492938,2,2
18,46,0.00026362871293231466,0.00029210350652715214,0.0,0.0007823105851600307,2,2
19,47,0.00041546131791534173,0.000304738908691821,0.0,0.0009429194246476661,2,2
20,46,0.000383862756864576,0.0003620267400586318,0.0,0.0011021825294224683,2,2
21,45,0.00045622742525174893,0.00038257856388861837,0.0,0.0010600885661346984,2,2
22,47,0.0004941625619257653,0.00040844021810672207,0.0,0.0011757816539241265,2,2
23,47,0.000539210819255568,0.0004484307752995704,0.0,0.0012043845966551888,2,2
24,41,0.0006909496852418888,0.0004520109112704864,2.197232063290674e-18,0.0012043845966551888,2,2
25,44,0.0005751565144394853,0.00047598675324524907,0.0,0.0011757816539241265,2,2
26,48,0.000510595051797917,0.00046749265383799494,0.0,0.00128088206953008,2,2
27,45,0.0006983889234628149,0.0004695454930660355,0.0,0.001362465278224913,2,2
28,44,0.0006812389923845874,0.0005065950984667988,0.0,0.001362465278224913,2,2
29,42,0.0006652188200920547,0.000519156416214053,0.0,0.001362465278224913,2,2
30,47,0.0006035164992232216,0.0004795071060355683,0.0,0.00128088206953008,2,2
31,47,0.0006057730169952423,0.0004912188126401796,0.0,0.0012966925120287034,2,2
32,47,0.0006946912128744134,0.0005029259721501834,0.0,0.00128088206953008,2,2
33,44,0.0009548141935666763,0.000476159740119455,5.653728316744217e-18,0.0012966925120287034,2,2
34,45,0.0008633830775201349,0.0005062889763109498,0.0,0.00128088206953008,2,2
35,43,0.0009871814816865756,0.0004755866622450917,0.0,0.0013242419375915082,2,2
36,48,0.0008634486487153894,0.0005352954765337255,0.0,0.0013242419375915082,2,2
37,46,0.0008167037550040387,0.0005211794090636035,3.7641757798640077e-06,0.0013472027900170048,2,2
38,47,0.0007635856926630579,0.0006016409917828886,0.0,0.0013472027900170048,2,2
39,45,0.0007269237098355133,0.0005804622612181051,0.0,0.0013747562350003174,2,2
40,42,0.000847589565280121,0.0005777498737563361,0.0,0.0013747562350003174,2,2
41,46,0.0008197655194470999,0.0005741917454418214,0.0,0.0013747562350003174,2,2
42,42,0.0008284312256420973,0.0006052763194501683,0.0,0.0013747562350003174,2,2
43,45,0.000911798076802486,0.0005964948877084906,0.0,0.0014039565765414052,2,2
44,45,0.000964409805131888,0.0005437709998351259,1.4210854715202004e-18,0.0014039565765414052,2,2
45,48,0.0007001561880557907,0.0006157065172023449,3.370400129833633e-18,0.0014039565765414052,2,2
46,42,0.0007901180724753104,0.000598623428187191,0.0,0.0014039565765414052,2,2
47,47,0.0008645008680236339,0.0005685400177115092,0.0,0.0014039565765414052,2,2
48,46,0.00082462754898813,0.000618157885627124,0.0,0.0014039565765414052,2,2
49,44,0.0007979208227129818,0.000599692768489533,0.0,0.0014039565765414052,2,2
50,46,0.0008248735571010227,0.0006000768436335747,0.0,0.0015012653700949934,2,2
51,48,0.0008144976736024676,0.0006165222278862308,0.0,0.0015012653700949934,2,2
52,44,0.0007339192715172038,0.0006307539621199049,0.0,0.0015012653700949934,2,2
53,47,0.000561738968134576,0.0005743000307102874,0.0,0.0015012653700949934,2,2
54,47,0.0007641319390707607,0.0006263297513653631,0.0,0.0015012653700949934,2,2
55,43,0.0008282347143173902,0.0006313341366785631,0.0,0.0015012653700949934,2,2
56,44,0.0007258167235650276,0.000594416929686561,0.0,0.0015012653700949934,2,2
57,47,0.0007240154592270793,0.000608587775417415,0.0,0.0015012653700949934,2,2
58,49,0.0005890309962977655,0.0006231039705863004,0.0,0.0014049515005260548,2,2
59,45,0.0007957955528913703,0.0006282124340165557,0.0,0.0014049515005260548,2,2
60,44,0.0009190352120237265,0.000607025210398919,0.0,0.0014049515005260548,2,2
61,46,0.0009155894380712931,0.0005953849897998239,1.3145040611561854e-17,0.0014049515005260548,2,2
62,44,0.0008683310980340313,0.0006348298026769744,0.0,0.0014049515005260548,2,2
63,46,0.0008608588156441307,0.0006291113392964507,0.0,0.0014049515005260548,2,2
64,43,0.0009744684763278554,0.0005784445571492474,0.0,0.0014154407211182897,2,2
65,45,0.0009703576948122141,0.0005755910994990478,0.0,0.0014154407211182897,2,2
66,49,0.000798691801892874,0.0006338480311715779,0.0,0.0014154407211182897,2,2
67,46,0.0009074203789907467,0.0006093334244409292,0.0,0.0014154407211182897,2,2
68,48,0.0008982002749485196,0.0006125397760473827,0.0,0.0014154407211182897,2,2
69,47,0.0009393860701391958,0.0006006148404629182,0.0,0.0014154407211182897,2,2
70,47,0.001019972740592879,0.0005684841487132953,0.0,0.0014294815086296824,2,2
71,44,0.0008193024074088677,0.0006345020784191886,0.0,0.0014294815086296824,2,2
72,43,0.0008713078384759089,0.0006325315845105204,0.0,0.0014461864179651394,2,2
73,47,0.0008109935450319959,0.0006080319754200858,0.0,0.0014461864179651394,2,2
74,43,0.0007901842779982476,0.0006308071601192998,1.9095450244990606e-09,0.0014184723935641874,2,2
75,45,0.000897414441379374,0.0006260343315724301,0.0,0.0014468610541625033,2,2
76,45,0.0008976477813287168,0.00061919261455266,0.0,0.0014468610541625033,2,2
77,46,0.0008820119254627866,0.0006172689449624934,0.0,0.0014468610541625033,2,2
78,44,0.0010038859534166967,0.0005919861981421181,0.0,0.0014468610541625033,2,2
79,43,0.0009180533255613177,0.0005836319008021106,0.0,0.0014468610541625033,2,2
80,43,0.0009263661145381635,0.0006365896494574591,0.0,0.0014468610541625033,2,2
81,47,0.0009226605177046221,0.0006118120234343766,6.670666392793881e-06,0.0014468610541625033,2,2
82,49,0.0009659426710851806,0.0005885035492768843,0.0,0.0014468610541625033,2,2
83,47,0.0008355854710300454,0.0006297483890553418,0.0,0.0014468610541625033,2,2
84,41,0.0009444142608356241,0.0005916271925908088,0.0,0.0014468610541625033,2,2
85,46,0.0008726751958219089,0.0006439182738438016,0.0,0.0014468610541625033,2,2
86,40,0.0009955645382565478,0.0005885204502652994,0.0,0.0014468610541625033,2,2
87,44,0.0008795502630758248,0.0006660256455237159,0.0,0.0014468610541625033,2,2
88,44,0.001019784292317826,0.0005675463509361907,0.0,0.0014468610541625033,2,2
89,44,0.0009341439254753935,0.0006096630695637533,0.0,0.0014468610541625033,2,2
90,45,0.0007777872820478425,0.0006795382296659375,0.0,0.0014468610541625033,2,2
91,48,0.0009722121015871669,0.0006345990489895069,0.0,0.0014468610541625033,2,2
92,47,0.0007918790213278783,0.0006422834815822869,0.0,0.0014468610541625033,2,2
93,44,0.001066460700485156,0.0005580476647676844,0.0,0.0014468610541625033,2,2
94,43,0.0011423188033473023,0.0005379366972874333,0.0,0.0014468610541625033,2,2
95,43,0.001018245946556663,0.0005673222913152922,4.022245369982381e-05,0.0014468610541625033,2,2
96,42,0.0009754564743134482,0.0005994033291169795,0.0,0.0014468610541625033,2,2
97,44,0.0010975550368924017,0.0005124039785145611,0.0,0.0014468610541625033,2,2
98,42,0.0010582858139029632,0.0005505875915031042,0.0,0.0014468610541625033,2,2
99,48,0.0008930683185806235,0.0006143767234858216,0.0,0.0014546309031765355,2,2
100,46,0.0010345299523645607,0.0006207919303946774,1.9095450244990606e-09,0.0014546309031765355,2,2
