gen,nevals,avg,stddev,min,max,run,wlasne_prawd
0,50,0.0,0.0,0.0,0.0,10,2
1,47,1.704430071163761e-13,4.224393790862678e-13,0.0,1.2174500508312578e-12,10,2
2,42,7.945125140200241e-11,2.928324442843582e-10,0.0,1.715727874615181e-09,10,2
3,48,4.794697711898989e-10,1.930274486268714e-09,0.0,1.3748352374274058e-08,10,2
4,47,2.5195843130121965e-07,1.6725090921374722e-06,0.0,1.1946802799614458e-05,10,2
5,47,2.5136065539258806e-07,1.5378844350243294e-06,0.0,1.0997458396930054e-05,10,2
6,46,3.3276250249161876e-07,1.7387060774266245e-06,0.0,1.2450333673831007e-05,10,2
7,43,3.883774163115735e-06,1.812833934815907e-05,0.0,0.00012799060979385308,10,2
8,47,3.098264863365046e-05,0.00013393805595082343,0.0,0.0009405039793515265,10,2
9,40,2.4775613960181512e-05,4.853531971340013e-05,0.0,0.00023215102535017483,10,2
10,41,7.638549868729688e-05,0.00011631096737167977,1.2174500508312578e-12,0.0007089929930780637,10,2
11,41,0.0001449477555993904,0.00023582651763146608,0.0,0.0009013869534798285,10,2
12,42,0.0001850152214632408,0.0002521417741571393,0.0,0.0009046220447820552,10,2
13,43,0.00033756527346109997,0.0003546126294054195,0.0,0.0014354998444388943,10,2
14,46,0.00032924420062094886,0.00038869293413091606,0.0,0.0014354998444388943,10,2
15,45,0.00036351215464422833,0.0003911323865889921,0.0,0.0014354998444388943,10,2
16,44,0.00043763165153239,0.00044720074905421766,0.0,0.0014354998444388943,10,2
17,46,0.0005178349164092828,0.00047145409339731316,0.0,0.0014354998444388943,10,2
18,43,0.0005314465308731636,0.0005010603294066353,0.0,0.0014354998444388943,10,2
19,48,0.000540858667114141,0.0005013353915019026,0.0,0.0014354998444388943,10,2
20,46,0.0005656373786690746,0.0005015159640158837,0.0,0.0014354998444388943,10,2
21,46,0.0006153149984577271,0.0004941669215275612,0.0,0.0014354998444388943,10,2
22,45,0.0006706765708122382,0.0004726522686001896,0.0,0.0014354998444388943,10,2
23,40,0.0006866992295653192,0.0004773107913862303,1.5894665419480412e-13,0.0014354998444388943,10,2
24,44,0.0007520856508360489,0.0005304202808902041,0.0,0.0014354998444388943,10,2
25,47,0.0006249430968711293,0.0005615423598645452,0.0,0.0014354998444388943,10,2
26,45,0.0007058438694197027,0.0005419533986417161,0.0,0.0014354998444388943,10,2
27,47,0.0006039136365093928,0.0005948246915485264,0.0,0.0014354998444388943,10,2
28,48,0.0007861473403443561,0.0006147132188861484,0.0,0.0014354998444388943,10,2
29,37,0.0009304907924363757,0.0005572150432634767,0.0,0.0014354998444388943,10,2
30,42,0.0009910131081435649,0.0005755181245126236,0.0,0.0014354998444388943,10,2
31,46,0.0007884154875179781,0.0006240231191817366,0.0,0.0014354998444388943,10,2
32,41,0.0009801037290261998,0.0005861636590181156,0.0,0.0014354998444388943,10,2
33,44,0.0009189342883619943,0.0006095450529647838,0.0,0.0014354998444388943,10,2
34,41,0.0009472440475280067,0.0005926369795317807,1.2174500508312578e-12,0.0014354998444388943,10,2
35,49,0.0006950443825801357,0.0006230263582709185,0.0,0.0014354998444388943,10,2
36,45,0.0008910543643297897,0.0005982882406268873,0.0,0.0014354998444388943,10,2
37,45,0.0009332183995238097,0.0005776711294106036,1.2174500508312578e-12,0.0014354998444388943,10,2
38,44,0.0009285688308577174,0.0005803321828660601,0.0,0.0014354998444388943,10,2
39,42,0.0008870435594176681,0.0006089141178476466,0.0,0.0014354998444388943,10,2
40,47,0.0006530298175859661,0.0006299663553077701,0.0,0.0014354998444388943,10,2
41,46,0.0007450755945179927,0.0005990435553669084,0.0,0.0014354998444388943,10,2
42,48,0.0007891935585373779,0.0005662765281677901,0.0,0.0014354998444388943,10,2
43,46,0.0009361092137404022,0.0005588651225700716,0.0,0.0014354998444388943,10,2
44,44,0.0010261620945222363,0.0005798535784308871,0.0,0.0014354998444388943,10,2
45,42,0.0010328815399136089,0.0005751482847645865,0.0,0.0014354998444388943,10,2
46,47,0.0008975327784282198,0.0006066853629890699,0.0,0.0014354998444388943,10,2
47,48,0.0008462794932876037,0.0006166620831905424,0.0,0.0014354998444388943,10,2
48,46,0.0009115959614420565,0.0006361542820233079,0.0,0.0014354998444388943,10,2
49,45,0.0009138156759130678,0.0005979027622940547,0.0,0.0014354998444388943,10,2
50,48,0.0010053579720513592,0.0005511985834155278,0.0,0.0014354998444388943,10,2
51,45,0.0009324592240301925,0.0005881302201126979,0.0,0.0014354998444388943,10,2
52,44,0.0010177396247649177,0.0005326486127757194,0.0,0.0014354998444388943,10,2
53,46,0.00098615326959138,0.0005740500366387015,0.0,0.0014354998444388943,10,2
54,46,0.001030659443866841,0.0005510717833922769,0.0,0.0014354998444388943,10,2
55,46,0.001003582674647415,0.0005851183961736029,0.0,0.0014354998444388943,10,2
56,45,0.0010807878499914851,0.0005782538754122721,0.0,0.0014354998444388943,10,2
57,42,0.0010071411047533863,0.0005716060388358648,0.0,0.0014354998444388943,10,2
58,44,0.0009029376446670314,0.0006117052962273033,0.0,0.0014354998444388943,10,2
59,43,0.0009404034844003653,0.0006095025101454362,0.0,0.0014354998444388943,10,2
60,44,0.0010355845934052021,0.0005783237777152384,0.0,0.0014354998444388943,10,2
61,43,0.0010040258644356708,0.000598717600499113,0.0,0.0014354998444388943,10,2
62,45,0.0008581831528184633,0.0006290441420073265,0.0,0.0014354998444388943,10,2
63,45,0.0010626159802080404,0.0005218196685040939,0.0,0.0014354998444388943,10,2
64,43,0.001124369619114676,0.0005025241884981926,0.0,0.0014354998444388943,10,2
65,46,0.0009754704017562132,0.0005705044241311992,0.0,0.0014354998444388943,10,2
66,45,0.00091074096526561,0.0006268305924634582,0.0,0.0014354998444388943,10,2
67,45,0.0010145931867868465,0.0005805720686116149,0.0,0.0014354998444388943,10,2
68,48,0.0009845083533952025,0.0005390516332190214,0.0,0.0014354998444388943,10,2
69,45,0.001075392767028986,0.0005388436809994939,2.268743237319904e-06,0.0014354998444388943,10,2
70,46,0.0009411771512605144,0.0006024242594416172,0.0,0.0014354998444388943,10,2
71,46,0.0009407421615880178,0.0006141792787687329,0.0,0.0014354998444388943,10,2
72,45,0.0008654833063795033,0.000631639359034055,0.0,0.0014354998444388943,10,2
73,44,0.0010884257301869954,0.0005456697074547223,0.0,0.0014354998444388943,10,2
74,49,0.0009218446579551283,0.0006090643041237725,0.0,0.0014354998444388943,10,2
75,46,0.000836278153368582,0.0006586493173566794,0.0,0.0014354998444388943,10,2
76,48,0.0008491606997484871,0.0006406229180860848,1.2174500508312578e-12,0.0014354998444388943,10,2
77,43,0.0009194524959603972,0.0006188313787022919,0.0,0.0014354998444388943,10,2
78,45,0.0009732579453497139,0.0006223729881010527,0.0,0.0014354998444388943,10,2
79,42,0.0009213271493033303,0.0006363218272168382,0.0,0.0014354998444388943,10,2
80,44,0.0008923700878157663,0.0006292601028096962,0.0,0.0014354998444388943,10,2
81,42,0.0010306432448790215,0.0005261945803510504,0.0,0.0014354998444388943,10,2
82,45,0.0008214053174861601,0.0006198695929921084,0.0,0.0014354998444388943,10,2
83,42,0.0009594842801091255,0.0005977009357531095,0.0,0.0014354998444388943,10,2
84,44,0.0010239074778113286,0.0005955500326021478,0.0,0.0014354998444388943,10,2
85,43,0.0008993446547017336,0.0006459440189795814,0.0,0.0014354998444388943,10,2
86,47,0.0009328726706637714,0.0006414214893040713,0.0,0.0014354998444388943,10,2
87,44,0.0010792154942991417,0.0005405703642117787,0.0,0.0014354998444388943,10,2
88,45,0.0008644786145207817,0.0006139458538609005,0.0,0.0014354998444388943,10,2
89,48,0.0009476039130452974,0.0006155008966542274,0.0,0.0014354998444388943,10,2
90,44,0.0009726867373085243,0.00064137935912985,0.0,0.0014354998444388943,10,2
91,46,0.000796965970385231,0.0006362386798456569,0.0,0.0014354998444388943,10,2
92,44,0.0009703688520140605,0.0006341082879276947,1.2174500508312578e-12,0.0014354998444388943,10,2
93,45,0.0009560702971639957,0.0006124339982943118,0.0,0.0014354998444388943,10,2
94,43,0.001043444012228844,0.0005684680743873155,0.0,0.0014354998444388943,10,2
95,47,0.0009358400275734435,0.0006043088316180007,0.0,0.0014354998444388943,10,2
96,42,0.0010322077015609847,0.0005830316804887259,0.0,0.0014354998444388943,10,2
97,48,0.0010543050421238278,0.0005583421788537603,0.0,0.0014354998444388943,10,2
98,49,0.0010760707166099183,0.0005556073732347204,0.0,0.0014354998444388943,10,2
99,47,0.0008712140643316403,0.0006474511973457404,0.0,0.0014354998444388943,10,2
100,39,0.0010418302840872848,0.0006019605188573873,0.0,0.0014354998444388943,10,2
