gen,nevals,avg,stddev,min,max,run,wlasne_prawd
0,50,0.0,0.0,0.0,0.0,8,2
1,45,1.704430071163761e-13,4.224393790862678e-13,0.0,1.2174500508312578e-12,8,2
2,44,9.745094007807977e-11,3.068107194915454e-10,0.0,1.715727874615181e-09,8,2
3,42,6.1159241874864404e-09,2.3064574475278215e-08,0.0,1.4336062968782012e-07,8,2
4,48,2.4025888373056246e-07,1.3249954076254457e-06,0.0,9.365921285716024e-06,8,2
5,44,5.3915155777867674e-06,3.1522022174811365e-05,0.0,0.00022475991830538637,8,2
6,44,8.029969254897325e-06,3.1810431144909815e-05,0.0,0.00022475991830538637,8,2
7,45,4.0783133033967434e-05,9.680122342811955e-05,0.0,0.0005515023755899034,8,2
8,44,5.348171143931979e-05,9.447487224210991e-05,0.0,0.00046899244015609993,8,2
9,41,0.00011838722633547887,0.00016804028238913348,0.0,0.0007836731371666824,8,2
10,41,0.00015155005013753916,0.00019191477348299264,0.0,0.0008591500785049735,8,2
11,47,0.00016183934614980087,0.00020761350445643435,0.0,0.000622931231673268,8,2
12,42,0.00024582860974679376,0.0002467687900454837,0.0,0.0006322389828158085,8,2
13,45,0.00022752628080202012,0.00025981211407392636,0.0,0.0006322389828158085,8,2
14,47,0.0002299125714573978,0.00026400978510850935,0.0,0.0007239241110398006,8,2
15,47,0.00028352121772214306,0.00031669097082050255,0.0,0.001522186293509166,8,2
16,48,0.00034219081294163916,0.00026340108479547465,0.0,0.0010535029869146013,8,2
17,43,0.0004226049442725327,0.0003403913898175587,0.0,0.0018433813856075791,8,2
18,45,0.0004164249109824855,0.00041129127980207223,0.0,0.0018433813856075791,8,2
19,43,0.0004427617916871076,0.0004552582064138336,0.0,0.0016717053401499318,8,2
20,43,0.0003970819007900723,0.0004556213894678238,0.0,0.0016717053401499318,8,2
21,45,0.0005857371721007942,0.000532661970350615,0.0,0.002077305322902709,8,2
22,47,0.0008745500367707079,0.0007254992960851518,0.0,0.0025642996209506537,8,2
23,46,0.0009784930381236119,0.0007127124800455472,0.0,0.002598613568895361,8,2
24,48,0.0009408581580062442,0.0008649128854837404,0.0,0.002598613568895361,8,2
25,45,0.0010693652408646354,0.0009345856117492092,0.0,0.002598613568895361,8,2
26,43,0.0013596213643328862,0.0010219112237149623,0.0,0.00261317785070494,8,2
27,46,0.0012549464623431794,0.0009380976986434143,0.0,0.0026214789479668903,8,2
28,48,0.0011175538023237988,0.0010263283230562143,0.0,0.0027359786694677816,8,2
29,47,0.0012411248580507057,0.0010670664127364537,0.0,0.0027559470568956444,8,2
30,46,0.0011558943720969116,0.0010921647725190109,0.0,0.0027559470568956444,8,2
31,49,0.0012062728759545558,0.0011314021445848021,0.0,0.0028262201836912588,8,2
32,43,0.0014494060815961134,0.0010856595501012045,3.458770010293105e-08,0.002833094859231299,8,2
33,46,0.0012755843416295337,0.0011144111783730954,0.0,0.002833094859231299,8,2
34,44,0.0013901765915400035,0.0010677614635225684,0.0,0.002833094859231299,8,2
35,42,0.0017028705524713091,0.00114396800296409,0.0,0.002833094859231299,8,2
36,47,0.0014631244683556022,0.0010653188827906457,0.0,0.002846290955748229,8,2
37,40,0.0018453792989227133,0.0011113328230674777,0.0,0.002944033970068436,8,2
38,43,0.0014086279979803383,0.0012029494908240425,0.0,0.002944033970068436,8,2
39,44,0.0012468038005757816,0.0010569100340061472,0.0,0.002944033970068436,8,2
40,45,0.0010745127145444717,0.001081164714993933,0.0,0.0029523119843161685,8,2
41,46,0.0012017261090925592,0.0010342915636538054,0.0,0.002961852406784292,8,2
42,44,0.0014244900577925106,0.001131333780876113,0.0,0.002961852406784292,8,2
43,41,0.0014624081819597382,0.0011161240846064352,0.0,0.002961852406784292,8,2
44,42,0.0015618926114189244,0.0011697748933431193,0.0,0.002961852406784292,8,2
45,48,0.0015704635266665752,0.0011576901114458906,0.0,0.0030231053696613617,8,2
46,44,0.0014390165580176223,0.0012383061158575176,0.0,0.0030231053696613617,8,2
47,48,0.0013728293892319176,0.0011857529538102784,4.904044166706285e-08,0.0030231053696613617,8,2
48,44,0.0011863567212864474,0.0011528941359253832,0.0,0.003243114821649007,8,2
49,45,0.001483836166139779,0.0012634347405166735,0.0,0.003374981304681763,8,2
50,45,0.0016100411837712213,0.001238290193907374,0.0,0.003374981304681763,8,2
51,47,0.0013413930473950288,0.0011954044942275711,0.0,0.003316605779772518,8,2
52,45,0.0012544646701791082,0.001245699737806622,0.0,0.003316605779772518,8,2
53,45,0.0015081434098170934,0.001298839614240934,0.0,0.003457171384113655,8,2
54,43,0.0015835955634357845,0.0012969350845838494,0.0,0.003457171384113655,8,2
55,43,0.001370321406957469,0.0013310839117599183,0.0,0.003457171384113655,8,2
56,44,0.0016458247624317381,0.0013163390870438144,0.0,0.003316605779772518,8,2
57,43,0.0014144223803825668,0.0013132476117597516,0.0,0.003316605779772518,8,2
58,43,0.0014575730972322658,0.0013837560214910616,0.0,0.0033787155697548757,8,2
59,44,0.0014850797808032775,0.0013117048657513154,0.0,0.003432473318029416,8,2
60,45,0.0021467729121035927,0.0012917224204439144,0.0,0.0035395874674506453,8,2
61,43,0.0019079119107950975,0.0014768568085934315,0.0,0.0036155232707511266,8,2
62,45,0.0014684445280671238,0.0014402748151892803,0.0,0.0037590485356690565,8,2
63,41,0.0020856043068999157,0.001492077294981662,0.0,0.0037590485356690565,8,2
64,44,0.0015975299517762543,0.00153173268780673,0.0,0.0037590485356690565,8,2
65,43,0.0019405766225686792,0.0015487566477369662,0.0,0.0037590485356690565,8,2
66,42,0.0019610815522287032,0.0015774078622060768,0.0,0.0037590485356690565,8,2
67,45,0.00118105437386387,0.0014145660908770766,0.0,0.0037590485356690565,8,2
68,47,0.0014930673904445934,0.0014209114989960192,0.0,0.0037590485356690565,8,2
69,46,0.0014870503246443357,0.0014887327754996742,0.0,0.0037590485356690565,8,2
70,44,0.0012119716514086452,0.0013730972001253954,0.0,0.0037590485356690565,8,2
71,38,0.0017603099682618484,0.001510870678457976,0.0,0.0037590485356690565,8,2
72,45,0.0016870042514396826,0.001516378635527752,0.0,0.0037590485356690565,8,2
73,49,0.0014982049033176934,0.001435228988195573,0.0,0.0037590485356690565,8,2
74,43,0.0017662135161972505,0.0015586370605309282,0.0,0.0037590485356690565,8,2
75,47,0.001777274468600207,0.0015504886400646964,0.0,0.0037590485356690565,8,2
76,46,0.001842232451292714,0.001557232215544794,0.0,0.0037590485356690565,8,2
77,44,0.002018411723106087,0.0015420720682989976,0.0,0.0037590485356690565,8,2
78,46,0.0022903568740308246,0.0015056917652892488,0.0,0.0037590485356690565,8,2
79,44,0.0021268456639809267,0.0016493896313239298,0.0,0.0037590485356690565,8,2
80,45,0.00202300618592722,0.0015472492473722057,0.0,0.0037590485356690565,8,2
81,46,0.0022077348275914214,0.0015780524003792056,0.0,0.0037590485356690565,8,2
82,46,0.0019500070181526826,0.0016453323896968232,0.0,0.0037590485356690565,8,2
83,45,0.0019977603671203163,0.0015651055395371277,0.0,0.0037590485356690565,8,2
84,47,0.001671478876568872,0.0016216336956727817,0.0,0.0037590485356690565,8,2
85,46,0.0017503656293196852,0.0016376061954074476,0.0,0.0037590485356690565,8,2
86,46,0.0025583831757837435,0.0015441289301200674,8.666465767377837e-07,0.0037590485356690565,8,2
87,46,0.0025512485750369095,0.0015553082765570286,0.0,0.0037590485356690565,8,2
88,43,0.002412596817868941,0.0016129801144216084,0.0,0.0037590485356690565,8,2
89,45,0.001889656588599721,0.001710067726508931,0.0,0.0037590485356690565,8,2
90,46,0.002277202155866159,0.001644917340294579,0.0,0.0037590485356690565,8,2
91,43,0.0022479118382253594,0.0016653768102151284,0.0,0.0037590485356690565,8,2
92,48,0.002024705348964305,0.0016736035721392607,0.0,0.0037590485356690565,8,2
93,47,0.001976462484340693,0.0015597972718261969,0.0,0.0037590485356690565,8,2
94,46,0.0021502587349683066,0.0016540011348689786,0.0,0.0037590485356690565,8,2
95,43,0.0021864330087626106,0.0016695455710571217,0.0,0.0037590485356690565,8,2
96,43,0.002128810912522787,0.0016627307945060355,0.0,0.0037590485356690565,8,2
97,42,0.0024615609203746743,0.0016610370414730283,0.0,0.0037590485356690565,8,2
98,43,0.0020558714055125917,0.001786411696541315,0.0,0.0037590485356690565,8,2
99,47,0.0019445697490884713,0.0016936295906842121,0.0,0.0037590485356690565,8,2
100,47,0.001934933047402017,0.0016067605234055852,0.0,0.0037590485356690565,8,2
