gen,nevals,avg,stddev,min,max,run,wlasne_prawd
0,50,0.0,0.0,0.0,0.0,9,2
1,43,1.4609400609975093e-13,3.956244387471656e-13,0.0,1.2174500508312578e-12,9,2
2,47,2.488298728995894e-11,1.0934702643322411e-10,0.0,7.437258263850433e-10,9,2
3,45,4.978448889497285e-09,1.4680957702649333e-08,0.0,5.721213887635554e-08,9,2
4,44,4.404135087425253e-07,2.010869125182311e-06,0.0,1.0250285304258608e-05,9,2
5,44,4.647556459257325e-06,1.808451234066312e-05,0.0,0.0001165957450008166,9,2
6,46,1.1396347080821863e-05,2.4872999011248846e-05,0.0,0.0001165957450008166,9,2
7,43,3.53363690788024e-05,5.741402566971275e-05,0.0,0.0002858931615548768,9,2
8,46,4.814264590649572e-05,6.185873498757342e-05,0.0,0.0002858931615548768,9,2
9,46,6.123875511096764e-05,7.14439021406851e-05,0.0,0.0002858931615548768,9,2
10,44,9.796254533008199e-05,9.262080585919707e-05,0.0,0.00040904407425657643,9,2
11,47,0.00011981693000133243,0.0001260331137885869,0.0,0.0004661496111440402,9,2
12,46,0.0001774177439412257,0.0001700726532855206,0.0,0.0005903037535308569,9,2
13,41,0.00026505652238670204,0.00020980658204359658,0.0,0.0005903037535308569,9,2
14,42,0.00033535077721347386,0.0002376519680673812,0.0,0.0006107161052766626,9,2
15,44,0.0003896028540227982,0.00024294576343710585,0.0,0.0006667858711772631,9,2
16,46,0.00038443891117395196,0.0002650147362923561,0.0,0.0006667858711772631,9,2
17,45,0.00048449367501967553,0.00026011038563966314,0.0,0.0011160788400196046,9,2
18,43,0.0003791663940170754,0.00030408320022147126,0.0,0.0011160788400196046,9,2
19,44,0.0003723701343922078,0.0003237764238198119,0.0,0.0011160788400196046,9,2
20,47,0.0003898630920946043,0.0003470915702313627,0.0,0.0011160788400196046,9,2
21,46,0.00032705657603005514,0.00035397716355389157,0.0,0.0011160788400196046,9,2
22,44,0.000421465153093939,0.000392640983598704,0.0,0.0011160788400196046,9,2
23,47,0.000557105759267935,0.0004907922973735668,0.0,0.0011160788400196046,9,2
24,43,0.0004908202898566175,0.0004768993746692379,0.0,0.0011724181253868016,9,2
25,46,0.0005454615955146603,0.0004941007768594572,0.0,0.0011160788400196046,9,2
26,46,0.00046436835647647485,0.00047693982266942624,0.0,0.0011160788400196046,9,2
27,43,0.00047713796393952573,0.0004934918364619981,0.0,0.0011160788400196046,9,2
28,46,0.0005781780402797515,0.0004952981172855393,0.0,0.0011160788400196046,9,2
29,46,0.000588596016835849,0.0005091806617834928,0.0,0.0013759979658176833,9,2
30,46,0.0007253873643164487,0.0005199318368290013,0.0,0.0013759979658176833,9,2
31,45,0.0006848133938289358,0.0005370492749139274,0.0,0.0013759979658176833,9,2
32,49,0.000465054347357578,0.0005292730973877011,0.0,0.0013759979658176833,9,2
33,45,0.0005649431970871584,0.0005043680196356737,0.0,0.0013759979658176833,9,2
34,46,0.0004696208683567036,0.0005210313705171293,0.0,0.0013759979658176833,9,2
35,45,0.0005114159605719605,0.0005672638311291165,0.0,0.0013759979658176833,9,2
36,48,0.0005612929812423659,0.0005486844162562803,0.0,0.0013759979658176833,9,2
37,45,0.0005763256925238663,0.0006075933803602906,0.0,0.0013759979658176833,9,2
38,48,0.000726131269454928,0.0006327157027595865,0.0,0.0013759979658176833,9,2
39,41,0.0009501794914064862,0.0005732267357193735,0.0,0.0013759979658176833,9,2
40,46,0.000679725392185562,0.0006427148684589243,0.0,0.0013759979658176833,9,2
41,45,0.0007103915292626127,0.000628777659248889,0.0,0.0013759979658176833,9,2
42,42,0.0008762772088349446,0.0005994439650785345,0.0,0.0013759979658176833,9,2
43,46,0.000748625776973905,0.000626223926422457,0.0,0.0013759979658176833,9,2
44,44,0.0007432922763533341,0.0006492883675787602,0.0,0.0013759979658176833,9,2
45,44,0.0007877789392419837,0.0006039669955153535,0.0,0.0013759979658176833,9,2
46,42,0.0008609308027790793,0.0005898470982537399,0.0,0.0013759979658176833,9,2
47,44,0.0008555850235498991,0.0006190997510102447,0.0,0.0013759979658176833,9,2
48,47,0.0009295055217287579,0.0006092478785663704,0.0,0.0013759979658176833,9,2
49,44,0.0008299042968596794,0.0006397096715200941,0.0,0.0013759979658176833,9,2
50,42,0.000898694772845693,0.0005850301035209727,0.0,0.0013759979658176833,9,2
51,47,0.000636808771098687,0.0006338135842132882,0.0,0.0013759979658176833,9,2
52,49,0.0008016181105087907,0.0006076353987634804,0.0,0.0013759979658176833,9,2
53,46,0.0007796926817186666,0.0006237608211709619,0.0,0.0013759979658176833,9,2
54,44,0.0006830597413433675,0.0006406790361601332,0.0,0.0013759979658176833,9,2
55,46,0.0007193919871611562,0.0006127089044383183,0.0,0.0013759979658176833,9,2
56,46,0.0006027692132140681,0.0006213531802619896,0.0,0.0013759979658176833,9,2
57,44,0.0007995717298750716,0.0006088881550821366,2.360148660771063e-06,0.0013759979658176833,9,2
58,46,0.0006179731187409498,0.0006272134744942067,0.0,0.0013759979658176833,9,2
59,45,0.0008488754399893296,0.0006028183144557559,0.0,0.0013759979658176833,9,2
60,45,0.0007293171559349176,0.0006224563970585384,0.0,0.0013759979658176833,9,2
61,43,0.0008102041357118374,0.000602504251511337,0.0,0.0013759979658176833,9,2
62,48,0.0007914784067451571,0.0006254788508051584,0.0,0.0013759979658176833,9,2
63,46,0.0006921817552693228,0.0006250181358769494,0.0,0.0013759979658176833,9,2
64,44,0.0008526043371766906,0.0006071654044908241,0.0,0.0013759979658176833,9,2
65,47,0.0008575989466907343,0.0006355877314749173,0.0,0.0013759979658176833,9,2
66,49,0.0007165659763248647,0.0006443318150438208,0.0,0.0013759979658176833,9,2
67,42,0.0007060597959415791,0.0006305405367212776,0.0,0.0013759979658176833,9,2
68,46,0.0007817886513046079,0.0006387300913362656,0.0,0.0013759979658176833,9,2
69,46,0.0007007366493784643,0.000659279161555614,0.0,0.0013759979658176833,9,2
70,44,0.0007199000242373155,0.0006504529158332696,0.0,0.0013759979658176833,9,2
71,48,0.0008047091737614632,0.000631521302271562,0.0,0.0013759979658176833,9,2
72,46,0.0007681561394405291,0.0006274924181187423,0.0,0.0013759979658176833,9,2
73,45,0.0007664942659779749,0.0006181874122283834,0.0,0.0013759979658176833,9,2
74,48,0.0007107459299652067,0.0006026329763431536,0.0,0.0013759979658176833,9,2
75,46,0.0008017173783010611,0.0006324774626969173,0.0,0.0013759979658176833,9,2
76,48,0.0008711601353896149,0.0006301964001325825,0.0,0.0013759979658176833,9,2
77,48,0.0007644831625870593,0.000649116120307851,0.0,0.0013759979658176833,9,2
78,48,0.000928860484130867,0.0005894972860955573,0.0,0.0013759979658176833,9,2
79,48,0.0009452305750472219,0.0005760707346246785,0.0,0.0013759979658176833,9,2
80,44,0.0008872080725367917,0.0006082357174208654,0.0,0.0013759979658176833,9,2
81,45,0.0008312275615755151,0.0006256798788086831,0.0,0.0013759979658176833,9,2
82,48,0.0008574751097222747,0.0006044170444099099,0.0,0.0013759979658176833,9,2
83,45,0.000770790849050935,0.0006490987553644358,0.0,0.0013759979658176833,9,2
84,41,0.0008322063079455785,0.0006472496178482924,0.0,0.0013759979658176833,9,2
85,44,0.0009243339548186004,0.0006155776820020869,0.0,0.0013759979658176833,9,2
86,45,0.0008753465405230768,0.0006155639605987192,0.0,0.0013759979658176833,9,2
87,46,0.0007528370915957348,0.0006415192840371196,0.0,0.0013759979658176833,9,2
88,45,0.0008333430566650644,0.0006283518194397979,0.0,0.0013759979658176833,9,2
89,45,0.0007815127107661004,0.0006322786851527719,0.0,0.0013759979658176833,9,2
90,48,0.0008820886753641765,0.0006241247983178708,0.0,0.0013759979658176833,9,2
91,45,0.0006708999994731227,0.0006382292620699749,0.0,0.0013759979658176833,9,2
92,40,0.0009773458366275306,0.0006031677126422276,0.0,0.0013759979658176833,9,2
93,45,0.0008421851774448424,0.0006455985737508172,0.0,0.0013759979658176833,9,2
94,49,0.0008208153615167215,0.0006157825038717164,0.0,0.0013759979658176833,9,2
95,41,0.0009396537214748902,0.0005966589676538257,0.0,0.0013759979658176833,9,2
96,47,0.0008436913196556464,0.000625956747679918,0.0,0.0013759979658176833,9,2
97,46,0.0009005825461166578,0.0006014787908476464,0.0,0.0013759979658176833,9,2
98,42,0.0008879136570388122,0.0006071341948472448,0.0,0.0013759979658176833,9,2
99,44,0.0009468463867198358,0.000591580807735028,0.0,0.0013759979658176833,9,2
100,44,0.0009457131652728587,0.0006002090392088235,0.0,0.0013759979658176833,9,2
