gen,nevals,avg,stddev,min,max,run,wlasne_prawd
0,50,0.0,0.0,0.0,0.0,6,2
1,45,1.9479200813300125e-13,4.4632456102096584e-13,0.0,1.2174500508312578e-12,6,2
2,44,5.607790054870832e-11,2.6038821095032873e-10,0.0,1.715727874615181e-09,6,2
3,45,2.684993660893292e-09,9.307648141890807e-09,0.0,5.587096148307641e-08,6,2
4,43,1.0069952022249218e-08,2.075880280942411e-08,0.0,1.1616626819181147e-07,6,2
5,45,1.1751067910675278e-07,2.419013488768628e-07,0.0,1.3501871974656312e-06,6,2
6,45,4.238297325749712e-07,1.2843120092646643e-06,0.0,9.04612726366341e-06,6,2
7,46,2.8624804385098377e-06,1.1772936008907992e-05,0.0,8.031715232487279e-05,6,2
8,45,1.2273523143245643e-05,2.5961012076440658e-05,0.0,9.983561013807726e-05,6,2
9,44,5.3167347255638416e-05,0.00016836536627143524,0.0,0.0011387728087059515,6,2
10,41,0.0001663463945604379,0.00034330200033227373,0.0,0.0011387728087059515,6,2
11,47,0.00016536108629625561,0.00031076510075449764,0.0,0.0013137506553320664,6,2
12,46,0.0003243375182247562,0.0004615294797121664,0.0,0.0013137506553320664,6,2
13,46,0.00047735670110254377,0.0005112521932479435,0.0,0.0013137506553320664,6,2
14,44,0.0005085042084868225,0.0005502894646769588,0.0,0.0013137506553320664,6,2
15,45,0.0005965379625621521,0.0005824569750334206,0.0,0.0013137506553320664,6,2
16,44,0.0005541302188655225,0.0005956447401851093,0.0,0.0013137506553320664,6,2
17,45,0.0005634800201897961,0.0006099909855016276,0.0,0.0013137506553320664,6,2
18,44,0.00045824937797242434,0.0005837576145748385,0.0,0.0013137506553320664,6,2
19,46,0.0006507600976625679,0.0006151601486286184,0.0,0.0013137506553320664,6,2
20,46,0.0007160901934100206,0.0006238508176234116,0.0,0.0013137506553320664,6,2
21,46,0.0005516598901063389,0.0006229366346507738,0.0,0.0013137506553320664,6,2
22,43,0.0006928800038460231,0.0006210640280590198,0.0,0.0013137506553320664,6,2
23,46,0.0006279648167917971,0.0006348043171885197,0.0,0.0013137506553320664,6,2
24,44,0.0006336364399579629,0.0006223332693367744,0.0,0.0013137506553320664,6,2
25,48,0.0006831213447195084,0.000616577959112873,0.0,0.0013137506553320664,6,2
26,43,0.0006820600205654339,0.0006357471179466534,0.0,0.0013137506553320664,6,2
27,46,0.0006346736529052887,0.0006314660571653014,0.0,0.0013137506553320664,6,2
28,48,0.0006903935457935873,0.0006259849503897595,0.0,0.0013137506553320664,6,2
29,47,0.0008021736398649784,0.0006153140325825854,0.0,0.0013137506553320664,6,2
30,43,0.0008445307912075667,0.0006026830448336307,0.0,0.0013137506553320664,6,2
31,43,0.0008412178911448888,0.0006090555726407585,0.0,0.0013137506553320664,6,2
32,47,0.00069249975108384,0.0006364573835994625,0.0,0.0013137506553320664,6,2
33,46,0.0007309354270080697,0.0006112178919999517,0.0,0.0013137506553320664,6,2
34,45,0.0008922288866063879,0.0005754465226627491,0.0,0.0013137506553320664,6,2
35,45,0.0007162094579100738,0.0006483944236494614,0.0,0.0013137506553320664,6,2
36,46,0.0007113227337593057,0.0006237359197079213,0.0,0.0013137506553320664,6,2
37,48,0.0007033481768987558,0.0006305065899866544,0.0,0.0013137506553320664,6,2
38,45,0.000785862516063909,0.0006237036922758681,0.0,0.0013137506553320664,6,2
39,45,0.0008617575748545713,0.0006202971532057584,0.0,0.0013137506553320664,6,2
40,44,0.0009432977472957796,0.0005538918497987017,0.0,0.0013137506553320664,6,2
41,38,0.0009852921688912812,0.0005320642813689983,0.0,0.0013137506553320664,6,2
42,47,0.0007123068431768155,0.0006287848502787869,0.0,0.0013137506553320664,6,2
43,45,0.0008167979802813528,0.0005982008025151325,0.0,0.0013137506553320664,6,2
44,43,0.0008514239436384695,0.0006090360472064516,0.0,0.0013137506553320664,6,2
45,44,0.0007857474744674398,0.0006122523594792927,0.0,0.0013137506553320664,6,2
46,44,0.0007822083056266842,0.000606360246057219,0.0,0.0013137506553320664,6,2
47,43,0.0006793196476472794,0.0006194918927322585,0.0,0.0013137506553320664,6,2
48,43,0.0009271359223700803,0.0005684555405154422,0.0,0.0013137506553320664,6,2
49,46,0.0006521630590973929,0.0006396192843779088,0.0,0.0013137506553320664,6,2
50,46,0.0007068170537333729,0.0006341974050932977,0.0,0.0013137506553320664,6,2
51,45,0.0005948845168018236,0.0006071378789380619,0.0,0.0013137506553320664,6,2
52,45,0.0006255053793573291,0.0006241086537741138,0.0,0.0013137506553320664,6,2
53,48,0.0008180458086383045,0.0006180109430175026,0.0,0.0013137506553320664,6,2
54,44,0.0007398620345159554,0.0006167098813252087,0.0,0.0013137506553320664,6,2
55,43,0.0006989136587281503,0.0006304534040228906,0.0,0.0013137506553320664,6,2
56,48,0.000667985023690303,0.0006409666239586379,0.0,0.0013137506553320664,6,2
57,47,0.0006002624034223146,0.0006260850385344852,0.0,0.0013137506553320664,6,2
58,47,0.0007497655667442801,0.0006158193425005925,0.0,0.0013137506553320664,6,2
59,45,0.0008110299843135021,0.0006096300109007288,0.0,0.0013137506553320664,6,2
60,45,0.0008735584005924485,0.0005867992752292168,0.0,0.0013137506553320664,6,2
61,42,0.0008932839392725021,0.0005801006627493848,0.0,0.0013137506553320664,6,2
62,47,0.0007137391693112286,0.0006239866952628692,0.0,0.0013137506553320664,6,2
63,44,0.0006748791698012808,0.0006387081541409664,0.0,0.0013137506553320664,6,2
64,44,0.00081830043264123,0.0006247351937706723,0.0,0.0013137506553320664,6,2
65,47,0.0007692955332060192,0.0006225827440722729,0.0,0.0013137506553320664,6,2
66,43,0.0008559124322601883,0.0006117485037198203,0.0,0.0013137506553320664,6,2
67,42,0.0007172440706778041,0.0006315726014321068,0.0,0.0013137506553320664,6,2
68,44,0.0007588783930062704,0.0006272820989463359,0.0,0.0013137506553320664,6,2
69,45,0.0007281917813563514,0.0006258419755567071,0.0,0.0013137506553320664,6,2
70,45,0.0006497951846520631,0.0006321597100419825,0.0,0.0013137506553320664,6,2
71,42,0.0007979189848084352,0.0006082245350787979,0.0,0.0013137506553320664,6,2
72,44,0.0007034174936026368,0.0006402342673243271,0.0,0.0013137506553320664,6,2
73,46,0.0008933113707711863,0.0005826117476238061,0.0,0.0013137506553320664,6,2
74,41,0.0007126214436807686,0.0006310062070050038,0.0,0.0013137506553320664,6,2
75,47,0.0007530161184816502,0.0006243434971322392,0.0,0.0013137506553320664,6,2
76,47,0.0007590994477541808,0.0006326204805361603,0.0,0.0013137506553320664,6,2
77,48,0.0008183582525366999,0.0006192411793592253,0.0,0.0013137506553320664,6,2
78,47,0.0007249392300887137,0.0006233268370127827,0.0,0.0013137506553320664,6,2
79,44,0.0007147449557183771,0.0006233254013553697,0.0,0.0013137506553320664,6,2
80,48,0.0005707870921301022,0.0006183594611569576,0.0,0.0013137506553320664,6,2
81,43,0.0008233094902214014,0.0006049508001055443,0.0,0.0013137506553320664,6,2
82,43,0.0006756901517326012,0.0006409301324982388,0.0,0.0013137506553320664,6,2
83,46,0.0004914525618918847,0.0006154630892393378,0.0,0.0013137506553320664,6,2
84,45,0.000683346810041849,0.0006293633058359007,0.0,0.0013137506553320664,6,2
85,45,0.0007550960637601838,0.0006366563425490141,0.0,0.0013137506553320664,6,2
86,42,0.0007449444257395907,0.0006423187660065883,0.0,0.0013137506553320664,6,2
87,49,0.0006013904145303017,0.0006339087524544977,0.0,0.0013137506553320664,6,2
88,46,0.0006928395188034634,0.0006341699433924397,0.0,0.0013137506553320664,6,2
89,47,0.0008765479765733901,0.000593844052076915,1.2174500508312578e-12,0.0013137506553320664,6,2
90,48,0.0007264420487130279,0.000629096899854508,0.0,0.0013137506553320664,6,2
91,50,0.0007433155437906615,0.0006269213542085482,0.0,0.0013137506553320664,6,2
92,46,0.0008732057626028994,0.0005952736885851678,0.0,0.0013137506553320664,6,2
93,44,0.0008427093689835592,0.0006303229454027826,0.0,0.0018408139619952592,6,2
94,47,0.000793855856132713,0.0006775788766992303,0.0,0.0018408139619952592,6,2
95,42,0.0009019543760786641,0.0007356103867568031,0.0,0.0018408139619952592,6,2
96,44,0.0007937658682846576,0.0007680161986528251,0.0,0.0018408139619952592,6,2
97,47,0.0007937026889587283,0.0008479117358976823,0.0,0.0019112638564985315,6,2
98,49,0.000534237468607517,0.0007228783389431929,0.0,0.0019389862859553325,6,2
99,45,0.000875062277138302,0.0008538347434991178,0.0,0.0019263620990241982,6,2
100,46,0.0008473331786792675,0.0008202433883644442,0.0,0.0019943743415905446,6,2
