gen,nevals,avg,stddev,min,max,run,representation
0,50,-1.0099999999999998,0.0,-1.0099999999999998,-1.0099999999999998,4,9
1,46,-0.6511999873357408,0.4784000168856797,-1.0099999999999998,-0.013333202202318682,4,9
2,48,-0.46917400089838013,0.539391147408253,-2.0159999948898006,0.14729892759079527,4,9
3,46,-0.46011601280354725,0.5114556010161587,-1.015000042391821,0.21835866265018514,4,9
4,45,-0.3815505153424366,0.5218973606437997,-1.0150000145225233,0.5145789137638868,4,9
5,45,-0.2744372086242696,0.5200542763873375,-1.0150000612119865,0.5145789137638868,4,9
6,48,-0.33385415194269524,0.6317412325996778,-2.0160002351828186,0.5146114830151544,4,9
7,48,-0.11491305752509656,0.5844194888770761,-2.016000082936292,0.5145789137638868,4,9
8,43,-0.2518670857623575,0.9631091344651677,-3.0166666943619047,0.5142814874394506,4,9
9,45,-0.11366541493648183,0.81883763613348,-3.016666672805882,0.5812375919930003,4,9
10,48,-0.07663680314621643,0.7406944352185207,-2.016000014632088,0.8113964124686199,4,9
11,48,-0.2291961140687262,1.0017175200142003,-4.017142808594199,0.5920858784507369,4,9
12,46,0.019654386406345533,0.7877499956704769,-3.0166666612403525,0.7060120813355271,4,9
13,46,0.09510012897399213,0.7213220642997062,-3.016666729071603,0.8137562771947615,4,9
14,46,0.07304144668891341,0.7924899700010833,-3.016666676263546,0.8137562771947615,4,9
15,50,0.061274909456383544,0.7603395554501466,-3.0199999890607545,0.5920858784507369,4,9
16,46,0.07176432554131415,0.9651755375396995,-5.017499998195555,0.5918701387994059,4,9
17,46,-0.07596182084564916,1.060385837359471,-5.017500022785223,0.5969305021097505,4,9
18,47,0.029604380316713468,0.8389597398709302,-3.0166667653924577,0.6954166892284842,4,9
19,45,0.011410497974362799,0.923515141721741,-4.012637719817254,0.702995159647221,4,9
20,48,-0.15761569627190167,1.1622187916494684,-4.017142822361547,0.7060120813355271,4,9
21,45,0.03966629730358898,1.0023872134902003,-4.017142975017408,0.8137079032944232,4,9
22,47,0.15151970116731847,0.7716789129742546,-3.0166666433818032,0.7060120813355271,4,9
23,47,0.13298880490849896,0.9065729817840571,-3.020000048225678,0.7673546678137434,4,9
24,48,0.3453407251400767,0.4116369806859136,-2.0159910394926746,0.9054268065281124,4,9
25,47,0.3258188359684342,0.4678968901315651,-2.0160001270477377,0.9661427651902844,4,9
26,44,0.27363920172108164,0.8205302777584764,-4.019999997918077,0.9745929172179391,4,9
27,48,0.2537576026628152,0.8151576502981276,-4.017142716433681,0.9054268065281124,4,9
28,45,0.17422493602931818,1.377042497104474,-8.018181866939479,1.0560946738557573,4,9
29,47,0.3791219922726951,0.5488864582770061,-3.023333332097619,1.0560946738557573,4,9
30,46,0.4431523460374757,0.24513362796061786,0.09959602360651243,1.0560946738557573,4,9
31,47,0.29389778392869037,1.3874327549544825,-9.018333268598854,0.9880688458444029,4,9
32,47,0.13787776903030408,1.4473677796732423,-8.01818182788219,1.0089117792535325,4,9
33,47,0.3469136161274466,0.325240988486803,-1.0149999747434633,1.0089117792535325,4,9
34,47,0.5304668439932749,0.27191680342695895,0.08866590732448618,1.0756736446703121,4,9
35,45,0.39620154436118,0.2923082366742748,0.0760062038804867,1.0089117792535325,4,9
36,45,0.4425990653945604,0.27810848855541054,0.08647241723756124,0.9576550999888015,4,9
37,44,0.4312553627056369,0.4506059437205866,-2.0160000482569576,1.0089117792535325,4,9
38,48,0.45287476707724766,0.2670192165818613,-0.01333333283630947,0.9320402250661056,4,9
39,46,0.27670080755523985,0.9355721066447407,-5.017499983138239,0.9320402250661056,4,9
40,46,0.36282462831788687,0.30881076668410073,-1.0149999919753798,0.8638799546884526,4,9
41,48,0.3138556910525007,0.7973101893288689,-5.020000050232973,0.8638799546884526,4,9
42,47,0.419229496921642,0.21685710039311284,0.12959280519093214,0.84973269508298,4,9
43,48,0.41909299499164765,0.20800023296715836,0.13955801992539443,0.8638799546884526,4,9
44,45,0.45552048746108253,0.1973695074146411,0.11040914830939198,0.8561559042219795,4,9
45,46,0.39675448140024805,0.19373194838881447,0.08576896346252547,0.7895951748564279,4,9
46,49,0.38636229243624826,0.1974321935722564,0.07678541601876386,0.7996197208475452,4,9
47,44,0.46331054042276676,0.21149308724667243,0.062379947840882195,0.8319239912435366,4,9
48,45,0.4660583030665969,0.24499176473671394,0.08765683065327894,0.8324793111168795,4,9
49,45,0.4040923306714332,0.5339680862304153,-3.0166666568962515,0.8419092973035244,4,9
50,46,0.24049089095304585,0.7491988661613799,-4.017142837135907,0.797251731617343,4,9
51,45,0.4329375970753004,0.1836619989217288,0.14275025466874947,0.7976359852729926,4,9
52,47,0.5101004270768651,0.17724849351866467,0.1772934400056276,0.8027767699328827,4,9
53,44,0.5794083417065279,0.20151363866501748,0.1733541528555224,0.8436344152352169,4,9
54,47,0.5198757192452967,0.2280174718620343,0.16839358719000425,0.8920871089767934,4,9
55,48,0.5174114973579765,0.24732148888941716,0.10863087131727928,0.8456507502215742,4,9
56,45,0.4855587863068835,0.21577905188867783,0.18847642164899256,0.8456507502215742,4,9
57,49,0.4526706566400251,0.21894333755068698,0.08476691326743675,0.8921958773807787,4,9
58,48,0.4187451799258617,0.21930078210100598,0.0977240656984594,0.8889468039798085,4,9
59,44,0.5340123769801416,0.19884592125679798,0.15243631603946978,0.9056909750882375,4,9
60,48,0.46885799329057215,0.22882730244253424,0.0752798249690715,0.8973767684499451,4,9
61,46,0.5141480480428671,0.22879737186381663,0.13374493755796815,0.9356081649135629,4,9
62,46,0.5278173757292778,0.24039014796944436,0.13840668302271816,0.9056909750882375,4,9
63,45,0.5373253735924417,0.2590245650320646,0.046034108790940935,0.9356081649135629,4,9
64,48,0.44062777750196047,0.4189151397951846,-2.0159965740449985,0.9356081649135629,4,9
65,47,0.3671736044160788,0.6606938702532232,-4.017142866373969,0.9061797615331006,4,9
66,47,0.4889001520941083,0.19204436380343784,0.1507570657744787,0.8657361139953029,4,9
67,47,0.45082927361932945,0.21706633260313044,-0.013333332824918578,0.9061797615331006,4,9
68,46,0.502113745249691,0.19190887237723633,0.1942320098347316,0.9061797615331006,4,9
69,48,0.5199498988000262,0.2045484206139522,0.18471206520931643,0.8086671332286678,4,9
70,46,0.5487536893449403,0.20192682854515595,0.12110735974570552,0.9034955423787545,4,9
71,45,0.4971909808061627,0.2170845282304545,0.11587838004464358,0.9034955423787545,4,9
72,46,0.4446789859568533,0.22531656194875962,0.15026442165225565,0.8640026581281288,4,9
73,45,0.5295048793023708,0.22397406060553038,0.10768815707528727,0.8640026581281288,4,9
74,48,0.4694382309731604,0.2286083005887495,0.13663541243267782,0.8411112182145148,4,9
75,48,0.30021250263367405,0.9574954590004273,-6.017777760155494,0.8226498891498144,4,9
76,49,0.4863755697975316,0.2165622367676386,-0.01333333283630947,0.8517720101907982,4,9
77,45,0.5205046345901199,0.211951165937533,0.18473517645595386,0.9168023518940362,4,9
78,47,0.5637876828354614,0.20294113685882817,0.08691159168300173,0.9168023518940362,4,9
79,45,0.5492956852983536,0.22080320787998578,0.15935588589836944,0.899693952207998,4,9
80,48,0.5089987496522099,0.22593789222823774,0.12790596964605108,0.899693952207998,4,9
81,46,0.5108463546994169,0.30584387344216607,-1.015000076694819,0.9071279233518424,4,9
82,48,0.5315504471631926,0.2331339096191308,0.10488264940731137,0.9083933917871644,4,9
83,47,0.4595862647008267,0.557501104001041,-3.016666653635307,0.9073143920423152,4,9
84,44,0.6062175727354724,0.21622032493554408,0.18975948219272173,0.9073143920423152,4,9
85,46,0.5460624468540317,0.22312136459028262,0.1859351729246658,0.9135723073190487,4,9
86,49,0.5571144160425087,0.4307150510745704,-2.016000003633576,0.994455661813625,4,9
87,45,0.4645109039190829,0.4439021274454715,-2.015999977425018,1.055821841254573,4,9
88,47,0.495723444586182,0.25971242447230425,0.11094932592260036,0.9278717960358128,4,9
89,46,0.5448700310371762,0.21013645224703695,0.17992176704050258,0.8228942718723403,4,9
90,47,0.567963546914093,0.21594650459939577,0.22829858245043624,0.8556940535638429,4,9
91,48,0.45630055952343507,0.6863536842180209,-4.0171431862594105,0.8757588955216442,4,9
92,45,0.36164458499405816,1.3736511034855088,-9.018333324547635,0.8767406593723949,4,9
93,41,0.5489403524438484,0.24846356083221427,-0.013333316754764618,0.8551690711066605,4,9
94,41,0.5759869307736893,0.2305679888955901,0.10814465889011063,0.8797795932322421,4,9
95,44,0.5630634256688577,0.23572289543575825,0.17073061383415958,0.882987211347874,4,9
96,47,0.45928727670348396,0.31573363956003314,-1.0150000812353415,0.882987211347874,4,9
97,47,0.5305159394169241,0.253420420038315,0.1128198581620192,0.9023924830325933,4,9
98,46,0.5467171412842581,0.24653193668511245,0.12728697474379877,0.9114622299620234,4,9
99,45,0.5037257022788442,0.2562859305232368,0.1737310330083234,0.9191567362409311,4,9
100,48,0.3144404964808425,1.022040996291924,-5.017499995448137,0.9389935525893388,4,9
