gen,nevals,avg,stddev,min,max,run,representation
0,50,-1.0099999999999998,0.0,-1.0099999999999998,-1.0099999999999998,1,4
1,46,-0.870466666666443,0.34583040802030995,-1.0099999999999998,-0.013333333331737479,1,4
2,45,-0.4718999996538358,0.4968449358777257,-1.0149999997469918,-0.013333316366767406,1,4
3,49,-0.23329999929349213,0.4141850750648148,-1.0150000000428947,-0.013333316366767402,1,4
4,46,-0.0934533294504654,0.33753178545900425,-2.0160000002607763,-0.013333184544105262,1,4
5,43,-0.07333333253693543,0.2374875433439101,-1.0149999997469918,-0.013333184544105262,1,4
6,49,-0.09336665016160381,0.2714069324422052,-1.0150000001901438,-0.013333184544105262,1,4
7,42,-0.13333329579090114,0.3249625717260458,-1.0150000064443905,-0.013333076701260223,1,4
8,47,-0.1732663424069465,0.3665457349637775,-1.0150001108565354,-0.011652510866663756,1,4
9,46,-0.09328484488805719,0.2717995108936457,-1.0149999997469918,-0.011162533377448791,1,4
10,47,-0.053004249724998266,0.19585810876153706,-1.0149999996558317,-0.011150977991276238,1,4
11,47,-0.09315354836280215,0.27147040644136344,-1.0150001108565354,-0.011150977991276217,1,4
12,46,-0.132970712826844,0.3247606834270007,-1.0149999574867408,-0.011150977991276182,1,4
13,45,-0.15275517232687413,0.3473185951337779,-1.015000019021498,-0.009978190462446933,1,4
14,42,-0.11217481654170777,0.3006107124310572,-1.0150001059854041,-0.009978190462446933,1,4
15,46,-0.072297820759395,0.2374840107151461,-1.0149999214971939,-0.009978190462446933,1,4
16,48,-0.17208221071892368,0.36662089361035616,-1.0150000145126354,-0.009978190462446572,1,4
17,50,-0.11214157596363357,0.300781260953677,-1.0150000860794934,-0.009978162886084736,1,4
18,46,-0.11216714912715203,0.3006945447431943,-1.015000013346832,-0.009977396034054738,1,4
19,48,-0.09226371741081621,0.27182438520993357,-1.015000243303703,-0.009784790093505993,1,4
20,48,-0.13190710914258813,0.3254925609444143,-1.0149999997469918,-0.009070396641945734,1,4
21,47,-0.13139841988609535,0.3250650471013611,-1.0150000643143933,-0.009070396641945734,1,4
22,49,-0.031124838193545803,0.14057282297578297,-1.0149999537594665,0.0007610972496214231,1,4
23,45,-0.04753544286252954,0.19785126393483618,-1.014219222763331,0.11869056346051685,1,4
24,46,-0.1811808581374869,0.4831019507466094,-2.0159999983951615,0.12144850115495615,1,4
25,45,-0.17882062907707647,0.580995191243512,-2.0160004684285817,0.23781480157697218,1,4
26,47,-0.48903244546556107,0.917765042083802,-3.0166666670764464,0.13641759365172598,1,4
27,47,-0.3392456579453139,0.9637923224624247,-4.017142853377419,0.250607296352964,1,4
28,46,-0.179391005321151,0.7159192200914376,-3.016666668123111,0.409170422303335,1,4
29,46,-0.33484509146630503,0.8655484467551383,-2.0160000350126777,0.40916839287509643,1,4
30,46,-0.18103235380188426,0.932021037110072,-3.0166666705040965,0.40916839287509643,1,4
31,44,-0.10247115853037232,0.8714703212334374,-4.012214248183471,0.44911118926133775,1,4
32,47,0.12745142738974474,0.7574710675646981,-4.001208327758477,0.49093125289690587,1,4
33,45,0.18244883318080887,0.6117471396905255,-3.0166666679972765,0.501870101367184,1,4
34,46,0.2191923294880507,0.5894337213270365,-2.0159999983038657,0.5671555410074169,1,4
35,45,0.17443122580606796,0.6908199966562292,-2.0159999993687157,0.5671555410074169,1,4
36,44,0.26545518088666537,0.5367769929049955,-2.016000001897079,0.560445581929812,1,4
37,48,0.15466846732906517,0.6376334818286736,-2.0159999983038657,0.5662183204141773,1,4
38,45,0.22782298288482208,0.6056615523362475,-2.0160000016268667,0.7682440503755846,1,4
39,45,0.19716763469127568,0.8626418361290102,-4.00343755568251,0.7821820591403839,1,4
40,49,0.06229645687529603,1.1098490905355145,-3.0166667591203686,0.8320771598694054,1,4
41,47,0.251985461263051,0.8893026021290504,-3.0166666659713886,0.8320771598694059,1,4
42,50,0.17261031227394638,0.9401994082497269,-3.016666666132775,0.8339735011419238,1,4
43,45,0.25647185387548793,0.8792400636604407,-3.0166666659713886,0.8344418007558765,1,4
44,46,0.3671590706501269,0.8108647326560763,-3.0166666659350763,1.0639649249515704,1,4
45,49,0.5282951027253424,0.7285641576731067,-4.010899627137836,1.1160521742315497,1,4
46,47,0.30776975792933725,1.194995949521482,-4.010899627137836,1.1160521742315497,1,4
47,49,0.3775117991762975,1.0650726508272177,-4.010899627137836,1.12245564736499,1,4
48,46,0.6014334010841753,0.46003504943423207,0.008574623351857597,1.12245564736499,1,4
49,47,0.45715983900695334,0.6405945517333539,-2.0159992929447434,1.12245564736499,1,4
50,47,0.43870503269055255,0.9216942086872537,-4.003293804928427,1.12245564736499,1,4
51,40,0.6624088545486564,0.676411150910333,-3.007715182507624,1.12245564736499,1,4
52,49,0.494779810420149,0.5546094155672102,-1.0099999999999998,1.123521726932452,1,4
53,47,0.5732051456927987,0.8100916642321575,-4.010899627137836,1.123521726932452,1,4
54,46,0.6974771809252246,0.4470398736919168,-0.013333194975792741,1.1260870635907647,1,4
55,45,0.7144542352508663,0.46176004136244714,-0.013333561343530115,1.2297005481312289,1,4
56,43,0.6496604745188421,0.801671678290177,-4.014684771846521,1.2093083002248628,1,4
57,46,0.7503020746895865,0.4424679436910009,-0.013333197950724105,1.2106642774594059,1,4
58,47,0.5799847312214746,0.8740762585315082,-4.005651269322511,1.2321542609477036,1,4
59,49,0.6931839175909807,0.4962311325861682,-0.013333641185344382,1.2605753690233419,1,4
60,47,0.5891760878707389,0.5487312473456111,-1.0099999999999998,1.266888609558301,1,4
61,46,0.5990006075170485,0.8256804953142055,-4.000411605415326,1.2892848632500662,1,4
62,41,0.8335552852913893,0.4765155988021873,0.014036453158887005,1.2955490508556984,1,4
63,44,0.7335080808755867,0.7240361679863396,-3.0166666663419273,1.2892848632500662,1,4
64,47,0.6525567168867115,0.47772135777937713,-0.013333500795184122,1.2823053070197856,1,4
65,42,0.8075785567100082,0.4885119623481269,-0.013333723871901017,1.2948889587529309,1,4
66,47,0.688495770542543,0.6185335920383813,-1.0099999999999998,1.2948889587529309,1,4
67,44,0.7216985255047558,0.743897972728196,-3.0166666664706994,1.291754278378988,1,4
68,49,0.7962431607818854,0.5112985046676074,0.02790710015239606,1.3181719710990873,1,4
69,49,0.8164596904601096,0.8435632786210188,-4.0112977142468464,1.370841818520073,1,4
70,48,0.7748898525290706,0.5783517290053724,-1.0150000003281812,1.3793241476269305,1,4
71,48,0.6822603140681529,0.6199962204275122,-1.0099999999999998,1.3851980484704811,1,4
72,47,0.5439360284855392,0.5660139074836174,-1.0150000001143251,1.3851980484704811,1,4
73,42,0.7569788874713872,0.5152327879181083,-0.013333617527249481,1.3896919712228333,1,4
74,48,0.8900153513883262,0.5522654055489218,-0.013333518423551865,1.3899269460818315,1,4
75,46,0.6830446224455342,0.5923710055816354,-0.013333518423551865,1.3899269460818315,1,4
76,45,0.5749523829837085,0.7547410863089268,-3.0166666666510475,1.4319053945793936,1,4
77,48,0.6783680586815973,0.8806340758190923,-4.017142856247851,1.4319525155534354,1,4
78,49,0.791847179716207,0.5788918438277344,-0.013333375990072522,1.4319499018894137,1,4
79,47,0.8583124878221555,0.5939123217238124,-0.013333073171561776,1.4456082175591272,1,4
80,48,0.900638802655422,0.5597152822955808,-0.013333500795184122,1.4456082175591272,1,4
81,45,0.8152371532544369,0.8864625581683981,-4.017142922089603,1.4456082175591272,1,4
82,47,0.6810268888028855,0.536401410369577,-0.01333330853924948,1.4456082175591272,1,4
83,48,0.9324536637339778,0.5582619167668049,-0.0133335457220303,1.4561035831162228,1,4
84,46,0.9098886994717933,0.6352077418567676,-1.0149999989818155,1.4561035831162228,1,4
85,42,0.8844030521533712,0.6458971290705307,-1.0099999999999998,1.4561035831162228,1,4
86,49,0.8872095817454608,0.5925888816565426,0.03565379331194832,1.4561035831162228,1,4
87,49,0.6923129974310261,1.1289362710917683,-4.017142856993873,1.457099823020746,1,4
88,46,0.8434853667909722,0.6322142303006096,-1.0099999999999998,1.4657476939565641,1,4
89,47,0.9741536648774901,0.5736549295031693,-0.013333637144718285,1.47177390930972,1,4
90,47,0.8352107271642737,0.891033239401088,-4.004133369609181,1.4703491273161298,1,4
91,45,0.773308884165466,0.6322307884816342,-1.0099999999999998,1.4703491273161298,1,4
92,46,0.7837074631779459,0.8817792248770869,-4.017142857116735,1.466105842733807,1,4
93,44,0.9946702817165535,0.5956497695141568,-0.013333420878357602,1.469581547919469,1,4
94,46,0.8908330912432914,0.588941504839945,0.019980075091600928,1.481419161054535,1,4
95,40,1.0226186627877112,0.6148839658720002,-1.0099999999999998,1.4721256992925398,1,4
96,46,0.9686032990317862,0.5717401787584414,0.12231715870333615,1.4721256992925398,1,4
97,48,0.8763116782259605,0.6914973609807941,-1.0099999999999998,1.4745098652115798,1,4
98,45,1.0442438200070299,0.628321259122651,-1.0149999989823966,1.4745098652115798,1,4
99,38,0.9826551954869093,0.6293750448060665,-1.0099999999999998,1.4724585254236258,1,4
100,48,0.9014386358600565,0.64371485001045,-1.0099999999999998,1.4753846811866425,1,4
