gen,nevals,avg,stddev,min,max,run,representation
0,50,-1.0099999999999998,0.0,-1.0099999999999998,-1.0099999999999998,5,4
1,45,-0.9302666666665388,0.2703888886610269,-1.0099999999999998,-0.013333333331737479,5,4
2,47,-0.7310333335893259,0.4475651270549842,-1.0149999997469918,-0.013333316366767402,5,4
3,48,-0.2528333340290861,0.42619469296888884,-1.0150000000428947,-0.013333316366767402,5,4
4,47,-0.11349999648753328,0.3005000011752104,-1.0150000001901438,-0.013333316366767402,5,4
5,47,-0.19321999961868655,0.43303808686200373,-2.0160000002972795,-0.013333184544105262,5,4
6,50,-0.13323331836733862,0.32469189469895055,-1.0150000001901438,-0.013333184544105262,5,4
7,47,-0.09312320194830985,0.2707416842052252,-1.0149999891064436,-0.011162533377448791,5,4
8,47,-0.0931363465501928,0.27110695729405515,-1.0149999993475625,-0.01116253337744848,5,4
9,45,-0.13095541160515578,0.32552650028555186,-1.0150000241803767,0.08693743951686606,5,4
10,46,-0.16908760567206182,0.3691578758160721,-1.0150000405039823,0.08693743951686606,5,4
11,48,-0.13382448670965214,0.35785445693548046,-1.0150001917803049,0.1782567275887456,5,4
12,45,-0.21524758951063103,0.6229824409184167,-3.0166666038222134,0.1782567275887456,5,4
13,43,-0.39376386518050566,0.8052533360497802,-3.0166666684038126,0.2191233609916862,5,4
14,48,-0.36137625402160894,0.8092711776583417,-3.0166666184786446,0.23548728834188765,5,4
15,44,-0.5208146784887735,1.071450294087384,-3.0166667555880595,0.36416908717002794,5,4
16,48,-0.5408941300908098,1.2394037843602876,-4.017142841383655,0.36416908717002794,5,4
17,46,-0.7217950297504513,1.3907065549677378,-4.017142641039798,0.3641690871700281,5,4
18,46,-0.2757742561230183,1.0685334490327512,-4.017142841383655,0.4467698703685418,5,4
19,44,-0.07410560533114414,0.8689690771471223,-3.0166666659303076,0.45245295587553885,5,4
20,44,-0.29726357070428605,1.3132735365118025,-4.017142841055979,0.4720672754051476,5,4
21,45,-0.28521220845538686,1.4188695497119246,-4.017142937393211,0.5313664094968708,5,4
22,47,-0.17755626504388455,1.253469504265745,-4.017142858365999,0.5313664094968721,5,4
23,43,-0.17190092603884885,1.327776115403186,-5.017499998436411,0.5313664094968721,5,4
24,48,-0.2556276415362554,1.4451422045731726,-4.017142868707693,0.5313664094968721,5,4
25,46,-0.04307742787451935,1.0975103307452185,-4.017142938424046,0.5442856171573127,5,4
26,44,-0.4158536734412321,1.6469777116581874,-5.017499999048486,0.5644490905809901,5,4
27,48,0.019063135584473388,1.1488739116435644,-4.017142857162638,0.5644490905809901,5,4
28,46,-0.03391890848503257,1.3359308197803044,-4.0171428883970215,0.5644536862054355,5,4
29,46,-0.0900138626110834,1.3726364375623876,-5.0175000991706264,0.5644640625495155,5,4
30,43,0.007928124851430986,1.161846384818025,-4.017142858954152,0.5708205298640433,5,4
31,45,0.042934706001533,1.188473270947394,-4.017142967465209,0.570411053673,5,4
32,42,0.1455171836521713,1.083857421001535,-4.017142858954152,0.5927448159326525,5,4
33,46,-0.3255648881586089,1.5556707105344598,-4.017142858954152,0.5927448159326525,5,4
34,41,-0.07940412229818927,1.5262844691260697,-5.017500000117189,0.6187318854015758,5,4
35,46,-0.3398975145312434,1.625648389000907,-5.017500000713021,0.6187318854015758,5,4
36,48,-0.6179908327855544,1.8865636891411428,-5.017500000117189,0.6187318854015758,5,4
37,47,-0.06327456866796867,1.2731523277281676,-4.017142861522734,0.67488372705508,5,4
38,48,-0.19564772058868232,1.5367243264182793,-4.0171428659916755,0.6604667860538718,5,4
39,45,0.015217556735250834,1.536363203675011,-8.018181817789019,0.6604667860538718,5,4
40,46,0.32748216132373664,0.9263234596124711,-4.017142865980256,0.6975105607821888,5,4
41,47,0.438466374388317,0.659154851817703,-4.017142980559743,0.6998635020579547,5,4
42,47,0.37518931185449556,0.6603720470664646,-4.017142980559743,0.7128275739972386,5,4
43,46,0.39758524478819995,1.0729247253437135,-7.017999975104284,0.7153930829659965,5,4
44,46,0.5790384826238106,0.1430339157048716,0.18055718797067566,0.7153930829659965,5,4
45,47,0.5674199378788791,0.19716532856883162,-0.013333331921406162,0.8477160564518228,5,4
46,46,0.60405135878843,0.20145933432027602,0.020677494584917473,0.921007497872698,5,4
47,46,0.6670672823242725,0.18977421801048178,0.08727701786792487,0.921007497872698,5,4
48,45,0.7587422367149409,0.1701104820402974,0.11008329749165639,0.93177330509889,5,4
49,47,0.8027616181842631,0.1712891625517833,0.2667049379177648,0.9391438280651495,5,4
50,45,0.7959366983380801,0.1669293013537883,0.4388399876387467,1.0098092636887632,5,4
51,45,0.7558762708312947,0.18341025680710119,0.3138650337707284,1.020733169571209,5,4
52,46,0.7774829985514732,0.22959032875489147,-0.013333325531498985,1.0240483120031054,5,4
53,48,0.674357692135617,0.9789832586144861,-6.017777776523672,1.038600559703022,5,4
54,42,0.871631573455564,0.20658091053855887,0.3912230149325232,1.0525743847639397,5,4
55,47,0.7375026377065017,0.24561597858162565,0.3036813537508468,1.0525743847639397,5,4
56,44,0.8888638160913983,0.2067334404914829,0.3894703411975245,1.0858253646325915,5,4
57,43,0.7587324138516363,0.31229906835254634,0.21170508691730983,1.0862286778354933,5,4
58,44,0.7332864348497714,0.34949476668937457,0.25997397254626925,1.1017767425722782,5,4
59,43,0.7566990624910492,0.3225786046397258,0.2935996800129267,1.1050104172556354,5,4
60,45,0.8094762429062539,0.3339684467788701,0.18386173639016107,1.1050104172556354,5,4
61,45,0.7771700662640003,0.35456074621812467,0.22699241913795518,1.1330630831353128,5,4
62,48,0.7132637493178206,0.37130887363720844,-0.013333337301066447,1.1327720847907414,5,4
63,48,0.7268765608705013,0.37515510732450785,0.17655172278240572,1.1542522878658066,5,4
64,43,0.7411797684468121,0.37726667502062083,0.23539427868425383,1.1542522878658066,5,4
65,43,0.8411619637123419,0.3709721114186992,0.21606976141982764,1.1679505676834958,5,4
66,47,0.8160571029992777,0.34687138634706827,0.27149515521579953,1.159775448661535,5,4
67,46,0.7659992645832909,0.3508991824715142,0.24636076461897424,1.173491126341731,5,4
68,48,0.7484426815465898,0.345687226470699,0.22396799638438256,1.178199352125492,5,4
69,48,0.8455897546047307,0.342701221791654,0.0919583876024381,1.1781993521254925,5,4
70,43,0.9169008035852787,0.3524112808973044,0.2642683023486185,1.180757098074091,5,4
71,46,0.7604438594657584,0.3655128915732874,0.21281532943764975,1.1945371053012686,5,4
72,44,0.8082580865676258,0.3713521481160651,0.18139418581780348,1.2080171744179269,5,4
73,46,0.8817349734037991,0.3848888332200632,0.20305155076452833,1.2102550201570408,5,4
74,47,0.889225756355228,0.3688373115848167,0.1955847066441159,1.2066311674678463,5,4
75,48,0.8370332351402784,0.44713238059967825,-1.0099999999999998,1.220724996943293,5,4
76,47,0.7823499651223128,0.3970578352837805,0.07337442969100876,1.233847803845829,5,4
77,49,0.8424797885672155,0.3677712188346683,0.23859960505513303,1.227029786333794,5,4
78,48,0.7352801707581405,0.39858280497618026,0.05713988257121116,1.2341593915145892,5,4
79,44,0.842492864818942,0.35231809086600446,0.23117668756641574,1.2341593915145892,5,4
80,45,0.8055340398209005,0.36757666456757476,0.21882786026918433,1.2398473998315378,5,4
81,47,0.8442093028006031,0.4122841456737371,0.07670865213900359,1.2398473998315378,5,4
82,47,0.8278791388315241,0.48223868863830416,-1.0099999999999998,1.2398473998315378,5,4
83,46,0.8974794838495691,0.39063619020615725,0.24403359539723501,1.252790073691884,5,4
84,46,0.8981325328551371,0.3910173663813099,0.1780201770483665,1.2704384457548261,5,4
85,44,0.8679374076701738,0.38677946622075227,0.20621654700059397,1.2704384457548261,5,4
86,47,0.8651730671328954,0.38770230840379266,0.07448465298809841,1.2748161129532283,5,4
87,44,0.8609182446250476,0.46858552417214955,-1.0099999999999998,1.2748161129532283,5,4
88,42,0.9329000534737395,0.38699595272787585,0.18759021804277576,1.2748161129532283,5,4
89,44,0.8027151335593249,0.410820908652606,0.15039006646690392,1.2748161129532298,5,4
90,49,0.7902578582448264,0.39538210712607114,0.16566097570413027,1.27661175904251,5,4
91,45,0.9322102408039532,0.3932039432570799,0.15039006646690398,1.27661175904251,5,4
92,44,0.9227862181140044,0.38545222539693147,0.21102172476874304,1.2769412154276059,5,4
93,47,0.9487747322775695,0.3755080479384281,0.15414671991193812,1.2769412154276079,5,4
94,47,0.9187026645313849,0.39060258825476923,0.1651763014756035,1.2855982531861494,5,4
95,48,0.8336631470492486,0.36769944218558,0.18922750465151555,1.2855982531861452,5,4
96,46,0.9599480230631083,0.36075883513881307,0.15160012304770545,1.3032142288306952,5,4
97,47,0.8495174585636049,0.3908394325631195,0.16680758317565098,1.2897344830186785,5,4
98,48,0.9961235860812656,0.385733111585314,0.15413643844306296,1.2897344830186785,5,4
99,45,0.9057627304358871,0.39321327172400256,0.16013535532271733,1.2923946796607035,5,4
100,48,0.911504257719082,0.383892513474586,0.15413643844306313,1.2933249344797522,5,4
