gen,nevals,avg,stddev,min,max,run,representation
0,50,-1.0099999999999998,0.0,-1.0099999999999998,-1.0099999999999998,1,0
1,49,-1.0900666667532721,0.33683262548523296,-2.01,-0.013333337663620463,1,0
2,48,-0.8706666685708462,0.489137105366254,-2.01,-0.013333272757242927,1,0
3,46,-0.4312142120658551,0.4929727624219212,-1.0150000735049731,0.03262281892151961,1,0
4,45,-0.08655387829492427,0.2741937054566298,-1.0149998942120597,0.1781108440835253,1,0
5,44,-0.0840820424781484,0.31326613528216074,-1.0099999999999998,0.1781108440835253,1,0
6,44,0.07345237069959488,0.07351669125485277,-0.01333342961234539,0.17811223287150507,1,0
7,44,0.11181094119866705,0.1739214838150593,-1.0150000451163013,0.24112064475175002,1,0
8,48,0.11988804627069358,0.17727627877592986,-1.0150002469215975,0.24112588262190912,1,0
9,44,0.16593965444718195,0.07720739892041441,-0.013333386499887658,0.24231863417990668,1,0
10,48,0.16163356898999712,0.09164834214398017,-0.013333506002021545,0.24231863417990668,1,0
11,48,0.1625493253037223,0.18968683766148847,-1.0149999604159494,0.25037432132379056,1,0
12,46,0.20934597402055322,0.06688249728024855,-0.013333333682102546,0.2503783046589795,1,0
13,47,0.1567481116204969,0.18823527570113968,-1.0149998687540633,0.2504650972062684,1,0
14,47,0.2116631904723538,0.09011658253054099,-0.013333341997124227,0.46744019372433193,1,0
15,46,0.2545804133510096,0.10414596417496606,-0.013333300011347178,0.46744019372433193,1,0
16,49,0.2737438901934215,0.2837386972630999,-1.015000005623709,0.5802862528656725,1,0
17,46,0.3633027529720815,0.22377232169617986,-1.015000005623709,0.6099926349349724,1,0
18,46,0.4230896703879861,0.11992085011146554,0.11201443239939672,0.6099926349349724,1,0
19,46,0.44583846188118015,0.24813139201696222,-1.015000005623709,0.6099926349349724,1,0
20,47,0.5134838601234725,0.11557237745258003,0.11549582076534437,0.6099926349349724,1,0
21,44,0.5382677280173986,0.10009000514139399,0.14637941853826839,0.6817014380306752,1,0
22,45,0.5473610108217943,0.11124563914073869,0.13313668994120528,0.6819588181971791,1,0
23,44,0.5663626588665766,0.09965868238072248,0.25737521176803796,0.6819588181971791,1,0
24,46,0.5521982013698339,0.13371132912828587,0.25863915903180257,0.7051172822828982,1,0
25,46,0.5868581789966156,0.1542341208019876,0.15080735159457334,0.7266002933510225,1,0
26,45,0.5798873675805383,0.16838997168435083,0.19527683982317143,0.7496563280902769,1,0
27,47,0.6109192883124539,0.15667479325587996,0.24726417933176117,0.7750838810346129,1,0
28,45,0.6534679363491961,0.1698373975486281,0.14088816308138521,0.7799113841888756,1,0
29,49,0.574172384282954,0.23774831455486045,0.1142542529030875,0.7799113841888756,1,0
30,47,0.6131796771899585,0.21490942538571564,0.15960815331835035,0.7813010559964839,1,0
31,45,0.6550254370001898,0.2048657155089124,0.13439138423878547,0.7840765780618025,1,0
32,48,0.5975579016606073,0.213997838235713,0.10293714660269615,0.7913187063934981,1,0
33,45,0.5980671519569514,0.22603254816114707,0.1401022538975406,0.7913187063934981,1,0
34,47,0.5824668715434653,0.23080284907886542,0.024388309973927054,0.791489884815841,1,0
35,47,0.5932197181066261,0.23452424540293118,0.021565402247190172,0.792992253947412,1,0
36,46,0.552210410977204,0.2518423829420001,0.12589266394903176,0.7925994363955465,1,0
37,43,0.5896757584942007,0.24911694389640127,0.021565402247190172,0.7930097291937561,1,0
38,47,0.5421840330862749,0.2658247684212173,0.021509048457660693,0.7928311988535387,1,0
39,48,0.5643135458861913,0.27368863052914766,0.020368276832447324,0.7934130612074224,1,0
40,46,0.6443939529351649,0.23951322423580093,0.02155902840542588,0.793756069830526,1,0
41,47,0.5456314043930159,0.2635855043684307,0.021645334068583436,0.8116165078680622,1,0
42,45,0.5385107522856875,0.2625479141239834,0.17302926678433697,0.8116165078680622,1,0
43,47,0.5862932569757967,0.25403092752269507,0.12544798816492336,0.8097266291256832,1,0
44,44,0.5738024894713386,0.2606781152583655,0.12435508543745459,0.8097266291256832,1,0
45,45,0.6107722858348339,0.24501384230998002,0.12596642264203037,0.8098446143720367,1,0
46,46,0.5852083021794886,0.2582570939848886,0.1709677327198059,0.8137552057289277,1,0
47,49,0.5674595401507496,0.2640828717694072,0.10620724670289285,0.8184488002530096,1,0
48,44,0.6271892291446951,0.2600421419934352,0.16612410719451076,0.8376974085126876,1,0
49,44,0.5959154697895864,0.2753387159012276,0.039451255061397,0.8427742831942956,1,0
50,46,0.665100884844823,0.25382490215172376,0.13421949141334552,0.8576781973458363,1,0
51,48,0.6792755191047753,0.2537200584197007,0.15523773738861407,0.8687638468692639,1,0
52,45,0.7533393176552218,0.20856087039030954,0.0573018377068306,0.8753504188435394,1,0
53,44,0.7692580837030232,0.20807459134351144,0.12505246663827627,0.893815687333038,1,0
54,45,0.7355833399001981,0.24560099462819618,0.11469586016190997,0.893815687333038,1,0
55,44,0.8301304334472809,0.17702807558885736,0.11810925751933535,1.0632582159236483,1,0
56,45,0.8519296770190559,0.20319473361958998,0.030830473328678693,1.0633961439416206,1,0
57,46,0.9365440190022747,0.18352242688143522,0.14366198069413452,1.094433601922027,1,0
58,45,0.9035597819151533,0.3165205738153216,0.14365850798819457,1.094433601922027,1,0
59,44,0.971690620840181,0.25296414719124627,0.1292925083471772,1.0971796572646106,1,0
60,46,0.9068748798522605,0.3426272117384425,0.08962280031802125,1.1698050064357906,1,0
61,47,0.9441359068857414,0.3313438095202067,0.12217174808668332,1.1708809721819626,1,0
62,49,0.9802383631743181,0.3134036245061961,0.15017245757579067,1.1708809721819626,1,0
63,48,0.9287392985473995,0.4055062519672896,0.10588002012081035,1.2061641436482102,1,0
64,46,0.8486970508934487,0.44110267074269793,0.1220160908078908,1.2061641436482102,1,0
65,47,0.9339390964278267,0.43145787020711,0.09172421941642232,1.2130747226412273,1,0
66,45,0.9738124577542586,0.40818775068201746,0.1780646391758497,1.213733331596921,1,0
67,49,0.9628356549249588,0.42874510402256694,0.0909416082744912,1.267229588731474,1,0
68,46,0.9167674325685223,0.45764707532581633,0.1261350702093467,1.2685714199773888,1,0
69,42,1.0244187396157998,0.3936345926361155,0.15118042584152264,1.272875572105377,1,0
70,48,1.0877617089653828,0.36036859019791057,0.16702181321768209,1.272524916292454,1,0
71,46,0.9934924666820494,0.44169199834303124,0.14410749474672374,1.2741320504464817,1,0
72,47,0.9603501192236902,0.470855080281922,0.13788550179778308,1.28249235264071,1,0
73,44,1.0780726876627849,0.3957702577171291,0.12704415278658823,1.28249235264071,1,0
74,45,0.9733754316872999,0.4712911521869293,0.11468634096641006,1.28249235264071,1,0
75,45,1.0471573496616622,0.4309408899426829,0.10994595187274851,1.28249235264071,1,0
76,47,1.094382616971801,0.3860644921900096,0.17648240687916972,1.282769070031242,1,0
77,45,1.1010710731444868,0.3928025571971995,0.10865357972428555,1.2893730917250663,1,0
78,40,0.9310968531743449,0.49841679868211547,0.14155786756361882,1.330037740536842,1,0
79,46,1.0125049644786983,0.45795037714254194,0.12291308119892701,1.330037740536842,1,0
80,46,1.1235701666501636,0.34879065058173975,0.19335007373739105,1.330037740536842,1,0
81,45,0.97315890846565,0.47767285497966977,0.1529098612082479,1.3547411872829853,1,0
82,44,1.0722499446013192,0.4185918612842458,0.17014315172636182,1.3547411872829853,1,0
83,46,1.1002590289388408,0.4313982789401441,0.16242399996891144,1.3551829710560235,1,0
84,45,1.0999176201027268,0.44859861178165467,0.1387953579319988,1.356157146542177,1,0
85,47,0.9491665397854103,0.5134925146069284,0.1317196549717471,1.3798178517651687,1,0
86,47,1.133900138670318,0.42062086640072893,0.2331456000591131,1.3802586137670014,1,0
87,46,1.0911444789428861,0.4621696930832429,0.16976088033075007,1.3924705207277688,1,0
88,44,1.0703892894895244,0.49336678527685346,0.17979224538240607,1.392136856063571,1,0
89,47,1.0374381382251687,0.5090622344982821,0.13137828350386815,1.392136856063571,1,0
90,47,1.048839772385975,0.5052795264993544,0.19761792700188224,1.392136856063571,1,0
91,44,1.1248804615966952,0.46136900869245984,0.15024832595408244,1.3942595514556646,1,0
92,47,1.0675105655717925,0.5007423700695853,0.16558082296339618,1.4051835612126349,1,0
93,46,1.025351652850493,0.4927600322380062,0.15024832595408244,1.4009410772434125,1,0
94,45,1.146894673936065,0.4338245659231025,0.14318063201904205,1.4091989000099645,1,0
95,47,1.1150112101172638,0.4638060112541609,0.22125423553137874,1.409906627950411,1,0
96,45,1.160056511685709,0.44773489069022004,0.17745920121770542,1.409906627950411,1,0
97,45,1.0997450061935048,0.47948990533507924,0.18485036664329493,1.4278963891750283,1,0
98,47,1.3124275185582792,0.292059808888045,0.2702787269751712,1.4411037218025777,1,0
99,42,1.102166527688583,0.4973726996622217,0.21342961525647453,1.4609666962247987,1,0
100,47,1.110142925785122,0.5053814051674898,0.18619586296690263,1.4609666962247987,1,0
