gen,nevals,avg,stddev,min,max,run,representation
0,50,-1.0099999999999998,0.0,-1.0099999999999998,-1.0099999999999998,6,1
1,45,-0.8903999999998082,0.3238783310653388,-1.0099999999999998,-0.013333333331737479,6,1
2,45,-0.5515333333364058,0.49673610699917176,-1.0099999999999998,-0.013333333321310327,6,1
3,43,-0.29338666756375614,0.4917163191801432,-2.0159999999841025,-0.013333318611476526,6,1
4,45,-0.31293333215828406,0.4576485262506354,-1.0150000000428947,-0.013333318611476526,6,1
5,44,-0.2930000038165817,0.4484662711949847,-1.0150000000089396,-0.013333318611476526,6,1
6,44,-0.4126866614602251,0.5285201601872982,-2.0160000000219402,-0.013333316366767402,6,1
7,45,-0.33286665794738185,0.4657978907855004,-1.0150000000428947,-0.013333184819176835,6,1
8,48,-0.3133333260208015,0.45825940257875597,-1.015000127247013,-0.013333184819176835,6,1
9,43,-0.33300229053530794,0.5073074242230299,-2.0159999999841025,-0.010782535944038907,6,1
10,45,-0.2121021355314774,0.4002694620509038,-1.015000024143896,0.039890454715200724,6,1
11,47,-0.18474665208830707,0.3889784722390081,-1.0150000347984978,0.16524474721197496,6,1
12,47,-0.2142266396765458,0.47120828056953334,-2.0160000151968736,0.16524474721197496,6,1
13,45,-0.13584509693514182,0.5021878906494665,-2.0159999999841025,0.17211007972071748,6,1
14,48,-0.23926332426474456,0.6475516122986628,-2.0160002072220187,0.20730766128135614,6,1
15,46,0.01984968841927656,0.3693349184713357,-2.0143966602581127,0.20945340832884066,6,1
16,48,-0.037809551858138196,0.5150286543847146,-2.0160001011075144,0.27295861762824375,6,1
17,46,-0.008154834412200886,0.49892560500442357,-2.016000055158826,0.27980403687950617,6,1
18,47,-0.08715571584478539,0.5468614290810465,-2.016000000208562,0.26693142725430746,6,1
19,48,-0.11364674511523734,0.812024370182969,-4.017142851455795,0.26693142725430746,6,1
20,44,-0.011743804494065377,0.7625215157034118,-4.017142849603641,0.3231156774688231,6,1
21,45,-0.15411344255468146,0.9935988922324027,-4.017142860429639,0.3231156774688231,6,1
22,46,-0.05470836347546417,0.8787260225704333,-5.017500173538311,0.3231415536438628,6,1
23,46,0.11254630447814011,0.3668286359519903,-2.0160000315895426,0.38829604694727277,6,1
24,47,-0.01995749282467484,0.8278284189309562,-4.017142850276307,0.40214890744258397,6,1
25,47,-0.15449094095652285,0.9272609801891147,-3.0166668298398904,0.451508788928519,6,1
26,46,-0.20791499692373602,1.0861206143867725,-5.017499937739927,0.451508788928519,6,1
27,48,0.16941646012483794,0.5098268857791088,-3.0166666524826846,0.4961839153450207,6,1
28,44,0.03616607903620091,0.8772512911293252,-4.017142856940637,0.4961839153450207,6,1
29,46,0.21645416947746265,0.5203382487195789,-3.0003679607490343,0.5088607721748247,6,1
30,46,0.26963212727048147,0.3068159239322187,-1.0150000705601263,0.5088607721748247,6,1
31,47,0.19023825013145929,0.514081049097435,-2.016000000050996,0.6096230853383215,6,1
32,45,0.17623253706085695,0.5087227905846041,-2.016000000158249,0.6096230853383215,6,1
33,47,0.25490359820373315,0.5327915003690677,-2.015999999863347,0.6096230853383219,6,1
34,46,0.25117230167185167,0.4967178850708696,-2.0160000072856343,0.6102580195511411,6,1
35,44,0.18201482894250132,0.6773324450103283,-2.0160000439827406,0.6102580195511411,6,1
36,45,0.37227863177313625,0.34829911451624834,-1.0149999964813539,0.6106398206846273,6,1
37,48,0.34657362120935514,0.4321363864973203,-1.0149999983722517,0.6107360526860622,6,1
38,46,0.24775625195501758,0.6369234932801557,-2.015999999288676,0.6763795832179529,6,1
39,47,0.22161562518898056,0.7408190717875021,-2.015999999288676,0.6763795832179529,6,1
40,49,0.3126186362917975,0.477970991776498,-2.015999999288676,0.6790813929323286,6,1
41,49,0.33607202617030174,0.5872365891998362,-3.0166666650279,0.7277160196251866,6,1
42,47,0.5159542101190461,0.28790082333333233,-1.014999995961147,0.7334889606590447,6,1
43,48,0.3319745674444848,0.5311959738492978,-2.0159999962263577,0.7345419126623184,6,1
44,45,0.40960954249729575,0.5747163690896162,-3.0166666660517625,0.7851178198556616,6,1
45,48,0.3301904685708358,0.5413466256579111,-2.016000004042978,0.7835653539086301,6,1
46,42,0.4648842111099563,0.43058787475546256,-2.0160000034900425,0.7909962669615733,6,1
47,41,0.4070516405595263,0.48277436913950816,-1.0150000341163943,0.8582148894109376,6,1
48,46,0.4111491448447236,0.6672884839522965,-3.016666590746473,0.8582148894109376,6,1
49,48,0.4591277422625666,0.5335303998327502,-2.01600000094871,0.861062878724421,6,1
50,48,0.26280588675811223,0.8818098981128023,-3.016666610554748,1.0570799859808464,6,1
51,42,0.3240608118790372,0.8820312966402156,-3.0166666917754936,1.0570799859808464,6,1
52,44,0.5068944439538177,0.7299811660166368,-3.0166666527360384,1.1136742605974537,6,1
53,44,0.48604725429547235,0.7129889819961076,-2.016000001937934,1.0834673201859135,6,1
54,46,0.5316072744509458,0.6343531940971976,-2.0160000003616267,1.3738489113113168,6,1
55,47,0.4715390833291317,1.0282907510933694,-3.016666683716485,1.378491423127562,6,1
56,47,0.4163493803586649,1.217147618065077,-4.014294750922902,1.378503756478238,6,1
57,44,0.6585195120488078,0.9482152287376336,-3.016666660083002,1.378503756478238,6,1
58,44,0.6337685052390105,0.8991302867135771,-3.0166666668704485,1.4833142645650503,6,1
59,47,0.376042823525809,1.5506273174380951,-5.017499988247787,1.483314264565051,6,1
60,49,0.6097103206475422,0.9925800886418276,-4.017142859910762,1.483314264565051,6,1
61,46,0.6108657340142701,1.236672086535825,-4.012527822698964,1.5691787943883904,6,1
62,43,0.7105897723567803,1.134417806175454,-3.0166666669358575,1.5691787943883904,6,1
63,47,0.5507338523862844,1.3170321858161005,-4.0122822126022255,1.5692695818941156,6,1
64,45,0.6808754317856176,0.8771531106924564,-4.012525643915286,1.5736942780117866,6,1
65,47,0.6343187761410385,1.37407018815501,-5.017500006496417,1.5692695818941156,6,1
66,43,0.6446439821345514,0.9213998345237885,-3.0166666669358575,1.5692695818941156,6,1
67,47,0.6496822201653164,1.1587601265992795,-4.017142848707531,1.6306639249513502,6,1
68,49,0.7946869599036828,0.9861589566564984,-3.0166666669454103,1.6306639249513502,6,1
69,48,0.5498851685133617,1.1193533292599802,-4.017142844613121,1.6307110180425866,6,1
70,45,0.8304906318803917,0.6067761208480289,0.0012529716515365353,1.6307110180425866,6,1
71,43,0.6207302458804351,1.0476154051539446,-4.003536739256034,1.6306880184421415,6,1
72,44,0.7842424130967006,0.9053321527203478,-4.003436312292521,1.6306880184421415,6,1
73,42,0.8625637899311194,0.6304994703418211,0.07530211895005119,1.6306880184421415,6,1
74,48,0.8632665081024116,0.5971677500702605,0.001530296539142764,1.6307110180425866,6,1
75,46,0.7560048983013897,0.9631684434606036,-3.016666667143381,1.6307110180425866,6,1
76,44,0.8280092120157779,1.1465516048825106,-5.017500018325918,1.6306880184421415,6,1
77,46,0.8274973468447203,1.1536408182550209,-5.013715744346259,1.630197625757606,6,1
78,48,0.8375995659565639,0.9492746045477466,-4.01714285562717,1.6302155540140773,6,1
79,46,0.8392691394774937,0.6360002745838735,0.0015663609616209837,1.6772729369352994,6,1
80,43,0.852951813598568,1.1538022229532083,-4.003573408085765,1.6772729369352994,6,1
81,48,0.7177121799173395,0.616444358262,0.002057106679086693,1.6806007807692571,6,1
82,43,0.6493774086995711,1.2096777732631139,-3.016666668213635,1.6806007807692578,6,1
83,49,0.42333924211444357,1.2607812966911738,-4.003586391266096,1.6806007807692571,6,1
84,45,0.7055301789821504,0.6299495793816169,0.00012343344377008925,1.7119830050178717,6,1
85,48,0.6503586088629528,1.0708827450951344,-4.002491679879227,1.7119830050178717,6,1
86,46,0.375811274624485,1.3225048559782937,-4.017142844433661,1.7120495062314818,6,1
87,46,0.6320144764847945,1.2026069873890544,-4.003003737369694,1.753753393037105,6,1
88,45,0.5342479471607542,1.5453473793103367,-5.003707306734041,1.753753393037105,6,1
89,45,0.8676316710371494,0.6920424192607225,0.004140334252335332,1.7669509220580073,6,1
90,45,0.7645440649997685,1.0549292586724166,-3.0166666700415807,1.7955489759698449,6,1
91,46,0.45245578668409225,1.2776142549995122,-4.01714286787464,1.7708322416666649,6,1
92,48,0.6377915956525173,1.1352362990918872,-3.0166666739300574,1.7708322416666649,6,1
93,46,0.9401437761241397,0.700082254343459,0.1390029750309746,1.8790354903335533,6,1
94,46,0.5874822532625379,1.150973042068905,-4.0171428498883355,1.8858756258796796,6,1
95,43,1.0737327718119918,0.9882159667044944,-4.001878796654427,1.8858756258796796,6,1
96,48,0.8866350056768775,1.3304591260281875,-4.01714286787464,1.8855491275018197,6,1
97,43,0.9630677701984598,1.0193168708165243,-3.0166666643662357,1.8830857922025859,6,1
98,46,0.7740570987969119,1.3510334502755312,-4.017142857141242,1.8836507564164053,6,1
99,47,0.7683701121906968,1.051439159493873,-3.016666666613238,1.9289502097426823,6,1
100,47,0.9951867190034115,1.1477675085866568,-4.017142856675151,1.9293556554218816,6,1
