gen,nevals,avg,stddev,min,max,run,representation
0,50,-1.0099999999999998,0.0,-1.0099999999999998,-1.0099999999999998,10,1
1,48,-0.7907333333329819,0.41286548253300676,-1.0099999999999998,-0.013333333331737479,10,1
2,45,-0.4321333333576108,0.49214925918509295,-1.0150000000428947,-0.013333318611476526,10,1
3,48,-0.3734199990788496,0.5202109728327736,-2.0159999999841025,-0.013333307716814072,10,1
4,47,-0.17309999620249925,0.36607270329555575,-1.0150000000428947,-0.013333318611476526,10,1
5,47,-0.17319999253472113,0.36630191756269603,-1.0150000000428947,-0.013333309974809512,10,1
6,44,-0.2533333240928867,0.4270846945020712,-1.015000024143896,-0.013333309974809512,10,1
7,46,-0.2533333217207721,0.4270846949039787,-1.0150000000704364,-0.013333309974809512,10,1
8,46,-0.2330999889567246,0.4138086041070303,-1.0150000002078676,-0.013333307716814072,10,1
9,47,-0.3528999869268041,0.47310720650432336,-1.0150000002078676,-0.013333307716814072,10,1
10,47,-0.3934666594232384,0.4855586568898689,-1.0150000560413552,-0.013333309971038113,10,1
11,44,-0.2731666555228803,0.43835491724669184,-1.0150000077621206,-0.013333309971038113,10,1
12,45,-0.291937190262142,0.44853716923838144,-1.015000000105164,0.025724503438424574,10,1
13,43,-0.30838147339531274,0.4621148363686614,-1.015000001031387,0.03998467418698354,10,1
14,42,-0.3810480018208582,0.6046915692833029,-2.0160000001846905,0.04541054279775123,10,1
15,41,-0.38889492264325803,0.7616323867114824,-3.016666670055332,0.09879443937449571,10,1
16,48,-0.2782460621633504,0.5940289339736521,-2.0160000246363348,0.17533445154090588,10,1
17,48,-0.12571802292906334,0.43826416753152164,-2.0011292075607066,0.307455878828593,10,1
18,46,-0.022293828816428857,0.29895340494741884,-1.0150003828413918,0.307455878828593,10,1
19,47,-0.23488055577120975,0.8131937571688821,-3.0166666602415524,0.307455878828593,10,1
20,46,-0.029628610981116923,0.5457140380623088,-3.016666669773439,0.307455878828593,10,1
21,41,0.14804795284734135,0.09917837255042088,-0.013333347498413124,0.32781958539364214,10,1
22,47,0.09244058127917493,0.3937744097472997,-2.016000009027688,0.33537758794885164,10,1
23,46,0.0092268897773531,0.5713337170403017,-2.0160000061274848,0.32006187293493954,10,1
24,48,0.0008443003665552001,0.531506180945553,-2.0160000060008683,0.32006187293493954,10,1
25,49,0.040324159354648684,0.6755284912057582,-3.0166666613851736,0.32265184653032497,10,1
26,43,0.0660186045749295,0.5252560145018792,-2.0160000060008683,0.34827889849342936,10,1
27,45,0.04623290095482317,0.6150690607559592,-2.016000004558675,0.4098626463146981,10,1
28,44,-0.17014807925080203,1.1420236936729737,-4.017142854437339,0.42845728173647557,10,1
29,50,0.0921285615042145,0.5438179856074826,-2.0160000068638757,0.42845728173647557,10,1
30,47,-0.1880389332856339,1.1793104802503245,-4.017142861771641,0.4469529248899636,10,1
31,43,0.18350539907893038,0.6097583358602566,-4.01714285579161,0.42845728173647557,10,1
32,46,0.21830251676104726,0.6171390841154916,-4.017142877105968,0.5109981046372968,10,1
33,42,0.31357531783683323,0.12605917440582146,0.02668738006545691,0.5777242774883122,10,1
34,40,0.17340416874741668,0.9504542761289612,-5.017500000398234,0.5777242774883125,10,1
35,50,0.1419584440677089,1.16809082596184,-6.017777778113861,0.653992503812948,10,1
36,47,0.2536541065845876,0.8819224638688731,-4.017142858052651,0.61938631697091,10,1
37,44,0.23849849228325862,0.882067590691899,-4.017142857687856,0.6329823318482017,10,1
38,48,0.25854008466601275,0.9893449114837133,-5.017499998210701,0.6775190248659634,10,1
39,46,0.2998996755393036,0.9952108756597221,-5.0174999975880645,0.6775190248659634,10,1
40,44,0.3931069602156165,0.7848851132168736,-5.017499998359163,0.6830630800054768,10,1
41,46,0.44133362104418017,0.6605564619961929,-4.017142856293387,0.7999498258085479,10,1
42,45,0.5063190031192532,0.19516357200169382,0.011031934898496252,0.7999498258085479,10,1
43,43,0.27977293653047236,1.0988625760370836,-4.017142856886539,0.7999498258085479,10,1
44,46,0.31608790927381486,1.2089823558327666,-6.017777778061117,0.8198089665354997,10,1
45,44,0.46589433722132484,0.6661495894919505,-4.017142856127771,0.837301181290533,10,1
46,46,0.5707268815821861,0.19867624107058288,0.017015239343343463,0.837301181290533,10,1
47,45,0.5218896610845145,0.8078672064004936,-5.017499999328302,0.837301181290533,10,1
48,44,0.4484827441169208,1.2279759067271143,-8.018181817399295,0.8577673957730987,10,1
49,46,0.47895281442101684,0.8194426398840724,-5.017500000403239,0.8577673957730987,10,1
50,46,0.4483235956091254,0.9600266477269276,-6.017777778035047,0.8577673957730987,10,1
51,48,0.5770445095678887,0.24801978511464223,0.052622684485074546,0.8577673957730969,10,1
52,44,0.6212016179524951,0.22468200900717325,0.05392970215144281,0.8577673957730972,10,1
53,47,0.6011066777937981,0.2332606324979854,0.03629502450449351,0.8577673957730972,10,1
54,48,0.49071229671814365,0.945907892319771,-6.017777777854767,0.8550155545542493,10,1
55,44,0.5950036331388184,0.24818314220548507,0.017632132595131973,0.855177846288906,10,1
56,44,0.6956064290584311,0.18864629576671108,0.1182037736479989,0.8876883112920623,10,1
57,47,0.24018382754843512,1.6800877691612448,-7.018000000394427,0.8876893281678288,10,1
58,46,0.39354038935759045,1.4317033569337334,-7.017999998911975,0.9448582500521594,10,1
59,48,0.5154933344833834,1.098684531085425,-7.0179999994532825,0.9285823311703333,10,1
60,49,0.47736461798095575,1.0980703148971511,-7.002916139031956,0.9941684162284863,10,1
61,47,0.6394722728663607,0.28761928529198066,0.05892681132608975,0.9941684162284864,10,1
62,42,0.6986826341373396,0.26477772161355106,0.03700368762363314,1.0092784540070014,10,1
63,46,0.6967040251456831,0.2828926867440812,0.06799009363480284,0.9990221011406633,10,1
64,45,0.6893287489220892,0.2658022402812709,0.058818736472466125,1.0089977769167007,10,1
65,47,0.6938300439809909,0.27803362713259816,0.09504178667043243,1.0122443686460578,10,1
66,48,0.7674006926653941,0.2558163593085434,0.11599718306454027,1.0504935261569628,10,1
67,48,0.7595230214739148,0.24769686317975612,0.09502120657725312,1.0290380168725959,10,1
68,48,0.7759566769903691,0.2528549692455643,0.18655532738929115,1.1201686439701137,10,1
69,48,0.7280642208464045,0.2933512581885524,0.07074871530251285,1.1197524804729797,10,1
70,48,0.7455183234660001,0.249037910203831,0.12160168652223474,1.1243633648497275,10,1
71,43,0.7784960173995096,0.3077026714069296,0.025666363392728937,1.1243633648497275,10,1
72,46,0.8037655656645483,0.297638462638645,0.028254151228418876,1.1243633648497275,10,1
73,46,0.7832993058123008,0.3107398749115972,0.1271992806985723,1.1243633648497275,10,1
74,48,0.7239381665196195,0.34015800751677444,0.03601741034010903,1.1243633648497275,10,1
75,45,0.744893876435788,0.3164872172276889,0.12919490438324957,1.1335155233427998,10,1
76,45,0.7019035054630983,0.3397383372286698,0.04909310302609256,1.1612581838218827,10,1
77,47,0.746549752813809,0.3408638075031679,0.05474324542660019,1.1612581838218827,10,1
78,45,0.5879987189121963,1.4143588562586846,-9.004834771006216,1.261557628628257,10,1
79,49,0.730479706737815,0.38111549567913394,0.0373674613299961,1.267584672016267,10,1
80,49,0.7547687517882143,0.32962133495948337,0.11580109704327622,1.2504509818830953,10,1
81,49,0.7752887049659563,0.3602963891731703,0.016208873784041063,1.2663790985443084,10,1
82,48,0.7853206048647096,0.3289063762959208,0.05663482081940315,1.2663790985443084,10,1
83,48,0.7612980206967727,0.36077920374320865,0.031203024381696958,1.26964958274756,10,1
84,43,0.8197362595536579,0.3772474345907564,0.050257408686293546,1.269649582747561,10,1
85,47,0.7478427824561215,0.37630137446744594,0.04958736870003918,1.269649582747561,10,1
86,47,0.6953376841430976,0.4182129741574383,0.010290947667714271,1.26964958274756,10,1
87,45,0.761533239120955,0.39229913220257373,0.12608346509047913,1.2942667815487314,10,1
88,45,0.8466072038603598,0.37295589198351053,0.126383361157513,1.2942667815487297,10,1
89,49,0.7927217609463174,0.4006264913181847,0.12143409187497553,1.2942667815487297,10,1
90,45,0.8173449588479949,0.3867612537318488,0.1719844721224266,1.2993941174579693,10,1
91,44,0.8133189011015078,0.38450577172893147,0.052823468557745216,1.2995021057703453,10,1
92,46,0.8487577103194843,0.3878300742448682,0.11062589072165008,1.4228876879877672,10,1
93,43,0.8751079353192093,0.42237238453774145,0.18456468471637194,1.4228876879877672,10,1
94,45,0.8766674393124205,0.4159558831339179,0.21666415872413608,1.4228876879877672,10,1
95,46,0.935034515123213,0.463649994286242,0.04332317941518128,1.4229106841737205,10,1
96,49,0.8590201471198378,0.43042011382839235,0.008767493956949446,1.4449726328401287,10,1
97,49,0.8366996082557547,0.44899013376432706,0.014631699341667657,1.4316621966536174,10,1
98,45,0.8483904369071388,0.47239588238199764,0.08910398108435388,1.4449726328401287,10,1
99,47,0.7559196962027137,0.41105633109049067,0.08542876226513264,1.4448905350741084,10,1
100,47,0.7946207402637345,0.40941393185338937,0.16910078840418952,1.489769003945897,10,1
