gen,nevals,avg,stddev,min,max,run,representation
0,50,-1.0099999999999998,0.0,-1.0099999999999998,-1.0099999999999998,2,4
1,46,-0.870466666666443,0.34583040802030995,-1.0099999999999998,-0.013333333331737479,2,4
2,46,-0.3924666690593965,0.4842810505756067,-1.0150000000428947,-0.013333333308167038,2,4
3,45,-0.11330000159411298,0.29990099965966444,-1.0150000000428947,-0.013333316366767402,2,4
4,47,-0.09316666674485446,0.2707286977143679,-1.0150000000205612,-0.013333316366767402,2,4
5,45,-0.05329999962559687,0.19579651860621483,-1.0150000000428947,-0.013333184544105262,2,4
6,45,-0.173299998477037,0.36653095851328005,-1.0150000141389655,-0.013333184544105262,2,4
7,43,-0.23329997494503954,0.4141850857728065,-1.0150000001901438,-0.013332928282450524,2,4
8,48,-0.17315653456144317,0.3663210097100701,-1.015000000900572,-0.011162533377449014,2,4
9,44,-0.13311638103295137,0.32473540962173825,-1.0150000001901438,-0.011162533377449014,2,4
10,46,-0.1330057279021553,0.3249317751160701,-1.015000000900572,-0.01114286480830692,2,4
11,46,-0.2128876054750135,0.40029239775657466,-1.0150001517619534,-0.011142864808306558,2,4
12,45,-0.2125805333076269,0.4007117593658432,-1.0150000596154782,-0.01114286480830692,2,4
13,47,-0.0718255122926061,0.23702765771858558,-1.0099999999999998,-0.01114208161164897,2,4
14,48,-0.21217967334541984,0.40066241337870306,-1.01500005400335,-0.01114208161164897,2,4
15,39,-0.07178375491976141,0.23788069519346988,-1.0150000181789103,-0.01114208161164897,2,4
16,47,-0.17207758561225142,0.3670656651012619,-1.0150000001901438,-0.01114208161164879,2,4
17,46,-0.15219906355867552,0.3475431231948818,-1.0150000493835454,-0.01114208161164897,2,4
18,46,-0.07208971410283153,0.23822419631263206,-1.0150000001901438,-0.011142081611647932,2,4
19,44,-0.1319106967384003,0.32548909642071727,-1.01500005532423,-0.011142081611647932,2,4
20,45,-0.15234484261259804,0.34805964987469495,-1.01500005532423,-0.011142081611647932,2,4
21,49,-0.11221844708571847,0.30059621680607423,-1.0150000001901438,-0.011142081611648185,2,4
22,47,-0.10833715797498959,0.3027273026878122,-1.0150000566393391,0.17812520989265723,2,4
23,48,-0.12473015926838057,0.3308472038217556,-1.01500005532423,0.17812520989265762,2,4
24,48,-0.00777552960435154,0.15598208410028744,-1.014999994656194,0.1782173314098185,2,4
25,45,-0.09585831062050904,0.4544084243167186,-2.015988756856338,0.17833019040444045,2,4
26,46,-0.06349478840310466,0.5296562376993078,-2.0160000750192024,0.1783331621430156,2,4
27,46,-0.06034590164223444,0.451299951009027,-1.0150000672068102,0.29347179502670967,2,4
28,46,0.034678316422621966,0.39134109770731984,-1.015000094847268,0.2934833747362605,2,4
29,44,-0.07107933152582391,0.7768263475365436,-3.016666826064853,0.4282190160592454,2,4
30,48,-0.034858479380489256,0.7582957836282536,-3.016666679157765,0.5825673610040795,2,4
31,48,-0.11911786920942673,1.0400473280786218,-4.017142857960991,0.5825673610040794,2,4
32,48,-0.10439538548629702,1.4096932602667265,-5.0174997896217635,0.5826148217299587,2,4
33,46,0.05384543962231696,1.3960584168492864,-6.017777631708322,0.6137575923230112,2,4
34,47,0.09116553743248361,1.3627431711730114,-6.0177776389296405,0.6219392904746645,2,4
35,45,0.0780941945951798,1.363260751208072,-6.017777628514773,0.7159759072571923,2,4
36,46,0.29456276889146077,1.2051442759806825,-6.0177776990767144,0.7937786009846124,2,4
37,46,0.34293818721803854,0.9396787714018219,-6.017777744190377,0.905732055062317,2,4
38,44,0.5358668726503117,0.2408333237853196,0.010148100845589298,0.905732055062317,2,4
39,46,0.5658439498689348,0.26358361466974217,-0.013333282632006097,0.9057320550623174,2,4
40,47,0.40001081687234297,1.1662078175689687,-6.017777859123398,1.06954347368705,2,4
41,48,0.47365938997504675,1.1725224276306976,-6.017777901214804,1.0695434736870502,2,4
42,47,0.27859599089685555,1.62038893012407,-6.017777901214804,1.1334063472540772,2,4
43,46,0.3949332966154086,1.135548673378424,-6.017777611167251,1.1705841197747244,2,4
44,49,0.20273198436866163,1.4982146293288299,-6.017777831224831,1.1705841197747244,2,4
45,48,0.1440896707454662,2.08086075356368,-6.017777611167251,1.1705843076772415,2,4
46,48,0.7110591366935708,0.4473698243311179,-1.0150000032712159,1.210965127255628,2,4
47,45,0.4265353730441971,1.7942808736433447,-7.018000095548037,1.2546636854974205,2,4
48,46,0.44590176633796047,1.756829362203325,-7.01800002865062,1.2546636854974205,2,4
49,44,0.8933664500767801,0.3643466553774881,-0.013333245178085741,1.3293096558584914,2,4
50,45,0.7645786144698594,1.1859048802809913,-7.018000092870072,1.4084928284390756,2,4
51,47,0.5848277719691555,1.4247501686124668,-6.01391680047475,1.4084928284390745,2,4
52,46,0.7784741556155177,1.1466221403569672,-6.008335962898737,1.4084928284390745,2,4
53,44,0.8574160371108798,0.9189660562902912,-4.00852747270349,1.4084928284390745,2,4
54,47,0.9567255632125067,0.7148979957173806,-3.0075597918643666,1.4364335010805778,2,4
55,46,0.8780333142766912,0.8461382904350376,-4.017142825724088,1.4733080225542203,2,4
56,45,0.9849622759606141,0.5407502995292273,-1.0149999625938935,1.4733080225542203,2,4
57,46,0.8171883853637968,1.0982850518064144,-6.017777854500372,1.4733080225542203,2,4
58,43,1.0205551559317374,0.5137538038586233,0.040829118730076525,1.5731024276784185,2,4
59,45,0.6438332923524333,1.4697444734158165,-6.017777727978552,1.5747310388583566,2,4
60,47,0.9969518663532313,0.49717634608200056,0.11513438384450218,1.7658891714219247,2,4
61,48,1.0245397671044012,0.5271495258412153,0.1842842549674664,1.7814239417381348,2,4
62,44,0.8462306810602342,1.4420720522129589,-7.01800011025741,1.7859559828597495,2,4
63,48,0.8346629635608079,1.038179175989461,-5.017499994662667,1.7859559828597495,2,4
64,47,0.9729292209109397,0.637887601208183,0.12113838724202194,1.7859559828597495,2,4
65,45,0.7355594070597878,1.711865439183383,-7.018000121566148,1.8228743097848543,2,4
66,47,0.6761859317891045,1.902710337946829,-7.018000114179153,1.8228743097848545,2,4
67,48,0.529776296931178,2.1913343818585513,-7.018000121566148,1.8228743097848565,2,4
68,47,0.8813320216115259,1.133793181501372,-5.01749998129233,1.8228743097848565,2,4
69,45,0.7638189474324447,1.5825621373244936,-7.018000089727317,1.8228743097848565,2,4
70,48,0.25969715852551656,2.2356879668018403,-7.018000134066745,1.8228743097848565,2,4
71,47,0.28734904566305286,2.217875733655014,-7.018000093263586,1.824714325361299,2,4
72,40,0.9643424232345917,1.3157213183592926,-7.018000097934961,1.824714325361299,2,4
73,47,1.043199274033965,0.8092088327749999,-2.0159999840924114,1.9682342917776834,2,4
74,44,0.6467204527032241,1.740888323446257,-7.017999955862486,1.9682342917776856,2,4
75,45,0.9515220239723502,1.4586373308368954,-8.018181802998654,1.972368924330128,2,4
76,46,0.8540667093147475,1.3996473753424226,-5.017500030024218,1.9773206259869516,2,4
77,48,0.8921623827010401,1.090735060204449,-5.017499970038648,1.9794208342727637,2,4
78,45,0.5856409112188511,1.7603907278139188,-7.017999918811297,1.9794208342727637,2,4
79,40,1.4085133020087912,0.7353424580858006,0.005065315908022193,1.9782159320766615,2,4
80,45,0.6395976541090667,1.7500310840137687,-7.018000140373527,1.9782159320766624,2,4
81,45,0.4964977493008085,1.7379860498294264,-7.018000111415304,1.9803622317946534,2,4
82,46,0.7030765237622592,1.2984862353725235,-7.018000135051621,1.9803622317946534,2,4
83,48,0.6983016745839309,1.3203714550389303,-7.018000135634509,1.980362231794655,2,4
84,46,0.5526408470417968,1.8443508142651273,-7.018000138136497,1.9803622317946523,2,4
85,47,0.9705629547231832,1.3556218287640396,-7.018000140218364,1.9823495884903062,2,4
86,47,1.0621232002615297,1.1567152399489953,-5.017499946650965,2.0244603566006796,2,4
87,47,0.2572137868808502,2.5377071113312266,-7.018000135051621,2.0414791628782836,2,4
88,45,1.1158437802489596,1.398386189868954,-7.018000124442275,2.0414791628782845,2,4
89,47,0.4542710016784791,2.4108913731684622,-7.01800013653628,2.0414791628782876,2,4
90,45,0.9037080030959385,1.3827327743439146,-7.017999917204086,2.0414791628782876,2,4
91,44,1.0790998984521072,0.7915313242707008,0.08305868404888522,2.1449669198817953,2,4
92,45,1.12940919106654,0.89464632517206,-1.0099999999999998,2.1449669198817953,2,4
93,43,0.9348760343277415,1.3871295369378145,-7.017999927890339,2.1612127895099915,2,4
94,44,0.9619336832926026,0.7995006964651487,-1.0149999670412893,2.1168758011483484,2,4
95,44,1.006518963383864,1.1361536352935997,-5.017500001199575,2.1449669198817944,2,4
96,47,1.2078037637954901,0.8070651961342838,0.030870609034494213,2.1543033603195054,2,4
97,46,0.8065650071396504,2.0096559034324053,-7.018000061532201,2.1555766679996706,2,4
98,46,1.1272659344309677,1.3960077691264519,-7.017999924458511,2.1555766679996706,2,4
99,46,0.7007988732788888,2.680407055612911,-13.018749962842634,2.1835719531089506,2,4
100,45,1.2476211973614928,0.8493197295587251,0.09661115215343774,2.198005087525516,2,4
