gen,nevals,avg,stddev,min,max,run,representation
0,50,-1.0099999999999998,0.0,-1.0099999999999998,-1.0099999999999998,6,0
1,48,-1.0702666655552255,0.4645809798021062,-2.01,-0.013333103037370111,6,0
2,49,-0.7712327673214151,0.5483887940020055,-2.01,-0.013306154021994462,6,0
3,46,-0.36810563976130284,0.5589727329350821,-2.01,0.12257697830811377,6,0
4,50,-0.18532372179678497,0.3879990894650585,-1.019992793630052,0.12257697830811377,6,0
5,44,-0.14042789627687627,0.38416685603956624,-1.014999986054725,0.16395568169013208,6,0
6,49,0.07240084520893131,0.16279514628855293,-1.0099999999999998,0.2152583186921801,6,0
7,44,-0.005136952149086799,0.46661821174861823,-2.0052396911522647,0.2152583186921801,6,0
8,48,0.11547577579100567,0.17462314777326166,-1.0073894062231452,0.2920268451900929,6,0
9,44,0.1690929137627466,0.06772280806748622,-0.01999999999999945,0.29211154754354285,6,0
10,45,0.1969286981354117,0.06332595714924075,0.056083148230065605,0.3456709931705651,6,0
11,46,0.17473246932059322,0.18852491632171836,-1.0087151744302625,0.3456709931705651,6,0
12,46,0.21170149864807786,0.19906489571547473,-1.0094035260571776,0.39877987191494296,6,0
13,47,0.20999349111698543,0.3407852382411205,-2.0199999542488634,0.3988643466548829,6,0
14,44,0.3046516726992523,0.0959737959440769,-0.013333291205863091,0.41389137085466926,6,0
15,44,0.3276287055196696,0.10123724331620174,0.07644738324529218,0.41389137085466926,6,0
16,46,0.3666060334234141,0.07697007668348264,0.1384088672488767,0.43154435557121534,6,0
17,49,0.3243887477962737,0.11432215636309927,0.12327176890144449,0.43154435557121534,6,0
18,46,0.34589807148434,0.10813535164435731,0.12504213210703502,0.43154435557121534,6,0
19,48,0.3702247933291015,0.08569508950707772,0.1709626742117027,0.44105333201642405,6,0
20,46,0.4013669292750935,0.06983861783749282,0.20820361882705965,0.4857346160916188,6,0
21,43,0.39386762608439285,0.09124331083514256,0.12927308126571457,0.4857346160916188,6,0
22,47,0.4333392869434003,0.07036282079357001,0.19291465363953106,0.5136124269010562,6,0
23,45,0.4463934137670323,0.09291911720633096,0.13039612462062586,0.5217235777957553,6,0
24,43,0.4330718845341729,0.1006890864060469,0.18289632139102802,0.5276568357671048,6,0
25,46,0.4827154350517208,0.06955128895474295,0.2742526257129309,0.5445102120633203,6,0
26,47,0.4760374146607165,0.09178827996935515,0.2572548521400751,0.563370684478922,6,0
27,44,0.47102562168276235,0.09970696007175246,0.22201107437640502,0.563370684478922,6,0
28,45,0.4743750591992202,0.10833606341074624,0.14532759380358878,0.5698896313858584,6,0
29,45,0.47466137174359024,0.11573519504537096,0.17759779995199018,0.578165623497919,6,0
30,44,0.5029723884798346,0.0981524605130374,0.1597517787908969,0.6186345345047105,6,0
31,44,0.5231643229619443,0.08329143487267977,0.25038919120074077,0.6189339156443769,6,0
32,44,0.5562600631521055,0.06956071963287827,0.32334448459748455,0.6332927755119268,6,0
33,47,0.5438230606534983,0.10882458510162729,0.1944594940409909,0.6332927755119268,6,0
34,45,0.5290668207559578,0.13438673581086827,0.19176277970864747,0.6843908473387803,6,0
35,46,0.5593087588058495,0.12275965453386607,0.22941996501717749,0.6843908473387803,6,0
36,47,0.5450794811606074,0.1295707722190307,0.2582397705953489,0.6843908473387803,6,0
37,43,0.5743400167678092,0.13262010586127324,0.28731804041975356,0.6843908473387803,6,0
38,45,0.5848917388730256,0.1347814676251916,0.2669946312350452,0.7472000615091517,6,0
39,42,0.6064871411979368,0.13546478016914182,0.2491629079003859,0.7472000615091517,6,0
40,46,0.6052025016674345,0.17236950500136153,0.1020459386350161,0.7987872711635136,6,0
41,44,0.6597502972380177,0.15592774510973448,0.28077980894564714,0.8023180034222724,6,0
42,47,0.688924182115153,0.1649372801567048,0.13615267152672186,0.8076494925268043,6,0
43,45,0.6433653119554223,0.22587341939334246,0.10383328501401849,0.815185917489912,6,0
44,44,0.6969243362279753,0.18775393380239871,0.1646234326153082,0.833696008094707,6,0
45,45,0.6969393146235057,0.18938576888004569,0.2636929811230931,0.8571589820185984,6,0
46,46,0.6596709635041544,0.21594303297614847,0.2863816509366694,0.857041554772537,6,0
47,49,0.6693264950623898,0.22572003726715514,0.20154608830815376,0.8873794454902525,6,0
48,44,0.7473991299914209,0.1668038233011253,0.20600793066633688,0.8873794454902525,6,0
49,49,0.749608397231471,0.19354054078883984,0.19172143814231044,0.8873801964649146,6,0
50,46,0.7539035850357204,0.20270013457053057,0.20141496299466963,0.8874155975205682,6,0
51,46,0.8007139302041947,0.14103013401385556,0.20600793066633677,0.8873801964649146,6,0
52,42,0.7876607575530297,0.1930971599697732,0.27590592164212635,0.966637384785501,6,0
53,47,0.7764056402896752,0.19827135185608905,0.2057472927108607,0.9666410728081524,6,0
54,45,0.7752715857225282,0.2242769412332935,0.2057472927108607,0.966637384785501,6,0
55,47,0.7557148648348754,0.22958204738337454,0.20659375803011468,0.9674201427638658,6,0
56,48,0.7711058148583847,0.2554502263581743,0.2062233402030484,0.9685421775890942,6,0
57,46,0.7560218497094396,0.276514190326214,0.17905490175542094,0.9690370489346295,6,0
58,45,0.7913899677663795,0.26256770900875626,0.27123177023227246,0.9819631030603879,6,0
59,45,0.7842415407005479,0.27499209873685065,0.19108308004189858,0.99700188594445,6,0
60,39,0.7511344255848652,0.30720910506433724,0.1449598820028976,0.99700188594445,6,0
61,47,0.7840594826037569,0.29750972134945913,0.1449598820028976,1.0192178487392152,6,0
62,45,0.8373497110919621,0.2548328583914063,0.2700631095969645,1.0192178487392152,6,0
63,48,0.7825816378465034,0.28644013308858307,0.26369428991372157,1.0368351984136004,6,0
64,47,0.8344577349670571,0.2866694429722496,0.07402175224317804,1.095961232486585,6,0
65,48,0.9149966584464214,0.23561966986494504,0.23090828004982644,1.095961232486585,6,0
66,44,0.9292911347978512,0.2880073738232537,0.15798777493509616,1.0959620933969199,6,0
67,47,0.940145520313831,0.3053843911333428,0.11416889353694858,1.0968905614802018,6,0
68,45,0.9274694826092472,0.33374382838501754,0.17279772731901774,1.106846330360605,6,0
69,45,0.8300863715356601,0.38600787506209466,0.06195952019276228,1.106878874495579,6,0
70,44,0.8914259638697757,0.3494787064402486,0.10547503962271829,1.1176082528963704,6,0
71,45,0.9621564535597642,0.3225834980084108,0.1622002833819871,1.1526993211239915,6,0
72,49,0.8993228033507863,0.3691345175395342,0.12483827895265617,1.1526993211239915,6,0
73,48,0.8942685871333516,0.39355321031957685,0.11730918290139111,1.1776736393073555,6,0
74,47,0.905024558953494,0.3911490416347288,0.13993807115008255,1.1776736393073555,6,0
75,48,0.8184487592739385,0.4344504685952434,0.13983308132596423,1.1776736393073555,6,0
76,47,0.8946823583582549,0.4013657099685,0.16449693389927436,1.1821530787890133,6,0
77,45,0.8881877261331581,0.41199503856371344,0.1597832730965778,1.1972953022141075,6,0
78,46,0.9555768954428083,0.3622343559870278,0.19553199704910917,1.2183371839617763,6,0
79,47,0.9022694497353052,0.41923158207343614,0.09562125892876833,1.2673026546534703,6,0
80,47,0.9010998523975364,0.4311466991118169,0.14989976144745326,1.2673026546534703,6,0
81,47,1.038431968160802,0.37021179812274074,0.11562139144978874,1.2738525923674762,6,0
82,45,1.0148415205491803,0.37419321042066467,0.1782263321661417,1.2738525923674762,6,0
83,45,1.0457719737486735,0.3849047654174293,0.22915027153252485,1.273970395395336,6,0
84,44,1.1107468977424275,0.3563022436993334,0.18775001315343443,1.2876223415719987,6,0
85,45,1.1346880679790912,0.34093047182132247,0.17690115728524297,1.2984755577952156,6,0
86,46,1.1883358780369195,0.2634171255855886,0.25369939871878683,1.3054787336185825,6,0
87,45,1.1008915283553256,0.38507094715919044,0.1887721458611117,1.3410045595745126,6,0
88,42,1.1375205330373064,0.35692412151714026,0.1316132755074962,1.3410045595745126,6,0
89,46,0.9735337811480275,0.47493341944940864,0.15506728377174303,1.3414606100958684,6,0
90,45,0.961106949973753,0.503692428670186,0.16952810151772416,1.3414606100958684,6,0
91,46,1.0445635738939572,0.4731160594808921,0.17986208809548013,1.3598553643712157,6,0
92,45,0.9823998687520394,0.47938746344314126,0.17744671168712678,1.3598553643712157,6,0
93,44,1.0957101517314112,0.4197369829203613,0.16084652031325242,1.3606237809694655,6,0
94,48,1.0432005052446502,0.4719319919859534,0.17600696877808594,1.3606481986074836,6,0
95,43,1.0705862696324582,0.4551885538815297,0.18298847005617458,1.360710547834026,6,0
96,44,1.2125370988125945,0.34177392052845,0.2768400508243667,1.3605824562837756,6,0
97,46,1.1081064994863046,0.4320827597088606,0.19435230957962066,1.3611464764346657,6,0
98,46,1.139255447936787,0.41567047121286665,0.20648542271485998,1.3611958853707018,6,0
99,48,1.1216112107641296,0.4299825158949874,0.19652627958972416,1.3611958853707018,6,0
100,43,1.0967628624045538,0.44503964981364685,0.19648816136093136,1.3920965703789718,6,0
