gen,nevals,avg,stddev,min,max,run,representation
0,50,-1.0099999999999998,0.0,-1.0099999999999998,-1.0099999999999998,7,9
1,49,-0.571466649001659,0.4947323426156528,-1.0099999999999998,-0.013333202202318682,7,9
2,44,-0.3794931527895545,0.5349250189309075,-2.015999999688339,0.14868522312096913,7,9
3,45,-0.39949104252863243,0.5260949305745307,-1.015000286941539,0.2351978948746863,7,9
4,46,-0.2441480880098152,0.5097017006066417,-1.015000122784523,0.2353283198439382,7,9
5,49,-0.331302770410244,0.7190238435418713,-2.0160002189706114,0.2418980431568859,7,9
6,41,-0.08119403041127157,0.5761253608167227,-2.0159999982570733,0.35651263065455424,7,9
7,47,-0.061567217489275426,0.6516163383144471,-3.016666666954566,0.514419935848893,7,9
8,46,0.04025256435404744,0.5849680649440687,-2.0159999981907775,0.6895328270059418,7,9
9,48,0.03764409498944421,0.5415666482454168,-2.015999905526011,0.6501394449917136,7,9
10,47,0.1797864313916263,0.42884474822981455,-2.016000000004932,0.6501394449917136,7,9
11,46,-0.059644064184865585,1.1560350335374368,-5.017499971242895,0.6111757260271721,7,9
12,44,0.2319040436989124,0.48912013173849594,-2.0160000310472865,0.8123082668511129,7,9
13,45,0.1997750411515507,0.7025596174905153,-3.016665160419545,0.7220143408252615,7,9
14,46,0.2534337983571713,0.6638453507968182,-4.017142888916626,0.6550958030811511,7,9
15,46,0.28467092818357775,0.5382978339993748,-3.016666668065943,0.754739990410757,7,9
16,46,0.42494665052825903,0.18972208168697008,-0.01333333283630947,0.8257564151513163,7,9
17,44,0.16876604154324823,0.8998158671445741,-5.020000005931895,0.8263097922700934,7,9
18,42,0.21081240888639546,0.8203274257344408,-4.019999954864294,0.8263097922700934,7,9
19,47,0.21126693304639196,0.9769009666862667,-6.017777798046063,0.8257564151513163,7,9
20,46,0.2990428366979791,0.6484855057814612,-4.017142660331341,0.754739990410757,7,9
21,49,0.3494232441711766,0.1939483643628025,-0.013333398333863284,0.7209333233951231,7,9
22,48,0.20414957972901118,0.9866465754038778,-5.022499987225013,0.7412169849675923,7,9
23,45,0.2643188474717099,0.7785729204166671,-5.017499954945675,0.754908961299911,7,9
24,49,0.15086794525115427,0.7740413768273907,-3.0199999999999996,0.8257564151513163,7,9
25,47,0.21641686059364584,0.6807973948979625,-3.0166667894231245,0.6622204856355876,7,9
26,47,0.2835874543928172,0.6385622512721801,-4.019999985302865,0.754908961299911,7,9
27,44,0.1654212852221308,0.7515372070775528,-4.017142742356248,0.8347514032439932,7,9
28,50,0.17621746007769187,0.7540839093279202,-3.0166666689827206,0.8314271416420864,7,9
29,46,0.29745408940938395,0.5087832273517184,-3.019999931111149,0.8314271416420864,7,9
30,49,0.17479970972130127,1.001909205904202,-5.017500061708453,0.8528264929238674,7,9
31,44,0.2532545131988599,0.7995133356122488,-4.017142878950329,0.8528264929238674,7,9
32,45,-0.01947369416687423,1.3747693946473838,-5.017500017104826,0.8528264929238674,7,9
33,47,0.1796266154455335,1.0039474961918258,-5.0175000128551845,0.8327841527742946,7,9
34,45,0.17644790354785897,1.0957792055940496,-6.017777841736692,0.7142789590289094,7,9
35,46,0.28953595318573544,0.7362620178778638,-3.0166666383630103,0.8562858043215609,7,9
36,46,0.15623706574833943,0.9342246842769276,-5.017499993580679,0.8400898173405711,7,9
37,46,0.30689018225233083,0.6736425476668217,-4.017142830102274,0.7269971693413819,7,9
38,45,0.3496049135175416,0.6566974810901572,-4.017142827955873,0.8400898173405711,7,9
39,46,0.39142163256172874,0.4028286575334627,-2.020000000650227,0.9063612412012,7,9
40,46,0.33988346551537435,0.6238273174347183,-3.020000047440374,0.9064957882397267,7,9
41,47,0.2927716548217393,0.8108240880799327,-4.0171428355064025,0.826992350001831,7,9
42,47,0.3453882273988448,0.5591091329013282,-3.016666679381787,0.8195946431093316,7,9
43,44,0.45770179660471305,0.196566972966112,0.06614944188500207,0.826992350001831,7,9
44,48,0.4054306320814847,0.28695701499264553,-1.014999999554456,0.9248355095117462,7,9
45,43,0.353248765087317,0.6641220255218022,-4.017142826691038,0.9248355095117462,7,9
46,45,0.5214365128193641,0.2511247895599267,0.07505179918220856,0.9834442744992746,7,9
47,43,0.5067503485056669,0.2658647629456553,0.05265151173448995,0.9834442744992746,7,9
48,47,0.428498904355563,0.5544123944927679,-3.019999991354095,0.8500677382012866,7,9
49,47,0.41243437985844933,0.21953592473167963,-0.013333316754764618,0.8068823960868554,7,9
50,46,0.4222188002555075,0.21295528065693503,0.08820541363311404,0.8068823960868554,7,9
51,49,0.2426670459762053,0.7979834327411565,-5.017500043432798,0.8065497114336887,7,9
52,45,0.42858794273573636,0.1802104639977609,0.13714109688452225,0.8065497114336887,7,9
53,47,0.4170064812092022,0.2102163058035009,0.06449947430638257,0.9749384040306573,7,9
54,48,0.39161914006617016,0.20822577750728283,0.059095661393748784,0.9231783049557057,7,9
55,49,0.29344692182437426,0.509799267532772,-3.0166667194034837,0.7382381061752797,7,9
56,48,0.4879796800775442,0.16590806642362332,0.15099578124949772,0.8054266377755764,7,9
57,48,0.3221570194599981,0.6466638027359205,-4.017142864940021,0.741233582162737,7,9
58,46,0.4233145798267237,0.16976267826585767,0.12449434871469692,0.741233582162737,7,9
59,49,0.4323673727353575,0.16398253078982855,0.09923194775085897,0.811048184459727,7,9
60,44,0.4652170240512429,0.19761041241947155,-0.013333654907337664,0.811048184459727,7,9
61,43,0.45253553406200425,0.21683603962358464,-0.013333201630077883,0.7972239272669108,7,9
62,47,0.4470599301178079,0.6601626735464731,-4.017142835357289,0.8231202912944594,7,9
63,46,0.4179210339645185,0.5297975259178817,-3.0166665612558083,0.8815633749503932,7,9
64,45,0.5502071804055345,0.2083911410750626,0.14550213955233557,0.8815633749503932,7,9
65,48,0.3807023471523659,0.5416274672309256,-3.0166665788697844,0.856134914382529,7,9
66,44,0.5110982013252823,0.25324794488059743,0.08479974642384835,0.8577733310333256,7,9
67,43,0.5387541474683145,0.25061230132993484,0.07399482887524605,0.9773488474208106,7,9
68,44,0.5136555563621031,0.2602158356493185,0.06689934804968556,1.0192251997293376,7,9
69,47,0.4778131514691748,0.2494847050255499,-0.013333316754764618,0.9772875754925515,7,9
70,45,0.4424488771570808,0.4322028097614611,-2.0159999965055935,0.9772875754925515,7,9
71,45,0.4717192788415235,0.2455820569971774,0.1595764312895951,0.9772875754925515,7,9
72,48,0.47814315225747867,0.22490079317286438,0.08548587397404472,0.8635317272130056,7,9
73,47,0.3148850658297976,0.623818569744351,-3.0166666380781932,0.9454896418725371,7,9
74,45,0.47486924527496865,0.1868550875936321,0.07847236707250206,0.8635317272130056,7,9
75,46,0.41935056988991254,0.2397705319043279,0.08574577121386469,0.9423806967473005,7,9
76,48,0.408012836056611,0.2248258273677852,0.08760054579626454,0.9478681137875361,7,9
77,47,0.4190794533987007,0.23076569688705198,-0.013333351129619296,0.989449610149348,7,9
78,45,0.4527929544469499,0.24708537248250154,0.0798221090190342,0.989449610149348,7,9
79,48,0.3288022984662468,0.4198468765165321,-1.0150003192464097,1.1156550868636443,7,9
80,47,0.39747210208765565,0.23270806962400453,-0.01333333283630947,0.9948441764145055,7,9
81,48,0.29583402531873204,0.8617640389020421,-5.01749998981923,0.8667141251248722,7,9
82,47,0.4785433874268123,0.3045241701841137,-1.0099999999999998,0.9451137523021418,7,9
83,44,0.41073866694061345,0.6783514830847783,-4.017142850650226,0.9451137523021418,7,9
84,47,0.06867999105248253,1.3956397386425936,-5.0175000528902265,0.8209244693838198,7,9
85,48,0.2967164983329768,0.8666212706340978,-5.017500375162602,0.8209244693838198,7,9
86,44,0.5206991124981077,0.25447559786720253,-0.01333333283630947,0.9451137523021418,7,9
87,50,0.4057747202705574,0.32968739762189087,-1.0150000589611081,0.9122902914229133,7,9
88,43,0.4457965159376077,0.22502310179200005,-0.013333323120638074,0.9006658343945688,7,9
89,47,0.41854876317371925,0.22518670011373695,0.09957472255479372,0.9042756538891242,7,9
90,47,0.4485357714474265,0.41198259840876383,-2.0160000245602716,0.8221531638669887,7,9
91,48,0.36275059021838174,0.6594956143112559,-4.017142866213079,0.8524182902909825,7,9
92,45,0.2581933331432188,1.047578395866621,-6.017777766628351,0.8524182902909825,7,9
93,44,0.3935158111099063,0.5341864154524626,-3.016666661861122,0.8524182902909825,7,9
94,48,0.13383545233170335,0.9732992722488701,-5.017499977718304,0.8470223697312833,7,9
95,43,0.42796945342910675,0.23011730044469406,-0.01333335436939037,0.8515011602092821,7,9
96,42,0.3521873422752631,0.5692273466904362,-2.01599999669597,0.9621104845623218,7,9
97,46,0.4746311325614653,0.33814256397218223,-1.015000168796088,0.9103743581970836,7,9
98,47,0.4785961148814745,0.2512457839743405,0.06078164515313291,0.9172444708076877,7,9
99,47,0.15240928984656976,1.434767670334928,-7.018000007992741,0.9746873652453217,7,9
100,45,0.4745626485149243,0.23847702877193788,0.10033639852222359,0.9106562564833268,7,9
