gen,nevals,avg,stddev,min,max,run,representation
0,50,-1.0099999999999998,0.0,-1.0099999999999998,-1.0099999999999998,8,4
1,47,-0.9900666666666345,0.13953333333355672,-1.0099999999999998,-0.013333333331737479,8,4
2,45,-0.8505333339339556,0.36538403403494657,-1.0099999999999998,-0.013333333331737479,8,4
3,45,-0.4720999966857613,0.49706246391333925,-1.0150000000428947,-0.013333107822226185,8,4
4,47,-0.15336665357998183,0.3470706830862135,-1.0150000241803767,-0.013333107822226185,8,4
5,49,-0.1132666797105872,0.29991219715588324,-1.0149999997469918,-0.011669259563297337,8,4
6,44,-0.09288155770511407,0.2704439641931936,-1.0099999999999998,-0.011344446202629135,8,4
7,45,-0.13286002021172424,0.32483047662387116,-1.0150001701246212,-0.011344446202629135,8,4
8,47,-0.13210288688636943,0.3242325055120563,-1.0150000824950733,-0.00997518106264242,8,4
9,46,-0.21165691452172367,0.3997177979111005,-1.0150000656276816,-0.009670074108989431,8,4
10,48,-0.2119652872718523,0.4002706736855447,-1.0150000656276816,-0.009337144269552834,8,4
11,45,-0.09130352545148196,0.27111477813250284,-1.012744486872047,-0.009670074108989431,8,4
12,46,-0.15101136201373339,0.4013555655857411,-2.0142245107622636,-0.009670074108990512,8,4
13,47,-0.15042287515593936,0.34842088291948947,-1.0150000667489512,0.03178270355998409,8,4
14,49,-0.1458974094822257,0.34942116917216354,-1.0150000864705329,0.07640499515910272,8,4
15,48,-0.13276162045351023,0.3560343839883538,-1.0150000667489512,0.07640499515910272,8,4
16,44,-0.18374901331506022,0.4835202471176301,-2.002976610365865,0.17818975759758043,8,4
17,48,-0.20895313241002736,0.5894032570624408,-2.0159999996272653,0.17818975759758043,8,4
18,46,-0.1056335047839712,0.47287339038944876,-2.015999907124994,0.17824084466256415,8,4
19,47,-0.010451164643956566,0.3397126260192607,-1.0150000076621566,0.1787195771822705,8,4
20,45,-0.009185557259667935,0.56988935812271,-3.0166666672545355,0.17872887853864952,8,4
21,43,-0.0005377447362603722,0.37759345983458004,-1.011912123694308,0.2837789755174479,8,4
22,43,-0.04351720395177214,0.4699781073156479,-2.0160000194878775,0.18628290097235878,8,4
23,42,-0.06214043661418003,0.49165946289608925,-2.015999997487095,0.31022585085700227,8,4
24,48,-0.07068714341714824,0.4469387705214822,-1.0150000383837103,0.2838540222966543,8,4
25,45,0.006147765979791578,0.4193186351565019,-1.0150001781403948,0.4708270684222692,8,4
26,45,0.08341962147051203,0.47455385857920995,-2.0160000074079525,0.599685768182065,8,4
27,44,-0.09111140104339328,0.9207414735838209,-3.0166666584365287,0.599685768182065,8,4
28,43,0.22591233104687874,0.5832293441492551,-2.0160000200229513,0.6005850096909379,8,4
29,49,0.31178391423207436,0.576221949996199,-3.016666659058129,0.7984991000336567,8,4
30,40,0.20200365526506586,0.9644803294195343,-3.0166666751335756,0.7984991000336567,8,4
31,48,0.05716136754512242,1.2003468593946915,-4.017142861781739,0.7984991000336567,8,4
32,46,0.31146435520089477,0.929763746906998,-4.017142899074346,0.7984991000336567,8,4
33,43,0.28704556677133214,1.1802238571045667,-5.017499995598547,0.8508285732801701,8,4
34,46,0.17788865163128115,1.3545294539325026,-4.017142865699144,0.8508366149426961,8,4
35,47,0.268429137427179,1.148037894678892,-4.017142899074346,0.8473098721042356,8,4
36,46,0.07545497640487706,1.5401888153200178,-5.017500004216273,0.8537460231476647,8,4
37,45,0.32186493940444116,1.1087424531371732,-5.017500000658365,0.9030541438681555,8,4
38,49,0.014855693412128683,1.4999033640958597,-4.017142861876635,0.9093763901169132,8,4
39,47,0.0511120770802691,1.5742874413404935,-5.017500052974515,0.9093763901169132,8,4
40,46,0.18865322528530598,1.3959805949619004,-5.017499943923318,0.9309337570502833,8,4
41,46,-0.06843536334861725,1.6895558333183143,-5.0175000811706685,0.9309337570502833,8,4
42,48,0.32136380278823423,1.219125367181935,-5.0175000112037225,0.9309337570502837,8,4
43,46,0.6305427317394565,0.7223366226442173,-4.017142833173064,0.9512033534242265,8,4
44,45,0.40534409637351826,1.0979800272022393,-4.017142901480035,1.0116269240284241,8,4
45,46,0.399067005548867,1.1450388484344274,-4.017142852244429,1.0253605692037722,8,4
46,47,0.4984018561683361,0.755379714019867,-4.017142845612391,1.0253605692037722,8,4
47,41,0.13507358487570825,1.5264592550337013,-4.017142855076517,1.0253605692037722,8,4
48,46,0.46205337607667135,1.1816494041527694,-5.017499998544154,1.0320014840772669,8,4
49,47,0.2604824099075902,1.4565347104587374,-4.017142854282904,1.1003727016750433,8,4
50,47,0.41061825286607906,1.1678322596583028,-4.017142856903692,1.100372701675044,8,4
51,45,0.534757495270967,0.927290043468325,-4.017142842200298,1.1003727016750433,8,4
52,46,0.40899133919613284,1.2817906403687072,-4.017142870832466,1.1003727016750433,8,4
53,44,0.34280222419253426,1.3160869477445856,-4.017142873909709,1.1003727016750433,8,4
54,42,0.44041710189835975,1.3566589086453695,-4.017142873910946,1.1004152557144968,8,4
55,44,0.7212811771357639,0.6744236869257357,-3.0166666429406948,1.1103588674857006,8,4
56,45,0.125181328299203,1.549464041064378,-4.017142905051521,1.1358179135508548,8,4
57,48,0.5150490494121847,1.125429982336982,-4.017142890777606,1.1360103445909038,8,4
58,47,-0.23968470662415448,1.94946943456493,-6.017777874223894,1.1481392653080797,8,4
59,45,-0.22912772546957158,1.8830916331622378,-4.017142822881113,1.1481392653080797,8,4
60,49,0.3240491010362268,1.454735779943036,-5.017499866598044,1.148850697773157,8,4
61,45,0.47967187425337565,1.2025437484798847,-4.01714279603884,1.148850697773157,8,4
62,48,0.33975769422256746,1.4425360705271446,-4.017142857359212,1.1598728462452534,8,4
63,45,0.4905974467851415,1.1091665795596348,-4.017142862111059,1.1765889668311529,8,4
64,47,0.8564180687559749,0.40176964224516226,0.029860256464654965,1.1985571044180265,8,4
65,50,0.3364988673327691,1.3929587488856523,-4.017142820704773,1.2050955074131735,8,4
66,48,0.2469955880688346,1.4805160197774307,-4.017142855879525,1.2050955074131735,8,4
67,45,0.35828398016451024,1.3451983714638294,-4.017142856950785,1.2104769823145798,8,4
68,48,0.49728992099735175,1.0425264576138462,-4.017142825573579,1.2074527147831497,8,4
69,43,0.6149205540344904,0.9918729286043826,-5.016331856331218,1.2679289824379845,8,4
70,46,0.46805738741878705,1.3993980432945339,-6.000419051605957,1.2979436082951898,8,4
71,46,0.5959733466587064,1.280464989781861,-4.017142881034289,1.3024775531785933,8,4
72,48,0.6450863933821845,1.0826823582166178,-4.017142881078839,1.3024775531785933,8,4
73,47,0.6220029231994681,1.4818340227115183,-5.005964719157916,1.3989809507997966,8,4
74,47,0.7889601950764756,0.9472347897023544,-5.001121881086525,1.399124864759132,8,4
75,48,0.3038887046499025,2.1000098595280363,-6.0097821944170775,1.3992850320853505,8,4
76,47,0.9396723815610222,0.5509818712025515,-1.0099999999999998,1.399124864759132,8,4
77,41,0.6190025882130022,1.650186332636789,-6.0097127891018705,1.4094394296226316,8,4
78,48,0.4512501771017763,1.8024803090517183,-6.00971114493896,1.4457858458168489,8,4
79,47,0.6537199251699373,1.6698000693521844,-7.005481785286757,1.4117241384859762,8,4
80,47,0.755183478852975,1.557668113635864,-7.002253599133544,1.4939026309625252,8,4
81,46,0.7743734563051825,1.404505079464001,-6.000919027767739,1.4941834612915568,8,4
82,49,0.4893548581014578,1.822807277098174,-6.01777777742608,1.4941834612915568,8,4
83,44,0.70577633951929,1.7596289643385108,-6.009702993260599,1.5415479518451434,8,4
84,46,0.8017826035874502,1.4829460893920785,-6.017777860013433,1.5415515841462637,8,4
85,47,1.125246224031669,1.1031222632356323,-6.009484895927491,1.5655137295376889,8,4
86,45,1.2284604394276761,0.49767872169475585,0.12574835789031877,1.5655137295376889,8,4
87,46,0.46378906699461503,2.1602139172725807,-6.0177778595373415,1.5655172424110082,8,4
88,47,0.7120430995889638,1.7114496059472222,-6.008877480001329,1.579098437219002,8,4
89,45,0.9334405351227976,1.600376740815765,-7.009807628412012,1.5766627611506487,8,4
90,44,0.903651355523552,1.7490901550433178,-7.010146672701701,1.5766794023758886,8,4
91,49,1.0018461993136984,0.8510866091383391,-3.016666666971182,1.5845813543456368,8,4
92,48,0.6688123212017056,1.3568318214775001,-6.00859347760101,1.5965726106886375,8,4
93,49,0.36430793816876134,2.4142980906249916,-11.018571429648876,1.5965726106886375,8,4
94,45,0.42331181629844133,2.0442595892739712,-7.018000043856248,1.5977469673474984,8,4
95,46,0.8600920933337157,1.6817235949537663,-6.017777854671626,1.5977506985496956,8,4
96,48,0.8139231607617314,1.5352513255541467,-6.0177778565472595,1.6197653408906685,8,4
97,47,1.0044172474936892,1.0290343814625007,-3.0166666657299768,1.6197691547894795,8,4
98,45,0.7273396719589804,1.7207905398329577,-6.017777775691624,1.6197691547894795,8,4
99,45,0.8519189821887406,1.621114968192283,-6.017777854643234,1.6205347204573104,8,4
100,47,0.838927585141646,1.6312063858211046,-6.0177777801031676,1.6222001563773998,8,4
