gen,nevals,avg,stddev,min,max,run,representation
0,50,-1.0099999999999998,0.0,-1.0099999999999998,-1.0099999999999998,4,0
1,44,-1.0101328354751984,0.2823734274716446,-2.01,-0.013308478918942775,4,0
2,45,-0.9703323368277436,0.3971937906556634,-2.01,-0.013308478918942775,4,0
3,47,-0.8309634495879921,0.5533736392745863,-2.01,-0.013292317895904196,4,0
4,48,-0.38516103406858065,0.529107834491939,-2.01,0.14232323155917112,4,0
5,46,-0.09007525130989447,0.36914474846864337,-2.01,0.14232323155917112,4,0
6,46,0.0033609849411442693,0.21598842873348123,-1.0099999999999998,0.17167387107963794,4,0
7,45,0.06411519899735177,0.23115198070107937,-1.0150001773007251,0.3792031328621113,4,0
8,46,0.17183180942511367,0.08449501705694847,-0.01333332194996201,0.44725563413367064,4,0
9,42,0.26400048582665514,0.11914729188994155,-0.013333369810855785,0.4651793681143635,4,0
10,45,0.3718663145827963,0.08849827296231187,0.10115589250076902,0.46620089039833057,4,0
11,49,0.3861019557751989,0.10094624195990269,0.09457061368826145,0.47610973161151815,4,0
12,44,0.38317849586797637,0.11442670785618193,0.09457061368826145,0.4817623802717719,4,0
13,46,0.40616301749123523,0.10629759237110585,0.15231871170040556,0.5860441365481728,4,0
14,43,0.3819114823465285,0.1380863499230681,0.05382065149951817,0.5865754307871388,4,0
15,50,0.4015484229624626,0.1554450698724573,0.030384773057348803,0.5871436183047402,4,0
16,46,0.4427788921716601,0.15586467842736998,0.07819160532738169,0.586227332055172,4,0
17,49,0.43553127982936357,0.27317778680646587,-1.0150000090470592,0.5920823171225635,4,0
18,48,0.4961466022473534,0.15514083982827456,0.08436191858409917,0.6110474352900809,4,0
19,46,0.4795004166164097,0.17090430937839354,0.06656037794594157,0.6511347847845086,4,0
20,46,0.532178113235758,0.14925867838235163,0.09347770241919608,0.6511347847845086,4,0
21,46,0.5260407303277708,0.17812203140212746,0.08568716547945608,0.6511347847845086,4,0
22,46,0.5067395840795549,0.2038095044996834,0.08180155460380617,0.6565913696927957,4,0
23,49,0.5660734143404366,0.1708584619692173,0.08568716547945608,0.6567614204620036,4,0
24,46,0.507713437569832,0.21102111992869713,0.0889727727161309,0.6894560667067018,4,0
25,47,0.5258065051434777,0.19910413458893886,0.10322313129129614,0.6896198226294324,4,0
26,45,0.5304070685737977,0.1897962832985589,0.12157195428467603,0.6896198226294324,4,0
27,45,0.549223351685494,0.1828739048908287,0.17966422582103975,0.6923103340839385,4,0
28,44,0.5607663702073863,0.18558328817269001,0.1284893575521491,0.6974938114918013,4,0
29,48,0.5979216673798183,0.15417058668795156,0.17803457890952512,0.6974938114918013,4,0
30,49,0.5350512111667651,0.1986466312660387,0.12040657520029616,0.6989987712847726,4,0
31,44,0.563075146294316,0.19184321855325337,0.1566180535508254,0.6990597181324993,4,0
32,44,0.6172862633493421,0.14917752417570543,0.19053687974120118,0.6995122448507586,4,0
33,49,0.5452143699672454,0.19801265914183946,0.17189639260661474,0.6998735499934935,4,0
34,49,0.5855992106972296,0.18016779733605334,0.09762292391713849,0.6998735499934935,4,0
35,46,0.5840819940181805,0.18205273000624414,0.14576348885330023,0.7000424790472554,4,0
36,47,0.5687716112782808,0.19295411471517132,0.09744529124904083,0.6999671161365563,4,0
37,44,0.6135416908862288,0.15745241553121486,0.1305101834611847,0.7002341282308479,4,0
38,45,0.5966979022930002,0.18398033888154772,0.14686171938484388,0.7002341282308479,4,0
39,47,0.6062709228304345,0.15426067660990422,0.19612098374578243,0.7002341282308479,4,0
40,47,0.5769402201059791,0.18910570711737465,0.11503826482921448,0.7273975460384667,4,0
41,44,0.5406216432639348,0.2203270797785254,0.0716022471730176,0.7273975460384667,4,0
42,49,0.5950019366259185,0.19330532314004528,0.13777390516702723,0.7273975460384667,4,0
43,47,0.5829180636591775,0.19180956218735304,0.15953643838940357,0.7273975460384667,4,0
44,48,0.6601730586431216,0.14146804715621977,0.12435301005788713,0.7273975460384667,4,0
45,45,0.6110477331260519,0.2019532854112036,0.12375719355176881,0.7292796508149655,4,0
46,50,0.6092383714339735,0.19679873077649643,0.15527324414867172,0.7302121334357913,4,0
47,47,0.6144370517553932,0.18205011955470582,0.1816513115497596,0.7302121334357913,4,0
48,49,0.6341699308158429,0.17486346483269366,0.13013829672789873,0.733333304908882,4,0
49,44,0.6034462106279318,0.1942646304194422,0.15495464927253466,0.7352816022433221,4,0
50,47,0.6278344102342688,0.18956160386315996,0.12495990875179078,0.7803467694633265,4,0
51,48,0.6585998728408,0.15705930803932655,0.22377251912613091,0.7803467694633265,4,0
52,48,0.5700319790472019,0.23565557457900552,0.1339175614653495,0.7798952068203622,4,0
53,46,0.6697616298412362,0.16322575662154054,0.1339175614653495,0.7798952068203622,4,0
54,48,0.5993299171710383,0.24846554446183014,0.1220557718690446,0.7805060447725423,4,0
55,49,0.6174606001065395,0.2347039307366309,0.12229193336243797,0.8407801872393996,4,0
56,46,0.6674693979645768,0.19284652110664713,0.11285884287939718,0.8411093761181548,4,0
57,48,0.6426547819719179,0.24542913123563376,0.12228933836366901,0.8413046893765211,4,0
58,45,0.6959297043154973,0.21289098296405093,0.2262441836469485,0.8469744073754384,4,0
59,43,0.7205887591256207,0.19634852226531987,0.1974706814715139,0.841871576947553,4,0
60,46,0.6569512173822254,0.23748531157960184,0.11195295776975743,0.841871576947553,4,0
61,44,0.6997887595628052,0.22115659324475512,0.11195295776975743,0.8417222828516419,4,0
62,42,0.7185873167215678,0.19275336752075556,0.18405282587025612,0.8417222828516419,4,0
63,42,0.7006570431147723,0.20437548464877828,0.11195462389162608,0.8435141254378943,4,0
64,45,0.6890408694176968,0.21019898825417616,0.11195462389162608,0.8435141254378943,4,0
65,46,0.6612814257962247,0.22656994568743113,0.1161838255031006,0.8435141254378943,4,0
66,46,0.6727216578299715,0.22239388035268073,0.20119746215265472,0.8435141254378943,4,0
67,46,0.6509744916481303,0.2246562849859918,0.11195462389162608,0.8435227465823747,4,0
68,44,0.6809384571400772,0.20811273412373774,0.26627450843129236,0.8684210767051702,4,0
69,43,0.7464082562183628,0.19516658273581122,0.22207575446557243,0.868680229202672,4,0
70,42,0.6739334761871324,0.23327406111653598,0.1201267010014076,0.8684210767051702,4,0
71,45,0.6506830854823087,0.2409018213455468,0.1598597714728994,0.8684210767051702,4,0
72,44,0.6714605298411093,0.23535006695089014,0.1964870034042871,0.8691051581805402,4,0
73,49,0.642084284866382,0.25683715387701617,0.1598597714728994,0.8691051581805402,4,0
74,46,0.7288777851728382,0.23019442871730608,0.22233762201478321,0.8838298672214049,4,0
75,47,0.7239546331760717,0.23459575999787752,0.1573515659872434,0.8838298672214049,4,0
76,50,0.7444811388550698,0.2309804878612183,0.12343290368665452,0.8838298672214049,4,0
77,45,0.6797463251643296,0.26448557756736857,0.1616271491379464,0.8946080214420233,4,0
78,47,0.7643872600573559,0.2024574449140217,0.2412562369638837,0.8946080214420233,4,0
79,46,0.7448864382821456,0.2123747174010384,0.23762673295373962,0.8946080214420233,4,0
80,45,0.7670826638554691,0.2174330584354378,0.14814798039594732,0.8946080214420233,4,0
81,45,0.6977678588849839,0.2547203129631388,0.23210530352571473,0.8946080214420233,4,0
82,44,0.741685019097903,0.23240532799194835,0.2320959817260461,0.8960771261130221,4,0
83,49,0.7721688661211717,0.2043071725930976,0.25501809812527637,0.8960771261130221,4,0
84,45,0.7280915388637473,0.24997856864139065,0.10246103999054865,0.8960771261130221,4,0
85,46,0.7388196179542439,0.24558078709760583,0.18522362543759943,0.9035169927238587,4,0
86,47,0.7247888407050165,0.2544928330839785,0.23540512504864633,0.9035169927238587,4,0
87,48,0.7190237162463592,0.2675666529295146,0.19496183306327386,0.9114752408559021,4,0
88,48,0.6917460312784806,0.25355953212757565,0.222919135548811,0.9125406224829489,4,0
89,47,0.6326014248712485,0.29585066737050353,0.15085700789928577,0.9125406224829489,4,0
90,41,0.7501533340970303,0.2401221207047297,0.18240275669539943,0.9125406224829489,4,0
91,47,0.7744178982114925,0.23521955282803603,0.1683090122307843,0.9127056259088855,4,0
92,43,0.7745613503802788,0.22595693819555554,0.21922607899953933,0.9130593629590389,4,0
93,48,0.687691120851939,0.26064343607547474,0.2297901152864013,0.9131219174637099,4,0
94,49,0.7275819932420421,0.2596899229179302,0.22337238125997674,0.9163956299765376,4,0
95,44,0.7738386692569768,0.22995476246236987,0.23568907615713974,0.9164010970990104,4,0
96,49,0.7591918672181818,0.2480716547691672,0.17556827914326523,0.9164010970990104,4,0
97,47,0.7194075638891332,0.2584826296224297,0.11410351422594024,0.9164010970990104,4,0
98,49,0.7804069267767111,0.19942529166035275,0.2685915376040328,0.9307980476500639,4,0
99,48,0.7451215420961358,0.23009511028161886,0.2623724929708145,0.9175914149946287,4,0
100,45,0.7942654882122198,0.2215028833679003,0.16653659843464935,0.9175914149946287,4,0
