gen,nevals,avg,stddev,min,max,run,representation
0,50,-1.0099999999999998,0.0,-1.0099999999999998,-1.0099999999999998,1,9
1,49,-0.6312666535714601,0.48376850589413284,-1.0099999999999998,-0.013333202202318682,1,9
2,46,-0.4479529873530346,0.5006400499703523,-1.0150003232304499,0.21735063574425612,1,9
3,46,-0.4744007099735665,0.5229260327998653,-1.0150003232304499,0.5155027383528427,1,9
4,47,-0.2842941590668299,0.5058736304553041,-1.0150000968300794,0.3069794622282398,1,9
5,43,-0.1348010969199223,0.5909933951725652,-2.015999987578902,0.5155027383528427,1,9
6,44,-0.28835282925318895,0.788591404626812,-2.020000001085489,0.7066370088512985,1,9
7,46,-0.15860966034471885,0.8627208055318147,-3.019999969291977,0.7031794385933092,1,9
8,47,-0.023313793489765464,0.7748414603072021,-3.0166666665690176,0.8112474589130203,1,9
9,48,0.06593088315185669,0.7635742801373332,-3.0166666891879315,0.7028209584564704,1,9
10,45,-0.03476612373404882,0.9884943049700503,-4.0171428645172576,0.7066496690914972,1,9
11,44,0.019680058312639456,1.0644293858147553,-4.017142932591725,0.7066496690914972,1,9
12,47,-0.08574470283260488,1.1112648173603692,-4.017142738917709,0.7064313094494644,1,9
13,50,-0.12890157246674985,1.2088605157621872,-4.017142878167691,0.7036837729765704,1,9
14,49,-0.012110229076515317,0.9129633254640106,-3.016666658504836,0.7036837729765704,1,9
15,46,0.1461754729193733,0.8221059880580134,-4.017142857341532,0.7066370088512985,1,9
16,48,0.09221351463419246,0.8715223964353266,-3.0166667623215546,0.8331531523089473,1,9
17,48,0.2135648126821636,0.6235689663443561,-3.016666549738201,0.7066656644799266,1,9
18,43,0.12629353547407715,0.902926825279202,-4.017142933665522,0.7064189121995245,1,9
19,44,0.18707703949021415,0.7055024181106816,-3.016666676054481,0.706334843328125,1,9
20,45,0.2922556949826338,0.6468158786846503,-4.017142829503025,0.7066656644799266,1,9
21,47,-0.026258472990730176,1.1267094249855707,-4.017142889440848,0.7065008886894055,1,9
22,45,0.2457699233668038,0.5767520393721056,-3.0166667534707785,0.7064326645952956,1,9
23,48,-0.0552940619858391,1.2132519168011624,-4.017142933665522,0.7517651505869255,1,9
24,46,0.13517130623172105,0.5976177941718894,-3.0166665882526025,0.7517651505869255,1,9
25,45,0.11649032482466572,0.9033433107230358,-4.019999961149437,0.7064189121995245,1,9
26,47,0.11939475061701982,0.8795425931174135,-4.0199999689020105,0.7064189121995245,1,9
27,48,0.02673953392075953,1.0689732586398615,-4.0171427656101,0.7064326645952956,1,9
28,42,0.047320667634991695,1.0833434398885626,-4.017143161876877,0.7064326645952956,1,9
29,41,0.23686798565172243,0.6027866781826031,-2.019999999367398,0.7064326645952956,1,9
30,48,0.10424483902606274,0.9850628956313552,-4.017142933665522,0.7064326645952956,1,9
31,44,-0.0674377908247976,1.1203137587522574,-4.017142889440848,0.7064189121995245,1,9
32,47,0.06327507071508118,0.8660466405463741,-4.017142825207846,0.7064326645952956,1,9
33,47,0.1192705135718212,0.9233913489964929,-4.017142845440446,0.7064260881417137,1,9
34,46,0.26587384243021256,0.5141914301210583,-3.0166666305413004,0.7257061034239561,1,9
35,48,0.15644008238887114,0.9803283031977448,-6.017777760224461,0.7301903502600509,1,9
36,48,0.0036287332713754047,1.0819464471668883,-4.019999991290181,0.7064189121995245,1,9
37,44,0.2572765631305684,0.599979841884801,-3.016666662580913,0.7032801845232806,1,9
38,47,0.3788323538009975,0.19499748948804682,-0.013333420189165739,0.7301429451364522,1,9
39,48,0.31531312844116727,0.5120801585598059,-3.016666676054481,0.7301529964462609,1,9
40,45,0.2875705246136273,0.6167564063057827,-3.0166666305413004,0.7262149613476371,1,9
41,42,0.23348392369642995,0.7450486471254941,-4.0171428411365255,0.7300508430146733,1,9
42,47,-0.0035988567746303357,1.2157355656866449,-4.020000064064924,0.706515024522051,1,9
43,45,-0.038682341222587596,1.2927925757375276,-5.0174999639172455,0.730154625301817,1,9
44,46,0.18922178039924695,0.7848045874192007,-4.017142865300101,0.7257410368862516,1,9
45,48,-0.04892833933308334,1.2777416371117765,-6.017777627306495,0.7065960111063435,1,9
46,44,0.3225516171376765,0.5441960772224945,-3.0199999977922714,0.7257410368862516,1,9
47,46,0.1568198536263804,0.9763944513181305,-5.017500056849788,0.706045756183892,1,9
48,44,0.3485028357371423,0.2580560648045784,-1.0099999999999998,0.70317480344616,1,9
49,42,0.1105512248274095,1.0790311710541454,-5.017500022854279,0.7313200904878743,1,9
50,46,-0.13687784543186965,1.4328732634552548,-5.019999996537803,0.7064701149675362,1,9
51,47,0.2929876399333258,0.6393004821773268,-4.017142792148184,0.7065387302127304,1,9
52,48,0.19493721858408602,0.8111024447015847,-4.017142878167691,0.7064701149675362,1,9
53,48,-0.13506108341334894,1.4614332087631101,-6.017777790782093,0.7502161744119971,1,9
54,46,0.12071169548366782,1.154264204999604,-5.017499968935213,0.7585922134082634,1,9
55,47,0.2798865786797884,0.6481550505608434,-4.017142833745799,0.7502292166002419,1,9
56,48,0.18802584776076095,0.8772857920829115,-4.017142932591725,0.731050153488582,1,9
57,47,0.26258673369908503,0.5399498641599979,-2.0159999930422625,0.7059717743160386,1,9
58,48,-0.023225492023777407,1.2383694701505856,-4.017142853131371,0.7029295930426895,1,9
59,48,0.28810225406263956,0.6103583449856237,-3.016666687655182,0.7064260881417137,1,9
60,47,0.06058846287773305,1.0411216765272322,-3.0200000020446103,0.7206582008708133,1,9
61,48,0.30646457255697374,0.42879308288689094,-2.0159999936991513,0.7299983490014941,1,9
62,45,0.22838424334525365,0.6372950364249999,-3.016666784634139,0.7299983490014941,1,9
63,44,0.2914388514225535,0.5877867695569319,-3.016666676054481,0.8333534314228381,1,9
64,48,0.2689160375395525,0.6130674216259329,-3.019999961439762,0.8333534314228381,1,9
65,48,0.11482673168259223,0.8784705920664062,-4.01714283654773,0.7302100699233586,1,9
66,45,0.13988334588955184,0.9967242204583574,-4.020000067756443,0.7299983490014941,1,9
67,49,0.15085604985574064,0.8919541443661475,-4.017142936978945,0.7066496690914972,1,9
68,43,0.10812200160447227,1.0025492588077092,-5.017500020001259,0.7066496690914972,1,9
69,43,-0.17379629688929332,1.3733793450897396,-5.019999937085631,0.7066370088512985,1,9
70,46,-0.0106742315629876,1.1808069712700102,-5.019999937085631,0.7262010294240326,1,9
71,44,0.012927339833212339,1.1730648748127477,-4.017142886394993,0.7298705461645106,1,9
72,44,0.019526117905830163,1.2377172688440323,-4.01714286338396,0.7262010294240326,1,9
73,48,0.31466327057530497,0.519640954825866,-3.016666667000155,0.7066370088512985,1,9
74,45,0.05046839506171388,1.0042037353080069,-4.0171428411365255,0.7066370088512985,1,9
75,49,-0.14995614501332646,1.2699154305344407,-5.017500008264913,0.6928007384176362,1,9
76,47,0.01464961864403302,1.207130776865424,-5.017500056849788,0.7032076199831718,1,9
77,44,-0.009362162432296303,1.167716289936433,-5.017499942570647,0.7064313094494644,1,9
78,47,0.08593634442293382,0.8251435056828778,-3.0166666839646985,0.7258307475323088,1,9
79,45,0.13366086991274762,1.0346520450400227,-6.01777782561102,0.8002452432157274,1,9
80,46,0.2815011495165442,0.6468654770631391,-3.016666718934597,0.7258307475323088,1,9
81,46,0.14213829260765518,1.0323484188597316,-5.017500018770701,0.8309076505490326,1,9
82,48,-0.12874117409564823,1.2132547458330079,-4.017142857341532,0.7064313094494644,1,9
83,46,0.03247071556444212,0.9159861107820966,-4.01714280557514,0.7064313094494644,1,9
84,46,0.06374218773174417,1.0857864960472599,-4.0171428877994355,0.7299501174177551,1,9
85,48,-0.02247091038108026,1.1250865039301154,-4.01714286338396,0.730196759364154,1,9
86,45,0.26381017466909495,0.6995336844766755,-3.016666687655182,0.7313223212251562,1,9
87,46,0.011304973476457581,0.954307500322157,-3.0200000255412105,0.7313223212251562,1,9
88,45,-0.2859653845512858,1.4932630314299349,-6.017777775170342,0.7313223212251562,1,9
89,49,-0.19893540777477106,1.3042554042419676,-5.017499979699333,0.7031794385933092,1,9
90,47,0.09937213104665092,0.8931583313303116,-4.017142857341532,0.7061684203202245,1,9
91,43,-0.008544608932423125,1.145214635906992,-4.017142941145073,0.7061684203202245,1,9
92,47,-0.08444896191075461,1.2768678544980985,-5.01999999748417,0.7061684203202245,1,9
93,45,0.18235230653448511,0.6501881135700676,-4.017142933665522,0.7061684203202245,1,9
94,44,0.22633364262351008,0.8359500286040005,-5.0175000187470955,0.7035604403700941,1,9
95,50,0.37665014738478303,0.2701576778974343,-1.0150000969869597,0.7064189121995245,1,9
96,44,0.21303151944765134,0.7197266225913107,-3.016666697119316,0.7296528832964083,1,9
97,47,0.19302520471041668,0.685186402748586,-3.016666697119316,0.7281822616395351,1,9
98,45,0.26403536376295844,0.6425323703553806,-4.01714286338396,0.7558807237792343,1,9
99,46,0.1346726523966677,0.8436145108272802,-4.017142848538969,0.7519423267417821,1,9
100,45,0.2306053774917902,0.7983273813346687,-5.017499949702973,0.7519423267417821,1,9
