gen,nevals,avg,stddev,min,max,run,representation
0,50,-1.0099999999999998,0.0,-1.0099999999999998,-1.0099999999999998,2,9
1,42,-0.6910666459152394,0.4649212613324761,-1.0099999999999998,-0.013333202202318682,2,9
2,47,-0.45834042525262036,0.5129530421866638,-1.0150000612119865,0.21735063574425612,2,9
3,47,-0.3009126440948488,0.49567508728930826,-1.0150000148531135,0.5155027383528427,2,9
4,47,-0.35949487957021303,0.5964703740698846,-2.0159999447499373,0.31040508230925795,2,9
5,48,-0.1613891398781574,0.6212929378619038,-2.0160000016522073,0.5145789137638868,2,9
6,45,-0.2821474638893841,0.7471216498850194,-2.016000004938076,0.3909682674889397,2,9
7,41,-0.14652868244038958,0.7532058928883949,-3.0166665782932984,0.4481597073068002,2,9
8,48,0.0033854475687642273,0.7828330648854583,-4.017142857439406,0.514419935848893,2,9
9,47,0.15326204958960407,0.45714178949012324,-2.016000023462922,0.514419935848893,2,9
10,44,0.10619863942622805,0.6042203487037889,-2.016000023462922,0.514419935848893,2,9
11,47,0.14638639382443625,0.6510375053194338,-3.0166667530675286,0.5813516308050313,2,9
12,45,-0.10212383987493456,0.9344395955528899,-3.016666703709875,0.6194003270291754,2,9
13,45,0.08667749342990087,0.9732097435158705,-6.017776861490086,0.6194003270291754,2,9
14,46,0.23084525979726597,0.48058101362419425,-2.0160001030567027,0.6618893501778289,2,9
15,47,0.3244176367572025,0.12901439872127618,0.08677585763527372,0.7058096856667888,2,9
16,47,0.2757057772325035,0.3615843502742155,-1.0150001242956828,0.7956918483371161,2,9
17,45,0.21837839743275805,0.48450868166406563,-3.0166666688257764,0.6618893501778289,2,9
18,45,0.22700235664369756,0.6472388314091062,-4.020000045265396,0.5882269339005682,2,9
19,49,0.3476393769848661,0.22916664841676804,-1.0099999999999998,0.6143760078478024,2,9
20,50,0.3583986870020034,0.24087014406969837,-1.0150003232304499,0.7738935972183575,2,9
21,47,0.31010278108816003,0.49289081116410194,-3.0166667104900062,0.7738935972183575,2,9
22,45,0.35251913768359466,0.23116641179389152,-1.0149999206196683,0.6970019129620819,2,9
23,46,0.4042679502241213,0.13281539963969707,0.1593120735478479,0.711953436468295,2,9
24,48,0.3579783458191242,0.3163876910347281,-1.0149999987974019,0.68986494322787,2,9
25,42,0.3913374094759834,0.20487863766063016,0.05948369867512929,0.8309806609396546,2,9
26,45,0.38222999789771733,0.39741251179791176,-2.0160000060424204,0.8458594772335002,2,9
27,44,0.25889162017681366,0.9217042027004728,-5.019999960780619,0.933665597167621,2,9
28,47,0.40595709333970353,0.19379809983273197,0.09176215849245214,0.8309806609396546,2,9
29,48,0.41135111507898103,0.28327011505326893,-1.0150001242956828,0.8572585105363513,2,9
30,45,0.4629267482748037,0.1898939058846492,0.08230265074344775,0.8572585105363513,2,9
31,46,0.4262373599287248,0.2765966618438227,-1.014999998679185,0.8309806609396546,2,9
32,47,0.4689126093581406,0.2957942427720864,-1.015000168796088,0.9562637813753121,2,9
33,43,0.3804745986732496,0.4669871464046287,-2.016000082314642,0.8748844257981123,2,9
34,44,0.15812340721639553,1.429121029564018,-8.018181825057498,0.8629021371261775,2,9
35,45,0.43640447015494016,0.21787469866837877,-0.013333351129619296,0.8629021371261775,2,9
36,48,0.3610611856937983,0.3860717262342681,-2.016000003633576,0.7821595096206355,2,9
37,47,0.38920929675595267,0.5304341815254907,-3.0166666794208763,0.8312253920640358,2,9
38,48,0.2605659854338146,0.8077621266419658,-4.017142833555695,0.8541058011816065,2,9
39,42,0.4595483231662881,0.24629141544449842,0.04352344620023787,0.909925482895389,2,9
40,48,0.45753907678160766,0.4193862268573904,-2.016000035511669,0.9880865366303598,2,9
41,48,0.5044664737605233,0.33574935364597813,-1.0149999402341505,0.9897425563676683,2,9
42,46,0.4992717907812139,0.32708331771681276,-1.0149969530355387,0.9873935436985204,2,9
43,46,0.5070143104399102,0.23870381823241982,-0.01333325896964796,0.8978876605895115,2,9
44,46,0.5589021341672575,0.2476721410941097,0.0456882376101661,0.9046179616744952,2,9
45,47,0.5158799228054832,0.24700905819169594,0.11531209666424247,0.9151470194971233,2,9
46,47,0.4353841227229151,0.558004210611158,-3.0166608026119124,0.9036447423700567,2,9
47,44,0.5481269158823869,0.23832603573743774,0.10405326079783303,0.9125872023022114,2,9
48,47,0.4905922648713941,0.3808178897135969,-1.015000122784523,0.9087043351064951,2,9
49,47,0.5057323426758403,0.4323898976418432,-2.0159999917295797,0.9158994266719339,2,9
50,46,0.5706910355150464,0.24340990922313466,0.06654747778377026,0.9063020672030104,2,9
51,43,0.5290919544394866,0.4280310685431861,-2.0159976622612947,0.8577205987406753,2,9
52,43,0.5509176068357384,0.24994450563006554,0.11332590186392272,0.8939020588541396,2,9
53,46,0.48788837051319156,0.26554199759312547,-0.013333327571865783,0.9698325425225727,2,9
54,47,0.4003990455568844,0.47439128434231986,-2.015999993409355,0.9068060209311041,2,9
55,45,0.4802510069915187,0.259404489369282,0.08763672778870334,0.9698325425225727,2,9
56,48,0.5010076643230709,0.3369981496261801,-1.0150000812353415,0.9698325425225727,2,9
57,47,0.40428928968680056,0.2764281033040396,0.05311365237326372,0.9089372837080562,2,9
58,46,0.45917430461872,0.4416387941290342,-2.016000033307092,0.9783565406084159,2,9
59,42,0.5275188241753442,0.2729677925769165,0.07546358031009276,0.999194364988583,2,9
60,43,0.5896582068348682,0.25768507249879624,0.07344493238309271,1.0584615647024078,2,9
61,43,0.5758845967617048,0.35533402090375826,-1.0150000000695873,1.1531746516782004,2,9
62,43,0.5871941749901016,0.32411050118247986,0.1351796898213687,1.1531746516782004,2,9
63,48,0.6051544099919457,0.32050193200538213,0.11664858256101857,1.1531746516782004,2,9
64,46,0.5600230140434376,0.32235535227912115,0.0638180469816249,1.1531746516782004,2,9
65,48,0.4933377574064942,0.71222880788987,-4.017142795881727,1.1531746516782004,2,9
66,46,0.5423964343627526,0.30460340759339866,0.08702037797358801,1.05444083211656,2,9
67,48,0.4716028493713837,0.2641464159379063,0.07412030908698394,0.9278267712443777,2,9
68,47,0.539374185597331,0.24635666927869898,0.06650700207301725,0.9383775189342157,2,9
69,46,0.5221585032001688,0.33442160989562947,-1.0099999999999998,0.9383775189342157,2,9
70,47,0.26256262201586683,1.2241304241371591,-6.01777777017705,0.984526726953441,2,9
71,47,0.5254858777575957,0.29735497242269554,0.0588691109927856,0.9352162562419517,2,9
72,46,0.555038172763572,0.2920605998911848,0.06683616224473231,1.0510179129110149,2,9
73,44,0.5718366132383157,0.28971854687287174,0.07876938012096991,1.1417977915333792,2,9
74,42,0.46975323660384904,0.9817162519026872,-6.019999907226663,1.1417977915333792,2,9
75,48,0.5030160657142211,0.2734941964897321,0.1712905355250128,0.9844377482576642,2,9
76,47,0.598314192808614,0.2490108361266843,0.14957704776692807,1.0088984671821233,2,9
77,48,0.3655825749001989,0.8803603404577436,-5.0175000137402455,0.9426765480676399,2,9
78,45,0.5401098438197,0.5677263234526104,-3.0166666718780224,1.053097795386189,2,9
79,45,0.5633023583124819,0.26792479703258065,-0.01333333283630947,1.053097795386189,2,9
80,45,0.5420035334055,0.28046814501065404,0.04036925658100057,1.053097795386189,2,9
81,41,0.5493181792093982,0.3986299220119249,-1.0150003246739678,1.0006640532144406,2,9
82,44,0.3908695567227261,1.039951170684601,-5.0199999423778685,0.9426765480676399,2,9
83,47,0.5245909019721466,0.44687265771316537,-2.01599998403084,1.065469780441467,2,9
84,44,0.5485020247236347,0.26452824196787006,0.18339176601601648,1.065469780441467,2,9
85,40,0.5857349944598182,0.27836024347346816,0.10880029257011395,1.065469780441467,2,9
86,47,0.5617566852074568,0.26108710634492904,0.17939722121491322,1.0451104794367643,2,9
87,45,0.46861281231722407,0.5598660630072462,-3.016666637091631,0.9298910565190525,2,9
88,47,0.5440904052838396,0.2292554985952592,0.11694864402639969,0.9242639773544293,2,9
89,49,0.5379226394434894,0.25363947082355415,0.08940927963722181,0.9673013629708795,2,9
90,49,0.5700195324245692,0.2624285719723755,0.08528941063638407,1.1126780777672745,2,9
91,44,0.509553416070942,0.35099276635743437,-1.014993780356254,1.0446036272300097,2,9
92,44,0.3854366672095224,0.8516269203616003,-5.017499993525103,1.0446036272300097,2,9
93,47,0.5413729537953922,0.32130911486471664,0.05277190949200801,1.0446036272300097,2,9
94,43,0.48608777297266664,0.3119178919529339,0.07259290415838852,1.0446036272300097,2,9
95,47,0.6282593663017494,0.27471278162518836,-0.013333420189165739,1.0417597235125184,2,9
96,47,0.5851383980101743,0.274377012606316,0.15308832893907523,0.9652937812940874,2,9
97,46,0.4998923877482938,0.5684244641883031,-3.016666593542779,0.9652937812940874,2,9
98,47,0.5443824845551937,0.24987507074221646,0.16837204879707665,1.1282375990608922,2,9
99,45,0.4462061716800207,0.8372927975904424,-5.017500000432616,1.0417597235125184,2,9
100,42,0.5497525327948992,0.3141044509210019,-0.013333398333863284,1.0417597235125184,2,9
