gen,nevals,avg,stddev,min,max,run,representation
0,50,-1.0099999999999998,0.0,-1.0099999999999998,-1.0099999999999998,2,0
1,45,-1.0299999999999998,0.13999999999999999,-2.01,-1.0099999999999998,2,0
2,43,-1.0102632596164538,0.3993423070725715,-2.01,-0.013162840488028982,2,0
3,45,-0.7694757864956613,0.5859503753120799,-2.01,0.07253658642169979,2,0
4,47,-0.20395345656351244,0.4040692173293381,-1.014999860778299,0.07253658642169979,2,0
5,47,-0.2255048342574327,0.44346458633157554,-1.0199999915561129,0.09592551920186106,2,0
6,47,-0.0016087096738040324,0.32757832621573857,-2.0200000595632925,0.22015807618904482,2,0
7,45,-0.013983643158808264,0.35643350256605777,-2.0040150082588086,0.171963000221131,2,0
8,46,-0.06742668416524845,0.5522240560709311,-3.0060072605149055,0.171963000221131,2,0
9,45,0.08524708802285849,0.16020847333016042,-1.0099999999999998,0.1789889200483632,2,0
10,48,0.0637953851498974,0.2760105878293748,-1.0149993425952368,0.3110277314709683,2,0
11,47,0.12395003115444939,0.3128212043520126,-2.015999980183668,0.3110277314709683,2,0
12,47,0.1749415170509911,0.19037937852313824,-1.0061287675651172,0.3173829190873244,2,0
13,46,0.26435358239205864,0.0654312941416354,0.06977620033881216,0.3173829190873244,2,0
14,42,0.26322212615479806,0.06717079632341524,0.09514084750108363,0.35612803932645404,2,0
15,45,0.22859943959407297,0.32931107229625955,-2.018436223520441,0.3717832196692135,2,0
16,45,0.278004203188666,0.08241109095619376,0.01765988763026998,0.3717832196692135,2,0
17,45,0.27197509412730786,0.09319358526357228,0.08257412384242074,0.38006753063912174,2,0
18,45,0.2246492625155639,0.3332787098103601,-2.0142598539012506,0.38006753063912174,2,0
19,48,0.30162236556393673,0.0828494305265633,0.0894690981312232,0.38006940273684725,2,0
20,48,0.3112843987792741,0.08837181890369096,0.10442257796538668,0.41153275458997934,2,0
21,46,0.3300503855188323,0.08616265095302963,0.12622014514613084,0.4251139625749707,2,0
22,49,0.28823344299477127,0.3433048197396661,-2.0163437655362504,0.5481581235662343,2,0
23,47,0.3483267943135211,0.1283632243825657,0.051175932601843506,0.6093216162111328,2,0
24,47,0.4101645593374289,0.09218793840571843,0.04550825455247873,0.5481589358383884,2,0
25,47,0.4686808500761072,0.07570263955751984,0.22857628359606846,0.5492542494393254,2,0
26,47,0.46936492981319033,0.10248407880858207,0.1540364123906667,0.663767591035083,2,0
27,48,0.4720681823004705,0.13146265306889873,-0.013333344101400527,0.6704174218593867,2,0
28,48,0.5499653797557468,0.12786191573346314,0.1473323580719164,0.6704174218593867,2,0
29,47,0.5570385485452262,0.14086989256564028,0.22857723497032098,0.6762994411471408,2,0
30,45,0.5577216905895416,0.15857370161097667,0.14822988080173774,0.6762994411471408,2,0
31,45,0.6119208529515408,0.11536993999500579,0.16236309999898607,0.676300826330121,2,0
32,48,0.5800616785273538,0.14212592994871878,0.15617779272513296,0.676300826330121,2,0
33,46,0.5973861385336489,0.12186198598459153,0.24452890438630834,0.676300826330121,2,0
34,46,0.581402169858727,0.14071098779443864,0.23704676591692514,0.6763643101998502,2,0
35,48,0.5927938992861893,0.14114551105157405,0.15381461019780424,0.6763643101998502,2,0
36,47,0.5839738007744075,0.14868484326407105,0.15571312466785822,0.6763643101998502,2,0
37,46,0.5856054853704259,0.15371643484821368,0.1561795931653062,0.6768723926467354,2,0
38,46,0.6132294797356697,0.1030665147529896,0.30206234269980453,0.6768723926467354,2,0
39,40,0.6251043555682002,0.11025384059492117,0.22870284728589962,0.7217906639166416,2,0
40,46,0.5794032358407957,0.1720699192456092,0.14832605195593113,0.7217906639166416,2,0
41,45,0.6253213366897866,0.12469283175641703,0.2945198621952583,0.7217906639166416,2,0
42,46,0.6352831375758735,0.14189088240143743,0.22954014260654398,0.7223929100491983,2,0
43,45,0.6329775831224969,0.1515527365952649,0.2165038075237729,0.7224151531049094,2,0
44,45,0.5835484903758608,0.19558190518322488,0.20026997132103525,0.7265428062769402,2,0
45,41,0.6103937113487219,0.17745895434980077,0.2164324567207821,0.7265428062769402,2,0
46,50,0.5638680347137094,0.19452714306810687,0.21678208968174148,0.732078359366565,2,0
47,43,0.6063301593077326,0.18241253509462782,0.19333298336196028,0.732078359366565,2,0
48,47,0.5982444086929292,0.1772781757887688,0.18048022003999353,0.7428632864644116,2,0
49,47,0.604695011116981,0.18614515769796072,0.17064971075937163,0.7700283441002701,2,0
50,46,0.6438220959498608,0.1559617741054023,0.226277900925726,0.7760154461187955,2,0
51,45,0.6488118933503745,0.17211867752312057,0.234119092086139,0.7881583443567759,2,0
52,45,0.676716360721801,0.1688259505814341,0.1616349284800758,0.7881583443567759,2,0
53,48,0.6803012893779481,0.1986195924838124,0.0860235434941325,0.7885718612199639,2,0
54,46,0.7055950228301946,0.1997786150387426,0.008479686586517998,0.7885718612199639,2,0
55,46,0.6179062057545356,0.2578325051104275,0.10085096871066335,0.8034880413821316,2,0
56,45,0.6464826511897267,0.2462861106366555,0.09786843592367778,0.8034880413821316,2,0
57,48,0.6172334126593948,0.25521325443328285,0.05414171509546104,0.8034880413821316,2,0
58,46,0.6725915091093327,0.21098297343024586,0.16311049719477266,0.803488272481627,2,0
59,46,0.637348267053465,0.4273335795108074,-2.0159999979967,0.87057583471454,2,0
60,47,0.6378910441627675,0.23167129099355668,0.19521514276847157,0.8705710936005631,2,0
61,43,0.6735860240131101,0.2346880294168022,0.040725716359369855,0.8705710936005631,2,0
62,46,0.6157062607506976,0.4434079297074713,-2.0159999980494194,0.9158535008217102,2,0
63,42,0.6477790866993022,0.45579929566423466,-2.0160000045370863,0.8995110117816446,2,0
64,48,0.6339607229911925,0.46169182314112545,-2.0001123231330724,0.8995110117816446,2,0
65,48,0.6180240420939527,0.4713221969653951,-2.016000009933842,0.8995110117816446,2,0
66,45,0.7015572887041438,0.4467995932386255,-2.0159999917029756,0.8995110387316454,2,0
67,46,0.5167930737315579,0.6929435125415906,-2.0159999917401485,0.8995110117816446,2,0
68,48,0.6038146644723559,0.4851958238798095,-2.0159999922556344,0.8995110117816446,2,0
69,48,0.6857373192389744,0.2898344718466139,0.1589870306130227,0.8995918377565048,2,0
70,46,0.7039966533351195,0.2910651549890615,0.10763567736896969,0.9059247375158797,2,0
71,48,0.6646399709839751,0.3230734290151553,0.10836970062635409,0.9365571037289181,2,0
72,45,0.7232386281439621,0.29603290513523906,0.04969433522281745,0.9365571037289181,2,0
73,43,0.7193947427120426,0.30512589509918003,0.09197613986804279,0.9396469570680777,2,0
74,43,0.7510644093476772,0.29263769805779416,0.08194896026629521,0.9629806708615412,2,0
75,49,0.7901921341235512,0.27376993908226194,0.168330560739053,0.9662663139629912,2,0
76,48,0.761731598987372,0.3082050379899874,0.14483894385483576,1.0116070140367848,2,0
77,46,0.788487022402414,0.28739378561906437,0.14712360886736317,1.0116070140367848,2,0
78,48,0.818966725335715,0.28146852418832335,0.16535140028923878,1.032113498147875,2,0
79,48,0.8214867384802644,0.31522268814643845,0.08381145630181672,1.0358838963079635,2,0
80,46,0.9072482781238559,0.24812794208093233,0.14793175368051145,1.0358838963079635,2,0
81,46,0.8307584671465565,0.34138905209910286,0.1271234847976136,1.0851210122483363,2,0
82,50,0.9292205523860162,0.25427511420114873,0.11603022513747675,1.0851210122483363,2,0
83,43,0.9264844211451362,0.27425117716180814,0.13772996274302368,1.0851210122483363,2,0
84,49,0.7475892430668597,0.4065396032295082,0.10883468001118772,1.0871219364758697,2,0
85,47,0.8192659343981421,0.37345179881788326,0.12751821658847753,1.0912193631698157,2,0
86,45,0.8979186136658331,0.34082282644004885,0.11423990012846544,1.0912193631698157,2,0
87,45,0.94815603938929,0.30642540064548024,0.11535821817807018,1.0912193631698157,2,0
88,49,0.8201802364043707,0.39744010632458787,0.14744806351104486,1.0990748467268954,2,0
89,45,0.7713191858841679,0.4227494073654853,0.11174314304411842,1.0990748467268954,2,0
90,47,0.7657385202618198,0.42289829746842333,0.12151718869593374,1.0990748467268954,2,0
91,45,0.8789482764810345,0.3571979049052085,0.14028827786083015,1.0990863980286825,2,0
92,47,0.9052293620469336,0.36877201759535144,0.13452693046010783,1.1027330464785905,2,0
93,38,0.9767059525163233,0.30494331203202857,0.07727843819240679,1.1027330464785905,2,0
94,49,0.864837120135569,0.39048009216362267,0.12814431372971857,1.1031472501927657,2,0
95,41,0.9234225147977324,0.3480787985942573,0.12099928174911624,1.1029051953101705,2,0
96,48,0.8832346141101539,0.38053762762724724,0.11368486273949166,1.1029051953101705,2,0
97,44,0.8664313766989671,0.3912712652929319,0.1298305019194026,1.1029067311094687,2,0
98,46,0.8518119542749063,0.4041570212681008,0.11468051617911404,1.1246431696829184,2,0
99,47,0.9259938627789722,0.34649812417466636,0.08956599662655108,1.1242871883901397,2,0
100,47,0.8441091579431215,0.4029204399453033,0.0961485099646658,1.1242871883901397,2,0
