gen,nevals,avg,stddev,min,max,run,representation
0,50,-1.0099999999999998,0.0,-1.0099999999999998,-1.0099999999999998,10,4
1,46,-0.8903999999998083,0.3238783310653388,-1.0099999999999998,-0.013333333331737479,10,4
2,48,-0.4121000014571007,0.48838791497583456,-1.0149999997469918,-0.013333316366767402,10,4
3,47,-0.11329999928537272,0.2999009998480276,-1.0150000000428947,-0.013333316366767402,10,4
4,46,-0.2334666685361634,0.5404402352353795,-3.0166666686248766,-0.013333316366767402,10,4
5,47,-0.15336666490801706,0.34707067529579444,-1.0150000064993092,-0.013333316366767402,10,4
6,47,-0.11319998983074349,0.2996010043391944,-1.0150000001901438,-0.013333184544105262,10,4
7,46,-0.13333332462519729,0.32496256666300866,-1.0150000348623676,-0.013333184544105262,10,4
8,47,-0.15302319981143633,0.3463448024726842,-1.0149999891064436,-0.011162533377449014,10,4
9,43,-0.1731205431795474,0.3663368010264429,-1.015000066980387,-0.011129302601960175,10,4
10,47,-0.17317756420314875,0.3665849245516277,-1.0150000774518466,-0.009420147646378494,10,4
11,41,-0.07338905845877995,0.23789401877804311,-1.0150000360787856,-0.011129302601960175,10,4
12,47,-0.07312457337347915,0.23796183624749873,-1.0149998923797654,-0.011129302601960175,10,4
13,47,-0.07057785467095638,0.23892072909250892,-1.0149999697173075,0.07542406859808007,10,4
14,48,-0.20401820548437588,0.4059416026667915,-1.0150000762066864,0.07542406859808007,10,4
15,46,-0.03141648382066495,0.2523859596741685,-1.0149998373332623,0.16528432031837434,10,4
16,48,-0.18028783622496317,0.584634887248761,-2.016000024671172,0.22750202821563603,10,4
17,46,-0.18870267371663466,0.5887593215248648,-2.016000045133429,0.2403129295567814,10,4
18,49,-0.02057963508452062,0.5590887922452733,-2.01600010426466,0.41010714991474234,10,4
19,47,0.03508951579338492,0.5623754344651527,-3.01666665782748,0.41010714991474234,10,4
20,47,-0.09358858680323998,0.7097085707831066,-2.016000054375455,0.41026740338452883,10,4
21,48,0.08865957347162519,0.5740187833565173,-2.016000003472326,0.41026740338452883,10,4
22,48,0.15571096580364607,0.4643157998875824,-2.016000072928002,0.41026740338452883,10,4
23,47,-0.08355728956738587,0.8104579720841341,-2.016000054375455,0.5245652583658215,10,4
24,50,-0.09341046714590952,0.9189064874258872,-3.0166666740544366,0.5245652583658215,10,4
25,47,-0.07264077326971231,0.8010742993059001,-3.0166666648865257,0.5728851458219295,10,4
26,46,0.2530327379461632,0.5220301521109675,-2.0159999132288133,0.5728851458219295,10,4
27,46,0.1727887887563891,0.7749897162175114,-3.016666671723841,0.572885145822005,10,4
28,47,0.13946227895757196,0.8403964099796151,-3.016666671723841,0.572885145822005,10,4
29,47,0.06766019283177215,0.8441681444084355,-3.0166666981343107,0.572885145822005,10,4
30,48,0.016947516294878423,1.1005685376626548,-4.014208948403095,0.572885145822005,10,4
31,47,0.1976843659755747,0.7627361509949845,-3.016666677599263,0.694170803047553,10,4
32,48,-0.07601277385974638,1.1029718994021938,-4.017142915952118,0.694170803047553,10,4
33,47,0.15822458938703815,0.8493888372493205,-3.016666671723841,0.694170803047553,10,4
34,47,0.061132398818883375,0.9321553446164575,-3.0166666666636885,0.6941708030475543,10,4
35,45,-0.1005952914034162,1.1784911858420046,-3.0166666666636885,0.7923364156482712,10,4
36,44,0.05379673569259343,1.1375909170862986,-4.0002869501492,0.7923364156482712,10,4
37,46,0.13341729091077523,0.9432991290890088,-3.0166666686287837,0.7923364156482712,10,4
38,47,0.40426990932993034,0.383420188405161,-1.0099999999999998,0.7923364156482734,10,4
39,49,0.03645280229609729,1.1241490235012708,-3.0166666686287837,0.828341442443933,10,4
40,45,0.15251806092367418,0.9110748573775563,-3.0166666684914785,0.828341442443933,10,4
41,48,0.28798701065712284,0.8728231450514956,-3.0166666686287837,0.828341442443933,10,4
42,45,-0.0037925681184421745,1.110389368467192,-3.0166666781854516,0.8325970846625363,10,4
43,49,0.223336826018343,0.8655245960158153,-3.0166666712784425,0.9134483507949779,10,4
44,45,0.23159364192153015,0.822854241032597,-3.0166666698175884,0.9134483507949779,10,4
45,49,0.22782501428759472,1.0755466488061627,-4.017142848275404,0.926755779181764,10,4
46,49,0.3128046425328902,0.7675421690537519,-3.0166666686287837,0.8454812728531017,10,4
47,43,0.3255873315206505,0.7474836005708436,-3.0166666654577674,0.8699981274200727,10,4
48,46,0.36806894623556163,0.7772385859770542,-3.0166666654577674,0.8699981274200727,10,4
49,46,0.3035571929066378,0.9551116852417255,-3.0166666654577674,0.8762652130768614,10,4
50,47,0.23856842455901003,1.1182200188936993,-4.017142917438651,0.8762652130768614,10,4
51,44,0.30656188185696,1.0932646505749073,-4.014300387681105,0.8961727843404095,10,4
52,46,0.6408338223443379,0.5745413751582801,-3.0166666676846203,0.9828688812531551,10,4
53,39,0.4429948446602704,0.9217853256556611,-3.0166666936371302,1.0319401935588002,10,4
54,48,0.43800947831839687,0.9337809568297009,-3.016666690571588,1.195526854334467,10,4
55,49,0.47462774213260883,0.801558211821457,-3.0166666673435887,1.195526854334467,10,4
56,43,0.5859699590355492,0.7393894699316518,-3.0166666651261687,1.195526854334467,10,4
57,46,0.48465242294329886,0.9606744485632585,-4.017142855568323,1.1756533373770495,10,4
58,46,0.5669274818746027,0.8251331652198435,-3.0166666676296074,1.1756533373770495,10,4
59,45,0.6819383590954738,0.5214386866635019,-1.0099999999999998,1.2401926368592642,10,4
60,43,0.5870684037871614,0.946584559754698,-5.012643612080297,1.3179850999557021,10,4
61,49,0.7234319299798573,0.429709969352766,0.013423809752934503,1.2401926368592642,10,4
62,42,0.5849686766716613,0.7909618841251819,-3.016666668106051,1.2401926368592642,10,4
63,49,0.8442440066692264,0.43149723530870066,0.0038658875970116777,1.3179850999557021,10,4
64,42,0.6904336314113089,0.51816545088208,-0.013333334341846475,1.3179850999557021,10,4
65,47,0.7423867072181208,0.4579438253034518,0.0037784054718193447,1.3266560418458915,10,4
66,46,0.7343345055698904,0.4732221864379542,0.003788681551121332,1.3179850999557021,10,4
67,45,0.6765834584865705,0.5273021389068723,-1.0099999999999998,1.3190609135146636,10,4
68,46,0.7361712043081609,0.4931698541353996,-0.01333339040961549,1.3190609135146636,10,4
69,48,0.706647113203035,0.5944142670483498,-2.015999998425718,1.3190609135146636,10,4
70,49,0.7710345355778919,0.48367804592656427,0.00414479999579739,1.3190609135146636,10,4
71,48,0.5144087541332111,0.9721309990590468,-4.006435940540113,1.3190609135146636,10,4
72,47,0.7750653858762631,0.5104310809721151,0.003946833497759679,1.3267680367109203,10,4
73,42,0.6805673391484595,0.8454846655896022,-4.005678036718159,1.425438409325416,10,4
74,48,0.7255330212566632,0.5304452207321657,0.003946833497759679,1.425438409325416,10,4
75,44,0.7878689285027248,0.6140990232294489,-1.0149999870224002,1.425438409325416,10,4
76,49,0.8298651089636128,0.5436190769490662,-1.0099999999999998,1.4723334599673832,10,4
77,47,0.808117667713551,0.5008179405899493,0.003976041752572233,1.4108621484765829,10,4
78,49,0.7232497630517362,0.5707035342216049,-1.0149999995321317,1.4108621484765829,10,4
79,45,0.7678130020534201,0.5062125051628397,0.0006502127431221866,1.4177900634075535,10,4
80,48,0.7626724002349854,0.5570673770007799,-1.0099999999999998,1.4177900634075535,10,4
81,42,0.9625289076122994,0.4721708337653983,0.00406164732642573,1.4555252606015665,10,4
82,47,0.8874419729690958,0.519669061331648,0.030902536086043774,1.4672873602614773,10,4
83,47,0.8940044256420587,0.5427723337392022,-0.013333135778846681,1.4556702989024302,10,4
84,47,0.7220110215330519,0.5450587515745208,-1.0099999999999998,1.4555252606015667,10,4
85,47,0.8498067866162221,0.5296831561294577,-0.013333342954782697,1.4609993801736831,10,4
86,46,0.8317527127522415,0.5528759839217698,-0.013333343977102948,1.4609993801736836,10,4
87,45,0.7046433247283795,1.0665678821546336,-4.0110208622536705,1.5110592966174132,10,4
88,47,0.8277286378323443,0.6291498441398389,-1.0149999983705096,1.5110592966174132,10,4
89,47,0.9237023749053612,0.5580180280084838,-0.013333338357878453,1.511059296617413,10,4
90,46,0.8133361381455173,0.9324614472714763,-4.010538430079185,1.511059296617413,10,4
91,44,0.5676976833353029,1.211779096111098,-4.015055941330117,1.511059296617413,10,4
92,44,0.6275599821259865,1.296729730857925,-4.0171428567501675,1.517263686933536,10,4
93,46,0.9486644391765884,0.600195802433469,0.0186877416391145,1.517263686933536,10,4
94,46,0.8183354883275175,0.619478239979787,-0.01333333054522797,1.517263686933536,10,4
95,47,0.8667802636047756,0.5925258228115503,-0.013333291592104649,1.5200895176404456,10,4
96,44,0.7540924704217822,0.6236597112124533,-1.0099999999999998,1.5200895176404456,10,4
97,48,0.9796579649417297,0.5748161014766905,0.008552367150602954,1.52147982831467,10,4
98,46,0.8371203911321907,0.754207891915239,-2.0160000003887157,1.5221462510651482,10,4
99,48,0.8399593785077277,0.7809910559855906,-1.0099999999999998,1.5483624399437983,10,4
100,45,0.8899777936861473,0.6258570633632964,-1.015000010485892,1.5607541785149257,10,4
