gen,nevals,avg,stddev,min,max,run,representation
0,50,-1.0099999999999998,0.0,-1.0099999999999998,-1.0099999999999998,1,1
1,45,-0.8505333333330778,0.36538403541173065,-1.0099999999999998,-0.013333333331737479,1,1
2,47,-0.4321333324184675,0.4921492599842675,-1.0150000000428947,-0.013333318611476526,1,1
3,40,-0.3532866610685209,0.5142441458287549,-2.0159999999841025,-0.013333308367218357,1,1
4,44,-0.19323332786298955,0.3839754653027301,-1.0150000170277844,-0.013333307493096117,1,1
5,45,-0.23309999903320835,0.4138086015357736,-1.0150000174216693,-0.013333303467533383,1,1
6,46,-0.21296666555418184,0.3992679829806254,-1.0150000170277844,-0.013333303467533383,1,1
7,45,-0.2528332268722476,0.42619452073364067,-1.0150000170277844,-0.013333303467533383,1,1
8,46,-0.25323332038394725,0.4269068980689945,-1.0150000174216693,-0.013333108174149228,1,1
9,47,-0.35299988296215984,0.4732464438162751,-1.0150000232180783,-0.013333114491902682,1,1
10,46,-0.2730666606340084,0.43818620218304905,-1.0150000174216693,-0.013333247393212096,1,1
11,45,-0.33285331497925286,0.5070071293997562,-2.016000004919666,-0.013333114491902682,1,1
12,44,-0.37313320299850294,0.4797355261521527,-1.0150001362127556,-0.013333114491902682,1,1
13,46,-0.39270806193897756,0.48458983639316167,-1.0150002863719954,-0.013333066708616477,1,1
14,49,-0.2731472873458427,0.4390554558727592,-1.0150002863719954,0.0026208001867176066,1,1
15,48,-0.229293235994792,0.4160468319990087,-1.0150000188252293,0.07198392589185675,1,1
16,44,-0.32415770361697055,0.6190063043341297,-3.01666513325653,0.10764651352295614,1,1
17,46,-0.30056453812493056,0.5986617383326879,-2.015999973917284,0.10764651352295614,1,1
18,47,-0.16908166226772153,0.6633152996857883,-3.0166665553398775,0.13657260478766906,1,1
19,45,-0.10908903055812914,0.5834939626943527,-3.015032397720246,0.1359812586073075,1,1
20,48,-0.19347485789310626,0.9280903120012213,-4.01714285811999,0.23845462356393526,1,1
21,43,0.06370710145359391,0.4435083409112963,-3.016666641741962,0.24948552716738087,1,1
22,45,-0.004058827434588607,0.7702026816206371,-5.002521770437921,0.3326761427153809,1,1
23,44,-0.023560691877480586,1.0195603119157477,-5.00508324830387,0.388949232290932,1,1
24,45,0.02760394845827151,0.7291137011023888,-4.017142863589637,0.42064866218179314,1,1
25,49,0.21903125134445411,0.10177574477235592,0.006727599413251398,0.42064866218179314,1,1
26,48,0.05337332975157138,1.05611248698369,-6.0036809043297925,0.42064866218179314,1,1
27,41,0.2840491493235164,0.11942893326700368,0.03308117658113359,0.42101316319111404,1,1
28,48,0.28952274142010176,0.12444814464125535,0.05626601622577491,0.42101316319111404,1,1
29,47,0.24807865636619156,0.48037945568443036,-3.016666667167205,0.5248077869350689,1,1
30,46,0.30327313259855004,0.13388785315013274,0.005519822705932209,0.5318598968822619,1,1
31,47,0.34686885887380015,0.14309395065239688,0.01840651617925347,0.623382060901535,1,1
32,46,0.35698519090425995,0.16111572914923092,0.03744005305061292,0.6515556063471815,1,1
33,44,0.38008408478311745,0.2566725443707837,-1.0150000002897597,0.6866148763065235,1,1
34,43,0.420620913244167,0.19286704161933527,0.07216875904232684,0.6866148763065235,1,1
35,47,0.27958135996925526,0.9264678675093384,-6.009610429824749,0.6866148763065235,1,1
36,43,0.4789415216956018,0.19705318086260448,0.07255465002565718,0.6866148763065235,1,1
37,45,0.46729628428646597,0.2180065317151533,0.07427312840968535,0.6968352906178173,1,1
38,49,0.45155920001458116,0.23300694620094536,0.061266419572323594,0.7094059881179539,1,1
39,42,0.4807898960031799,0.21471214433565264,0.07833165839516439,0.852320113597258,1,1
40,47,0.5130667909801593,0.23006122457766523,0.07833165839516439,0.9083039816076911,1,1
41,45,0.5989875081148032,0.21364352910169673,0.08267229685936456,0.9083039816076911,1,1
42,43,0.619227720073062,0.23479488856974287,0.08269898351006681,0.8546333969347261,1,1
43,44,0.5677125542647359,0.2585629120643777,0.018080054457552452,0.8546333969347261,1,1
44,46,0.4791903821684002,0.45052336358764716,-2.001039354412429,0.8882565215756812,1,1
45,45,0.5015188452187375,0.32109386799586037,-1.0149999821056608,0.888256521575682,1,1
46,43,0.550890932986674,0.4361091651305549,-2.003960047088619,0.8928528719582498,1,1
47,46,0.5452415459224794,0.26741500068720303,0.08559430187150742,0.888256521575682,1,1
48,49,0.5683061510492013,0.27522264248422995,0.009237022468581192,0.9019812856354272,1,1
49,47,0.5887355724042801,0.2512295101994771,0.1449378345181854,0.901751512279652,1,1
50,44,0.5673412420822186,0.2806352078355513,0.08831869361779526,0.901751512279652,1,1
51,46,0.5124130602470608,0.4488427834342831,-2.0136347234534058,0.901751512279652,1,1
52,46,0.6253189993576296,0.23522186663739106,0.13333246161836626,0.9154602466607188,1,1
53,48,0.5009910287848663,0.5710319708282856,-3.00277635422834,0.9422128942733556,1,1
54,48,0.583419284782351,0.2697361398267375,0.15439212131763183,0.9422128942733556,1,1
55,48,0.4796820465734947,0.45398975718941825,-2.0117114402667484,0.9422128942733556,1,1
56,48,0.5753150517677903,0.29388303794950127,0.10627366394845798,0.9427335132496116,1,1
57,48,0.5681554346377404,0.31290502294314165,0.12683389081859162,0.9950592456489512,1,1
58,47,0.5714563860816516,0.2902549020733013,0.14845532854645738,0.9952654927808584,1,1
59,46,0.5901919079163346,0.32327939074618145,0.02991180291613593,0.9952654927808584,1,1
60,47,0.4712504093982453,0.3792999953849383,-1.0012115076835952,0.9952654927808596,1,1
61,49,0.5203638045623082,0.3494034353813778,-1.011754998593992,0.9952654927808595,1,1
62,45,0.5799076960713033,0.27854813790507504,0.12250867571444439,0.9952654927808595,1,1
63,46,0.6720571636125717,0.3072453873865415,0.09340422225987624,1.0245469072468107,1,1
64,48,0.6177628741289009,0.29450218482013,0.12359504724942216,1.0514083800915663,1,1
65,46,0.5774716215990231,0.29677077937394425,0.10647929009249692,0.9952597125947994,1,1
66,46,0.6146714932854818,0.3129145173362638,0.12702038151642336,1.0474427064327634,1,1
67,45,0.6850649687484947,0.32849501644072243,0.09714466579729562,1.050828425964499,1,1
68,46,0.5871276681113698,0.34803376082136694,0.10365391267973817,1.050828425964499,1,1
69,48,0.594383660891622,0.33634621954635935,0.08180847842432944,1.050828425964499,1,1
70,45,0.6027889508034291,0.3282982125794233,0.09592421272776079,1.0468745710672291,1,1
71,47,0.6843543228659479,0.32661518846546855,0.13345361038874845,1.032011797927569,1,1
72,48,0.740706327696025,0.3237150544925952,0.02363324630070298,1.032011797927569,1,1
73,48,0.722112069663903,0.3307668292191378,0.08100094331756143,1.0571484674491884,1,1
74,47,0.688600581805963,0.3303911867998568,0.10496439015805335,1.0571484674491884,1,1
75,46,0.7432515855937987,0.3144767120090291,0.09322041765586728,1.0573070055520433,1,1
76,47,0.8411608419350329,0.28828174964025005,0.1800541405397499,1.0752685319173232,1,1
77,45,0.6872615462627448,0.37230044553301284,0.06225941068578007,1.0836473336681463,1,1
78,44,0.8090543052182315,0.30907768572201205,0.18055634547693664,1.0836473336681463,1,1
79,49,0.7832718235097311,0.3631469201355349,0.16965428099683644,1.1043977875692566,1,1
80,48,0.8001811305566158,0.32851036104711506,0.11918347000282799,1.1043977875692574,1,1
81,45,0.8205274962013687,0.3239095275751753,0.05582997544264019,1.1043977875692574,1,1
82,45,0.7913887498013521,0.3364872526975083,0.18053589711280096,1.1165988056158513,1,1
83,44,0.8079465960508102,0.31839155336230796,0.06305769961038532,1.1165988056158516,1,1
84,48,0.7444538576685857,0.37033845025922774,0.1281129208637229,1.1165988056158516,1,1
85,45,0.7805585863311603,0.3368231979150764,0.14010597727009969,1.1165988056158513,1,1
86,45,0.633399053259315,0.37707280402413584,0.11572120819368086,1.1165988056158513,1,1
87,45,0.7401671116420604,0.3298152370772369,0.17070080697771192,1.1226288231978154,1,1
88,46,0.8365821486044278,0.3321842353251783,0.1401122124001881,1.1226288231978154,1,1
89,47,0.8292962706776246,0.35188123006518873,0.15098418100526514,1.1226229079349554,1,1
90,44,0.8482238508223395,0.3542220080443558,0.15922566510776637,1.1285518648967519,1,1
91,46,0.8513273601393857,0.35920826170321757,0.09210774292312483,1.13216679608207,1,1
92,46,0.7923788308672803,0.3684873746135492,0.15745940950173767,1.1323531046649178,1,1
93,46,0.8302141493516381,0.35248155346558047,0.15677431195308403,1.1323531046649185,1,1
94,46,0.8139575803803687,0.3597353404126944,0.04341295144578161,1.132353104664919,1,1
95,45,0.7970049721315643,0.37231438665524724,0.17211662967545227,1.1323538318833237,1,1
96,47,0.7726311740083492,0.33826378042331845,0.13657558426493438,1.1381162962040854,1,1
97,47,0.7587847612383143,0.3319729024604494,0.1763917318908508,1.145083224692124,1,1
98,45,0.8111138223541122,0.35602123498139565,0.14092397155297523,1.1453028932255453,1,1
99,46,0.8457756572384995,0.37071351289462723,0.14189574775504032,1.2353484586449746,1,1
100,47,0.7946803990393679,0.3601992535614904,0.17288007635708552,1.2353484586449746,1,1
