gen,nevals,avg,stddev,min,max,run,representation
0,50,-1.0099999999999998,0.0,-1.0099999999999998,-1.0099999999999998,10,9
1,46,-0.5913999832121685,0.49191333187426367,-1.0099999999999998,-0.013333202202318682,10,9
2,45,-0.4386858443700434,0.5106436571584527,-1.0150003232304499,0.21836040979243057,10,9
3,48,-0.43829905792872226,0.5098787263451203,-1.0150000969869597,0.18408782035199545,10,9
4,46,-0.3414948146282225,0.5334982443452735,-1.0150003232304499,0.5145789137638868,10,9
5,41,-0.32863692039540887,0.7359591967239497,-2.016000033694529,0.5145789137638868,10,9
6,47,-0.08388729203681089,0.7151490208575564,-3.016666689364747,0.42773900047250374,10,9
7,48,-0.10024877193928905,0.9124326534988945,-3.0166666932994985,0.6142618567996566,10,9
8,46,-0.009820746699296844,0.9314475787863995,-3.0166666768690185,0.7039457773680569,10,9
9,47,-0.17281996250138845,1.2983517812602698,-5.017499977178473,0.7059840837857206,10,9
10,46,-0.012892721410565028,0.9747528943636246,-5.0174999686285116,0.8153895700960546,10,9
11,47,-0.2515365401460855,1.3535126376129873,-5.017499980445831,0.8137079032944232,10,9
12,46,0.04717163394212474,0.7605481552575634,-3.016666676263546,0.8137079032944232,10,9
13,48,-0.0904325089682644,1.1791350381734518,-4.017142877788169,0.8137079032944232,10,9
14,48,0.12593117471724005,0.8853679966917546,-4.017142822361547,0.8188263029332942,10,9
15,46,0.02149614289183935,1.0203463872599376,-4.020000032907746,0.8137079032944232,10,9
16,42,-0.08115700123722407,1.175665560228812,-4.017142822361547,0.8318200393453966,10,9
17,49,0.06439589287670697,0.9247779843136815,-3.0166666194397647,0.8318200393453966,10,9
18,47,-0.027213131191520804,0.949784469482157,-4.017142865040667,0.7337161170507518,10,9
19,46,-0.186331125198185,1.3237135123383545,-5.017500024518494,0.7058422269101706,10,9
20,45,0.3248877907708303,0.3209517752886737,-1.0149999427213297,0.8316500711614939,10,9
21,43,0.3121597480325668,0.429139118208784,-2.015999905526011,0.8316500711614939,10,9
22,48,0.2956373113286475,0.516985373621606,-3.019999955116491,0.832118445499927,10,9
23,48,0.17460584622520742,0.6174672558025153,-3.0166666759312686,0.8153895700960546,10,9
24,47,0.2635752503479411,0.5332713135712052,-3.016666685453915,0.6950629225049366,10,9
25,47,0.08679306336819594,1.048151548670985,-4.020000050578149,0.6982709607906334,10,9
26,48,0.34156842296373324,0.2596156024242712,-1.0099999999999998,0.7284887151813103,10,9
27,48,0.3239218284829692,0.5096716419690307,-3.0166665782932984,0.8199690926605717,10,9
28,49,0.128051172725243,0.7121973725203719,-3.0166666800114004,0.7090295820497974,10,9
29,49,0.03410088629953922,1.0572746718608137,-5.01750000483314,0.817327949190558,10,9
30,42,0.14337274048242266,0.9355896228117677,-4.017142877788169,0.817327949190558,10,9
31,46,0.20830910754993448,0.7488561584465901,-4.017142862143592,0.8128254675368665,10,9
32,41,0.01422818334378531,1.2091147470319763,-5.01749997749179,0.8128254675368665,10,9
33,45,0.2002753381809842,0.5970562270936908,-2.0159999998489266,0.8128254675368665,10,9
34,49,0.11258570628087865,0.8971688041370998,-4.01714288217875,0.8128254675368665,10,9
35,48,0.12888131772213565,0.7105883209241503,-3.0166668003750665,0.8129768196504336,10,9
36,46,-0.02712558512922293,1.0105707490751543,-4.0171428628726,0.8129768196504336,10,9
37,45,0.25939927806089574,0.4720665223825229,-2.016000053408547,0.8129768196504336,10,9
38,46,0.055331585873904174,1.098145199717002,-5.017500004008457,0.7060120813355271,10,9
39,48,-0.014045612374995124,1.016212194338805,-4.017142882085526,0.702995159647221,10,9
40,43,0.11851597498681007,0.9890016377987612,-4.017142902772012,0.8112474589130203,10,9
41,47,0.23898873740633708,0.7697947879619426,-3.0166666739312147,0.8137079032944232,10,9
42,47,0.3718016257882919,0.39303491143181435,-2.0159976622612947,0.8137562771947615,10,9
43,45,0.24596566667128786,0.6886561086250627,-3.0166666387571452,0.710645778357222,10,9
44,45,0.24407523053724967,0.9939217995152244,-6.017777814806067,0.7277264923041921,10,9
45,46,0.2717047590643812,0.7554972140849222,-4.017142868192807,0.8654739837545312,10,9
46,43,0.4252474676408701,0.2023301654467675,0.06916381286616625,0.8089145184898515,10,9
47,48,0.1457689884896495,1.0876003692115437,-6.017777803431736,0.7797570037068713,10,9
48,47,0.3035206049070874,0.7117088140049099,-3.0166666339397827,0.9671061262499028,10,9
49,45,0.38607954649350984,0.5313369178323962,-3.0199999403718047,0.9671061262499028,10,9
50,45,0.5357585955774895,0.20135249505748015,0.1414821302551083,0.8855255791725862,10,9
51,47,0.43544397428712417,0.2224904804198976,0.11407075202949991,0.8119338929225454,10,9
52,44,0.4696129535281215,0.2216953851098214,0.10906868868105382,0.8838977508823384,10,9
53,49,0.40607448249510875,0.30525124056306363,-1.0150000945795619,0.8465634276911791,10,9
54,45,0.4609953638871335,0.20612141946786472,0.13132370621765593,0.8697236262173809,10,9
55,48,0.4289247289616994,0.22650268109466584,0.043253788072816574,0.8746198512671848,10,9
56,47,0.3855624384366763,0.6684503686421176,-4.017138914469056,0.8746198512671848,10,9
57,46,0.4141257569620791,0.3023160232568116,-1.0150003192464097,0.8746198512671848,10,9
58,47,0.3945347629517938,0.670735164448367,-4.017142866909643,0.8683531864899161,10,9
59,50,0.4483461123202813,0.21407603583794346,0.12498970932795916,0.8151225850841607,10,9
60,43,0.31957966332355475,0.8970630099150965,-4.017142858412952,0.86303999415032,10,9
61,49,0.44387587736560674,0.3263252841946819,-1.0150003246739678,0.9498213760652665,10,9
62,42,0.2888706504918783,0.9595447999897548,-6.017777780231497,0.9786105951179319,10,9
63,47,0.4303953307026269,0.32808472573752323,-1.014999999554456,0.8827907427732916,10,9
64,43,0.44287627183426326,0.44152545040361535,-2.016000003633576,0.8827907427732916,10,9
65,46,0.2926381031393971,0.7438087282177892,-4.017142856831259,0.8560593069777035,10,9
66,48,0.3519325075836852,0.45205333176788925,-2.0159965740449985,0.8539156607694144,10,9
67,47,0.3132406500874241,0.5613525854417679,-3.016666653635307,0.8797529323724717,10,9
68,47,0.42377703639049324,0.2350921325690522,-0.013333398333863284,0.8797736370499982,10,9
69,44,0.4412696365531724,0.23262622035776678,0.047457481602764084,0.8797736370499982,10,9
70,46,0.4627250577238741,0.20539372514355475,0.09124991466675736,0.8797736370499982,10,9
71,46,0.47490691087299974,0.197455703903914,0.146038014638221,0.8536467611258016,10,9
72,47,0.4237335571689361,0.2080360738767868,0.10148370847460059,0.8536467611258016,10,9
73,47,0.4478453048472212,0.22469588489756734,-0.013333326495783001,0.836061150788292,10,9
74,47,0.31416687900613294,0.5080112386040772,-2.016000014632088,0.7899021606959541,10,9
75,46,0.4441702270839427,0.21274914633312605,0.07572156835076752,0.7866016720595087,10,9
76,44,0.30234991028485053,0.7858413720492792,-3.016666667071178,0.7871671516463667,10,9
77,47,0.3727748822246824,0.3430845674070397,-1.014999999554456,0.8645602492154734,10,9
78,46,0.29745817366930677,0.5195557205256277,-3.016666698886211,0.8645602492154734,10,9
79,44,0.2141876032479639,0.7717351845034987,-4.017142749825587,0.8548298230106178,10,9
80,46,0.3886009909634406,0.36260637227224013,-1.014999998969243,0.8697837196197977,10,9
81,47,0.3142066293193144,0.5636377656214921,-3.016666746844344,0.8645602492154734,10,9
82,41,0.43402603290663416,0.24678797171325376,0.062259843696988386,0.8645602492154734,10,9
83,43,0.4922194254600038,0.2619205407050268,0.08466239943973189,0.8644197673238652,10,9
84,46,0.45355671686157606,0.26105571981581577,0.06225045574820584,0.8687506208593638,10,9
85,48,0.24551031435552034,0.9923211482123382,-5.0174999087457275,0.9411855006651937,10,9
86,47,0.4699394514911365,0.23509940907414084,-0.013333347231316645,0.8678894221152764,10,9
87,42,0.5519081132012758,0.2114081547199984,0.09740143343518866,0.8678894221152764,10,9
88,45,0.5455229876076781,0.27472344473671145,-0.013333647528048635,0.9470860221125138,10,9
89,43,0.4894744067285185,0.5737023656761648,-3.016666653640383,0.9470860221125138,10,9
90,44,0.43134076844158126,0.5631218056735524,-3.0166666778155284,0.9470860221125138,10,9
91,45,0.3676182791142804,0.5202705527223648,-2.015999993409355,0.9470860221125138,10,9
92,48,0.4204386207509595,0.4245103283610551,-2.016000018718944,0.9116234412903336,10,9
93,45,0.48462066563264616,0.3232027625645714,-1.0099999999999998,0.8894821132444458,10,9
94,46,0.3865434868525389,0.4360885504352782,-2.0160000011332593,0.9492257452675349,10,9
95,39,0.5202407825866852,0.265055768016238,0.03094961815036336,0.9122104749184676,10,9
96,45,0.43596578433203187,0.43592209165409335,-2.0160000831919174,0.9762672275524272,10,9
97,45,0.3457456718403704,0.5694739320664999,-3.016666743494462,0.8449693188738729,10,9
98,46,0.45698363222136534,0.24502523377942062,0.08535029040680366,0.968763880099599,10,9
99,48,0.47822565595633465,0.4319356382059241,-2.0160001030567027,0.9000037198585865,10,9
100,45,0.5299635038855087,0.2463484229340141,0.08539442434931992,0.9715404663653939,10,9
