gen,nevals,avg,stddev,min,max,run,representation
0,50,-1.0099999999999998,0.0,-1.0099999999999998,-1.0099999999999998,9,9
1,48,-0.6711333194810902,0.4721297613552293,-1.0099999999999998,-0.013333202202318682,9,9
2,46,-0.5581858279351648,0.513633083854425,-1.0150000145082365,0.21836040979243057,9,9
3,46,-0.5094117913556383,0.5274442776805517,-1.0150000812353415,0.3565165905973955,9,9
4,45,-0.2697083911960581,0.521355913133573,-1.0150000612119865,0.4359453425301095,9,9
5,45,-0.12298456407269681,0.513109847440629,-1.0150000036433964,0.412588283006002,9,9
6,47,-0.06077303970459764,0.7296639227329216,-3.016666657006653,0.4136976757440805,9,9
7,44,-0.040423367736690224,0.7380639695432806,-3.01666668384814,0.6934066483019379,9,9
8,48,-0.06243587355250379,0.8499428141260578,-3.0166666662459254,0.6934609797446945,9,9
9,46,0.15563023231132708,0.7955152001417582,-4.017142834822413,0.7267452210978942,9,9
10,44,-0.020398763323843966,1.0887587728956434,-4.017142865100391,0.7267452210978942,9,9
11,45,-0.051770108646843165,1.3235413359231227,-7.0180000257391795,0.8311203522407137,9,9
12,47,0.08744287274920294,0.8201926426158026,-3.019999997389136,0.6959635018394704,9,9
13,48,0.12380010144806725,0.8778019560784118,-4.017142834822413,0.7027478817045568,9,9
14,48,-0.2192068887163001,1.4073731430090448,-5.017499919080303,0.6934609797446945,9,9
15,48,-0.029572670566971593,0.9677113758055407,-4.017142834822413,0.6934066483019379,9,9
16,48,0.046129905398762085,0.8725426378667424,-4.017142873125858,0.7064701149675362,9,9
17,45,0.29265448192184873,0.49372119547334214,-3.0166666327200895,0.7032076199831718,9,9
18,47,0.2855960032123714,0.5676752363557684,-3.0166666600211385,0.7032076199831718,9,9
19,46,0.10071945564598048,0.8063619810394154,-3.016666676153008,0.7561412778414283,9,9
20,44,0.25249849737694774,0.7478042487945648,-4.0171428299161285,0.7552813030558958,9,9
21,49,0.2930001060034314,0.5472239938774964,-3.0166666739277064,0.8283691668351961,9,9
22,46,0.2544220402248728,1.0826119520790414,-7.017999971339306,0.988744697956592,9,9
23,46,0.378254080062247,0.6708495099699122,-4.020000007623517,0.9140258737238175,9,9
24,47,0.17110314536559698,1.3217112125548665,-7.017999990474483,0.9807823874717234,9,9
25,47,0.5133594127564873,0.23745913124078602,0.07552235778796149,0.9017139182729398,9,9
26,47,0.3311297149975934,0.6634210817444359,-3.0166666946491545,0.9118653744989983,9,9
27,44,0.521498412242572,0.22512673916891862,0.085725794912637,0.9598682473278539,9,9
28,44,0.4727194921032303,0.22554576679399924,0.12053154525349914,0.9598682473278539,9,9
29,48,0.48268638400437813,0.24261468844979647,0.11739730069926543,0.9127915120950413,9,9
30,47,0.41457711464763086,0.4644001552556833,-2.0160000825618942,0.8934786870131124,9,9
31,46,0.4952575147999339,0.2157299928086157,0.08617870135555133,0.8934786870131124,9,9
32,45,0.4344744942892349,0.5896208158183925,-3.0166666956720904,0.902730565312362,9,9
33,45,0.46167487320240286,0.2795609111572575,0.11611083519786788,0.8915099521345088,9,9
34,49,0.3649932329475405,0.8025256430511936,-5.0175000788768624,0.9009332439502786,9,9
35,47,0.4122808241327837,0.5814153829264301,-3.016666643959433,0.9009332439502786,9,9
36,47,0.5170193132981756,0.3199716486193761,-1.0099999999999998,0.8855108990712693,9,9
37,47,0.36362179800729016,0.6392439523369462,-3.016666672753572,0.9730977124689781,9,9
38,45,0.47329258484860337,0.420436401702998,-2.0160000482569576,0.9730977124689781,9,9
39,46,0.4266417212142175,0.23867072313890111,0.07546358031009276,0.9778301546021455,9,9
40,48,0.19579883921429306,1.1106676742270978,-5.017500024253249,0.9013928831869833,9,9
41,49,0.35125206723718955,0.641034812431004,-3.016666662144726,0.8498877933338513,9,9
42,45,0.4125786296692467,0.6709202440687084,-4.017142850650226,0.8498877933338513,9,9
43,47,0.47224847453220753,0.2371112797605825,0.08934424960719392,0.9036504473702278,9,9
44,48,0.525737202659804,0.22057529363055267,0.06056137778404506,0.9110680485595596,9,9
45,50,0.42719314625893823,0.22397485979005186,0.07155910774303371,0.8227935225748475,9,9
46,47,0.43335844002311047,0.3187983185675111,-1.0149999979238657,0.9045809650345397,9,9
47,45,0.4770849502119882,0.25387987537525664,0.06619434131561441,1.0511730186379666,9,9
48,48,0.43698736534658394,0.33331561203624505,-1.0099999999999998,0.9054214860438938,9,9
49,47,0.31354898004047366,0.7523667879404008,-4.017142845773401,0.9170674871637049,9,9
50,47,0.36417468741083553,0.6713472372467638,-4.017142858456902,0.8495524270907896,9,9
51,45,0.5159967932886612,0.2439374781318289,0.06221129325490112,0.9134429898784286,9,9
52,48,0.5159094747517452,0.24222283057660318,0.07257821007146338,0.9127918996056728,9,9
53,45,0.4945351665485766,0.2562280914144208,0.09544185941899659,0.9110680485595596,9,9
54,44,0.48205567820169626,0.24610029069884812,0.08572225596271327,0.9127918996056728,9,9
55,45,0.4189993150194065,0.5529506407773713,-3.01666650032399,0.9730977124689781,9,9
56,44,0.45439140262009475,0.42847081620638405,-2.0160001773932255,0.9127918996056728,9,9
57,43,0.3716128363525001,0.9507750384121537,-6.019999893342516,0.985631846077499,9,9
58,46,0.4967448726723342,0.26817799785163154,0.10175266301498619,0.9118105455526105,9,9
59,43,0.447982160143756,0.5581758462647909,-3.0166666759312686,0.9062506594178754,9,9
60,46,0.45499826413559546,0.4083053159520098,-1.0150003246739678,0.982159454577281,9,9
61,46,0.4420942631421718,0.31453448260341227,-1.015000042391821,0.8893819858171015,9,9
62,48,0.4741475833713502,0.22536175333202635,0.13090943515111908,0.8149095409742078,9,9
63,46,0.4466263098418944,0.5710765796805686,-3.0166666739277064,0.8893819858171015,9,9
64,46,0.35791656006696143,0.5858448252551883,-3.0166666759312686,0.8661425649172423,9,9
65,44,0.539604449565422,0.26133758392778855,0.06685388158399484,0.8893819858171015,9,9
66,47,0.3227033997369664,0.6182633542605526,-2.0159999923826435,0.889094695374396,9,9
67,50,0.5199904092641667,0.24265530557806855,0.09211553111534852,0.9992141672639067,9,9
68,46,0.425870880856672,0.6783202378404269,-4.0171428396317985,0.8463232296537005,9,9
69,44,0.5461842392923085,0.34701056656352725,-1.0150000007108138,1.0715599199072792,9,9
70,46,0.34541486609850097,0.9343790109276815,-4.0171429107163625,1.0715954615056726,9,9
71,45,0.4289508433792102,0.2839712374457481,0.06316646897202303,1.1561438898974743,9,9
72,42,0.5089560922866118,0.2638856212135759,0.07697607743782933,0.9042839450702548,9,9
73,47,0.5303274861178964,0.26454352858974955,0.11917240363379616,0.9849289265351268,9,9
74,48,0.5812132294247342,0.25219267308909377,-0.013333316754764618,0.9643813885608088,9,9
75,47,0.4523434833558347,0.4481125839698523,-2.016000003633576,0.9750140009282517,9,9
76,48,0.3668876363908516,0.8098324252879917,-5.019999986270759,0.9717391040377387,9,9
77,47,0.5370620035265927,0.23450817047018938,0.16165192964212163,0.9131121226774389,9,9
78,46,0.5980611682838122,0.2541652453941974,0.11455073397197942,1.0638243980999518,9,9
79,48,0.5186402434927613,0.2719542207954407,0.046390733989110054,0.9835406753193167,9,9
80,46,0.5268487896050352,0.25602535960759715,0.08552622032645289,0.9131560116137555,9,9
81,46,0.5255030386093557,0.4338952095179064,-2.016000082314642,0.9098773891715131,9,9
82,43,0.42026974777140624,0.67752645048534,-4.017142872476998,0.9816352502525184,9,9
83,46,0.40747288217830424,0.4880197244348003,-2.01599999492308,1.0107932896826732,9,9
84,46,0.3944476831567351,0.9590603470363435,-5.017499949053727,1.0107932896826732,9,9
85,48,0.5575287369417693,0.2782198193573993,0.11306104774994066,1.0638243980999518,9,9
86,46,0.5067467927718687,0.45044094831120945,-2.0160000831919174,0.9880224948319778,9,9
87,49,0.3978887904403483,0.661868191135821,-3.0166665612638313,1.0638243980999518,9,9
88,45,0.5260278086612715,0.3470996996457373,-1.0099999999999998,1.0638243980999518,9,9
89,49,0.40522838326027383,0.6999444302230916,-4.017142858439986,1.1640612127385468,9,9
90,44,0.5219923993304281,0.4602879956408779,-2.0159999314161663,1.0473128550672488,9,9
91,42,0.5760919440189195,0.25998727745412853,0.12854192523633884,0.9579998325082115,9,9
92,45,0.45937249043825273,0.6853261255319906,-4.017142846122128,1.026695652792288,9,9
93,46,0.4799725188869799,0.32217157891806963,-1.0099999999999998,0.9712640378166066,9,9
94,45,0.46043496416197527,0.5613580639511421,-3.016666619773078,1.041768244078956,9,9
95,48,0.500137055767389,0.2644238379419915,0.08527103875682793,1.041768244078956,9,9
96,49,0.5108270431500301,0.23228750590523278,0.09919721561939063,1.0189249648458547,9,9
97,48,0.4824042660940632,0.43287165964766317,-2.0159999314161663,1.0284310746036873,9,9
98,46,0.5288015834519421,0.4468666070243837,-2.0159999314161663,1.0248519382362211,9,9
99,46,0.5863716508960287,0.2978109286443096,0.08653474285817131,1.1014511836482934,9,9
100,47,0.43770051611627026,0.7910271951118389,-4.017142873054118,1.0500624341175617,9,9
