gen,nevals,avg,stddev,min,max,run,representation
0,50,-1.0099999999999998,0.0,-1.0099999999999998,-1.0099999999999998,8,0
1,44,-0.9504000061024168,0.4191051919227355,-2.01,-0.013333127065443585,8,0
2,45,-0.6912666833640339,0.5795514890600432,-2.01,-0.013333127065443585,8,0
3,47,-0.211137722958223,0.44711303132055735,-2.01,0.07811269005661253,8,0
4,48,-0.12493473703572908,0.32884847243109744,-1.014999857839871,0.15395403951245842,8,0
5,48,-0.08392747584211209,0.31352929820026215,-1.012671765883053,0.1544837732307762,8,0
6,48,0.00607603980708455,0.21549539068953052,-1.0099999999999998,0.1548728691041163,8,0
7,46,-0.0038143442523896347,0.39330688678847114,-2.0094410598176666,0.21083766166328036,8,0
8,49,0.12695687317169937,0.07048829610974992,-0.01999999999999945,0.21546987657005776,8,0
9,48,0.16575573632983867,0.06093660453464974,-0.013333547812184883,0.25258866009372527,8,0
10,47,0.20023585294923904,0.06724131702170072,-0.01333338526869049,0.39509102164678317,8,0
11,46,0.12922657581172914,0.4023994527982034,-2.01,0.39509102164678317,8,0
12,48,0.15849560911880678,0.3672829118282419,-1.0200000828495162,0.41344872097897617,8,0
13,46,0.3381300117563722,0.10082817564855423,-0.013333391370724104,0.4554119058815511,8,0
14,46,0.37933046129878034,0.07363926397515495,0.05387670406695305,0.4554119058815511,8,0
15,48,0.38954483233332254,0.057620958551796685,0.24001648251433713,0.4937833723301868,8,0
16,47,0.38744386884622345,0.08996200105423134,0.18530460013500422,0.5162074267999606,8,0
17,48,0.4024464760428128,0.11930512910766872,0.053699954224707594,0.6055779766507434,8,0
18,45,0.4774324989917899,0.11301581199117514,0.1169347174158806,0.6245377371560769,8,0
19,42,0.5156465925187227,0.1340096061916192,0.06803458494272382,0.6245377371560769,8,0
20,46,0.5219508870220307,0.16203182677084338,0.0816137097359751,0.6557272883180953,8,0
21,46,0.48924069414209703,0.19359261784789694,0.09750108724999332,0.6934378641025419,8,0
22,47,0.5972572211777246,0.13136405265753695,0.13228788975864791,0.6938597712844095,8,0
23,46,0.5146104920250619,0.21529762501239708,0.0830787507845806,0.7565367305418607,8,0
24,48,0.47653642163300913,0.25564110815934415,0.036634056232091566,0.7744763438310759,8,0
25,48,0.5515489103113407,0.24150784053620913,0.11744577360844291,0.7744763438310759,8,0
26,48,0.571867632264615,0.23809412839574026,0.15226659419203706,0.789528642267874,8,0
27,46,0.679634166896266,0.18142346604376527,0.1810499504417452,0.789528642267874,8,0
28,45,0.6764897173280463,0.20234656481882632,0.19536188157592088,0.8256760802263127,8,0
29,48,0.7062352397058276,0.20281178858544582,0.08795266715266446,0.8867510504671483,8,0
30,47,0.6773750513857055,0.2370763351472193,0.18114478323179412,0.8999815919406746,8,0
31,47,0.7068081355248705,0.24636374694522872,0.1856410599561326,0.9951873370838775,8,0
32,46,0.7823062729733238,0.21291840155651198,0.1596080879774835,0.9951873370838775,8,0
33,47,0.7687679567205562,0.2810086269337843,0.17984423305408323,0.9951873370838775,8,0
34,47,0.8091781177390583,0.284175834251702,0.24486099897047242,1.0083719089683374,8,0
35,45,0.7360079408968477,0.3281611207679265,0.20080985907211685,1.0090293305404938,8,0
36,46,0.8344416361253605,0.29591190401799294,0.2224629647052883,1.0254280354184706,8,0
37,47,0.8804252309235145,0.27035692114156196,0.23068713503550659,1.0277042470775373,8,0
38,43,0.8886901209428393,0.2683045253268737,0.21279956797884325,1.0316266254825293,8,0
39,46,0.9172979414915473,0.24417110192820904,0.1910259109225932,1.036300901225483,8,0
40,47,0.9018446745008849,0.26436357274544137,0.23263898051022192,1.0525348844358622,8,0
41,47,0.8180564282571562,0.3147593418036799,0.2273904163218458,1.0525348844358622,8,0
42,43,0.8660085293258629,0.3042714102766179,0.21443171315008436,1.0688734332671648,8,0
43,48,0.756009765463461,0.36399880177070726,0.18251862832871854,1.0694261004615382,8,0
44,48,0.7533993251021672,0.3779824852992113,0.20783601907635216,1.0694261004615382,8,0
45,45,0.8398914941881601,0.3473156569109072,0.17276411769637728,1.1009790517985991,8,0
46,48,0.9198036807752328,0.2953906906701791,0.23556117771165727,1.1012365897425804,8,0
47,42,0.8445212856731186,0.3666735464164336,0.19763266033852323,1.101361822683406,8,0
48,48,0.8952305315585961,0.3386402734091299,0.19405668581989657,1.127392116696228,8,0
49,46,0.9354144674610206,0.32503049648259585,0.23391466091027532,1.138581376823844,8,0
50,44,0.9077872226169302,0.3487265523405127,0.22696578951311158,1.1808534050582,8,0
51,47,0.9554191978374876,0.32854738330028344,0.20209195631815363,1.1808534050582,8,0
52,45,1.059365889244594,0.23961935509244295,0.2950628587320481,1.2219705264263039,8,0
53,48,0.9771752701966001,0.3442705147125243,0.09996348932253134,1.2340942800920058,8,0
54,46,1.0194914888878839,0.3322853404296102,0.3098339871313228,1.222085095451065,8,0
55,43,0.987130853615556,0.37816662162611014,0.24745556684219605,1.2290707838624302,8,0
56,46,1.0228937425779174,0.36471264088556243,0.2781652812651368,1.2488874217227037,8,0
57,46,0.9662097831622977,0.4175805275571801,0.2334973054314889,1.2618091751924907,8,0
58,46,0.9521452536076259,0.41715033399583973,0.2052042656994654,1.2618097059045783,8,0
59,47,0.9133115784261175,0.44519035526356193,0.21281968988603686,1.2695872955142025,8,0
60,44,0.9859160637182528,0.4218646874385318,0.2414466527464629,1.2697204297119056,8,0
61,47,1.0034829131254521,0.4219844017178908,0.22202015650055737,1.3061000947399175,8,0
62,49,0.951018650250123,0.4605471607372072,0.22837538016071404,1.3061000947399175,8,0
63,48,0.9809730975194207,0.4638839860648129,0.2017469500875441,1.349901537272644,8,0
64,50,1.0044726134158157,0.4828463472783657,0.1793030472286142,1.349901537272644,8,0
65,46,1.0733306030711613,0.45732798077637865,0.16740823590373338,1.3549135065694062,8,0
66,47,0.9935951451180809,0.5224842569387615,0.12962139315100088,1.3549135065694062,8,0
67,46,1.080981061147619,0.47661557123715736,0.1303251090546416,1.37004446247093,8,0
68,45,1.2034392316969578,0.36732741443022404,0.18387345304112476,1.3721075116866108,8,0
69,48,0.9811798088908165,0.5368364130340656,0.08507853460003813,1.3937427877697321,8,0
70,45,0.8688379565019726,0.574306710221028,0.13032267100863273,1.3937427877697321,8,0
71,47,0.9451432719274037,0.5734158801379693,0.08421343537622426,1.397942464077202,8,0
72,48,0.9356276122613275,0.5709454708028113,0.07994257852471756,1.397942464077202,8,0
73,47,0.875397957608115,0.6091686248486348,0.09143822134378383,1.412840502421464,8,0
74,47,1.0814999444830808,0.5231199884320461,0.08330807481105924,1.412840502421464,8,0
75,47,1.0761352453812871,0.5464099405197441,0.09213879121127704,1.4128531391445218,8,0
76,48,1.254449617764738,0.3962756326565365,0.12841486054798196,1.4128708127699048,8,0
77,46,1.174692970605107,0.4792038306692913,0.08471178425875762,1.4218384907543682,8,0
78,46,1.0329769869004108,0.5700456871276254,0.06871298784949953,1.4218384907543682,8,0
79,46,1.1072529621340679,0.5318415271451922,0.11924673799671139,1.4272927869180085,8,0
80,42,1.1955097884723294,0.45613885849026486,0.10438514601559246,1.4272927869180085,8,0
81,44,1.085465106853254,0.5365123915553353,0.08142068614854062,1.4577862083983053,8,0
82,43,1.1716267205611237,0.4947508446613278,0.12410397561290891,1.4711823920955007,8,0
83,43,1.2361147707782896,0.4530125921716306,0.17006054383835298,1.4711823920955007,8,0
84,46,1.192007583972113,0.4900290952796533,0.15494886057386845,1.536917323396483,8,0
85,47,1.1910324362960099,0.5106298731957405,0.17024942253340836,1.536917323396483,8,0
86,46,1.299413218865121,0.44003850860796523,0.18011074070426514,1.5369579983349324,8,0
87,45,1.3258571397202468,0.4442799166752368,0.18218256153455056,1.5414876896070886,8,0
88,46,1.187885676675974,0.5588365772963758,0.16587783124994251,1.5414876896070886,8,0
89,41,1.292201034640247,0.5015625910512582,0.14426429869638688,1.5421255393468751,8,0
90,49,1.2255721541107565,0.5515219985901092,0.1397679586265769,1.5421255393468751,8,0
91,46,1.211629818615241,0.5626961965895785,0.1331098488929112,1.5476194701929367,8,0
92,46,1.2040067723678556,0.5685437087089551,0.127289840637754,1.547622158489796,8,0
93,46,1.119353407219528,0.5990492518402708,0.142438651569131,1.5556709334221244,8,0
94,46,1.0982391661567996,0.6002761406551094,0.14811839064197208,1.5559701546823963,8,0
95,50,1.162361682103247,0.5922471438215474,0.14610064876939305,1.564206415996723,8,0
96,47,1.2729563510363116,0.5327488938557372,0.11991764005284472,1.564625969273476,8,0
97,46,1.3923082737264383,0.41024572604391607,0.18795549866767958,1.601612254195964,8,0
98,47,1.3806957728225921,0.4516809701005117,0.1839711720720094,1.601612254195964,8,0
99,46,1.2197099799852231,0.5854455724158701,0.1808026155155902,1.606288751884147,8,0
100,45,1.3849610218988908,0.464064176101233,0.15027109986577444,1.6246386770147934,8,0
