gen,nevals,avg,stddev,min,max,run,representation
0,50,-1.0099999999999998,0.0,-1.0099999999999998,-1.0099999999999998,2,1
1,44,-0.8505333333330778,0.36538403541173065,-1.0099999999999998,-0.013333333331737479,2,1
2,48,-0.5319000018480815,0.4982240674854861,-1.0150000000428947,-0.013333333277290834,2,1
3,47,-0.352900000070636,0.4731072006351855,-1.0150000000428947,-0.013333318611476526,2,1
4,47,-0.27306666638220656,0.43818620615430276,-1.0150000000428947,-0.013333307716814072,2,1
5,46,-0.41258665866654826,0.5284066515454869,-2.0159999999841025,-0.013333307716919731,2,1
6,46,-0.33286665885331373,0.4657978910713568,-1.0150000081579778,-0.013333307716919731,2,1
7,44,-0.1933333222326308,0.3841887579647393,-1.0150000001122885,-0.013333307716814072,2,1
8,46,-0.3131333221758775,0.45795410907124484,-1.0150000081579778,-0.01333330138090053,2,1
9,46,-0.13281543970856058,0.3248593391346433,-1.0150000036535483,0.007560766533053938,2,1
10,48,-0.27207667494124815,0.43925373224076847,-1.015000013073313,0.007560766533053938,2,1
11,46,-0.44860397964615545,0.5755315757048841,-2.016000014563064,0.06433234910870829,2,1
12,47,-0.3209740394292607,0.5886150918720687,-2.016000014563064,0.06984461622515088,2,1
13,46,-0.38341989034538465,0.8163416780986932,-3.016666664605956,0.10690767121179767,2,1
14,48,-0.45605026862618536,1.0153398527509296,-3.016666664605956,0.17500576097001097,2,1
15,44,-0.22536626114762964,0.9072922239413478,-4.000296708147647,0.19815641108172585,2,1
16,47,-0.3651058931586262,1.2152853489712363,-4.017142857825052,0.26351695142374826,2,1
17,48,-0.19586037254382802,1.1415711139835227,-5.017500000241952,0.48712719854498154,2,1
18,47,-0.1428864102797453,1.1663378191195364,-5.017500000425221,0.48712719854498154,2,1
19,48,0.24076615403663507,0.23199526877658697,-1.014999999507421,0.5493494129392745,2,1
20,45,-0.08147027571893234,1.5917918248575127,-7.002586221116012,0.5510053723884961,2,1
21,48,0.1797603281714908,0.8985595760755974,-6.006962433967115,0.5509326040048778,2,1
22,50,0.22121309077195814,0.9027817292612599,-6.017777779650106,0.6151774550153246,2,1
23,49,0.2567235679598206,1.0518269695447648,-7.00255887240047,0.73447017718724,2,1
24,45,0.07372856521645081,1.6723648573623098,-9.005349493323035,0.73447017718724,2,1
25,44,0.4154522452783959,0.2058561512714759,0.045153098222837536,0.6793118613538025,2,1
26,45,0.3191616235474776,0.9249822800696416,-6.017777779497127,0.6841854892190111,2,1
27,43,0.4842181851874954,0.19046557465125333,0.04747036517736084,0.7569286333051364,2,1
28,50,-0.21571957394819663,2.383633712326788,-9.005309803436,0.7569286333051364,2,1
29,49,-0.0987125092215054,2.1783821232602305,-9.018333333171702,0.706720046726424,2,1
30,39,0.3353676965673409,1.210548018698063,-8.004103475521832,0.7887681819104364,2,1
31,46,0.36487382001004387,1.2142256870161983,-8.011976788777096,0.7887681819104364,2,1
32,45,0.5290571365596864,0.22133393935148432,0.019022688716008592,0.792216021372098,2,1
33,46,0.2812136531963123,1.3472933919345125,-9.005309196935272,0.8051581074894237,2,1
34,49,0.11126685031499807,1.7780897378169034,-9.01833332595869,0.792217396776964,2,1
35,49,0.3544667582877433,1.0759959802132706,-7.018000000145283,0.8697495755414416,2,1
36,46,0.48946734321856034,0.22994492314909865,0.002199646698129362,0.7922173967769648,2,1
37,48,0.303544906665572,1.352813618100234,-9.01833332595869,0.867262769456847,2,1
38,45,0.5960529209258739,0.23382421945763696,0.15770901977326696,0.8927886246168775,2,1
39,44,0.6348958700899577,0.2276226234747629,0.13173577723200833,0.9171381582105609,2,1
40,43,0.5225125303693529,1.2422445181295096,-8.018181907611496,0.920531014770926,2,1
41,44,0.7781124241780608,0.1691894530440841,0.35055671460429866,1.0440428910078714,2,1
42,45,0.7324631233845671,0.2500029797575956,0.09640870909870286,1.0883599645352593,2,1
43,44,0.5306231045883091,1.3947112749566044,-9.018333347802576,1.0883599645352593,2,1
44,44,0.7431461073586008,0.33332741821299217,0.0728367801902035,1.0887754308249789,2,1
45,45,0.5718822623752007,1.546419858894491,-10.018461530350276,1.1110214629369148,2,1
46,47,0.7995735895401538,0.3359930407426296,0.10865527835829004,1.1207630081188094,2,1
47,46,0.7674664770282739,0.34939886157314604,0.006961375908388311,1.1217927206142049,2,1
48,49,0.8126477939704019,0.3230609458855623,0.04101378825511612,1.1217927206142049,2,1
49,44,0.6487233087776155,1.5534324758658564,-10.018461501275201,1.1585404288553145,2,1
50,45,0.807143677730578,0.37085789168967986,0.056729809631974375,1.164474319518436,2,1
51,46,0.860539241916968,0.28330631531747846,0.1377594627943109,1.1555529290093574,2,1
52,49,0.5216222846192925,1.5527569118731497,-10.0184615295295,1.1585404288553145,2,1
53,48,0.6309142881461922,1.4060610706316898,-9.018333347761367,1.2024810665617698,2,1
54,45,0.8441322203295236,0.3348675520701066,0.17032154361326085,1.203461139482799,2,1
55,47,0.9505488919704383,0.31667242430911224,0.14269562913919454,1.2483427406141279,2,1
56,47,0.5508792694385406,1.9761192239355736,-9.018333338106675,1.3162759684822292,2,1
57,48,0.9187077644438059,0.29678639050412864,0.2524921974543924,1.3189419890497847,2,1
58,47,0.9429672244301962,0.28531040379012246,0.27072916859836516,1.3189419890497847,2,1
59,44,0.9190283219700045,0.33922082391935393,0.19828590618139763,1.3189419890497847,2,1
60,44,0.8348517087584656,0.32925635842943296,0.250166669474064,1.3189419890497847,2,1
61,47,0.8371330959951719,0.3421306173353819,0.17980821471962632,1.2728836273991713,2,1
62,47,0.8581147961363809,0.35609298432095765,0.09450346525303516,1.2728836273991713,2,1
63,46,0.9983457862193041,0.31906388329384583,0.06108291722539371,1.284138584287497,2,1
64,47,0.8469692103847288,1.298556304973564,-8.018181893442144,1.2886580851433604,2,1
65,50,0.8983610773908383,0.3647328618067427,0.09814660873443824,1.2886580851433604,2,1
66,43,0.958812155136284,0.29253020158704796,0.29013449869096525,1.285284268520075,2,1
67,45,0.9535625054945173,0.3415034387101912,0.12919170135860458,1.3506683990548125,2,1
68,45,0.9699483119509926,0.3183143434328341,0.13537523720902556,1.3506683990548125,2,1
69,50,0.9369927417843974,0.30843771035137296,0.2656975775540079,1.3508292005495526,2,1
70,50,0.7062259098025733,1.2909281416975884,-8.01818183525697,1.3508292005495526,2,1
71,46,0.6748180277345047,1.4335805880530172,-9.018333339017762,1.3508292005495526,2,1
72,43,0.9982574475972646,0.3533973835916701,0.24368910108913142,1.3856363888094563,2,1
73,46,0.949780532945441,0.4235696974545903,0.0942506860394754,1.3856363888094563,2,1
74,41,0.6703554332076064,1.4363662602479372,-9.01833332980223,1.3856363888094563,2,1
75,43,1.0119592633112517,0.35835520080231764,0.1448878412097662,1.3856363888094563,2,1
76,48,1.0085975789683834,0.36741981731695594,0.25451181433586517,1.3856363888094563,2,1
77,49,1.0405448326351074,0.3314296730027335,0.22553924887948096,1.3856363888094563,2,1
78,46,0.9016581809444678,0.3606653712306689,0.22319032261819402,1.3856363888094563,2,1
79,43,0.723983971514538,1.3080906829912318,-8.007704409855297,1.3856363888094563,2,1
80,42,0.9207173410103315,0.3961191556720921,0.13602903563945976,1.4070910637172576,2,1
81,46,0.9159098698457683,0.36127366820728696,0.2535554978456227,1.4055983068021467,2,1
82,47,0.9713345818765065,0.38878230561311566,0.2688787586841065,1.4055983068021467,2,1
83,48,0.7733014247655174,1.5797528675125554,-10.002376471644068,1.4230891340969016,2,1
84,48,0.6667274556353915,1.44473513576805,-9.01833333663719,1.4510117461819563,2,1
85,45,0.8189279076327287,0.4158267504477397,0.17556951007867097,1.4510117461819563,2,1
86,48,1.039636940908247,0.3440258746279648,0.17091765948751578,1.4510117461819563,2,1
87,45,0.9931125066165886,0.39683192904158937,0.2788262803638645,1.4518585991217448,2,1
88,49,0.7522643601533084,1.5866105772022792,-10.018461515858524,1.4510117461819563,2,1
89,47,0.9905725869615987,0.40490624316140045,0.22484215005576147,1.4582706213536871,2,1
90,47,0.8806055953162911,0.39322631798681,0.16581610368278135,1.451011746181957,2,1
91,43,0.9309316739086257,0.3915438484303187,0.12114934882052873,1.4834876566891286,2,1
92,48,0.7023499575369548,1.5823901035237493,-10.01846151200427,1.4842066061469295,2,1
93,45,1.0697417020963622,0.3789635254217098,0.12114462057325441,1.4842066061469275,2,1
94,44,0.8359850475160695,1.4668261519436512,-9.018333355952802,1.4922516210553112,2,1
95,47,0.7640540081993182,1.4505599398710474,-9.018333299146558,1.4922516210553123,2,1
96,46,0.7387949370971143,1.6030865754465466,-10.018461595967661,1.4922516210553123,2,1
97,46,0.5780951947012016,2.2020403969564404,-10.018461536503864,1.4922516210553123,2,1
98,44,0.8727700110840835,0.43439583160248546,0.03635556222646069,1.4950643980823386,2,1
99,47,0.7812672992203118,1.4710177669682418,-9.018333355383632,1.4974602569355198,2,1
100,47,0.8641709728793289,1.4617994113112045,-9.018333354261065,1.498333572802526,2,1
