gen,nevals,avg,stddev,min,max,run,representation
0,50,-1.0099999999999998,0.0,-1.0099999999999998,-1.0099999999999998,9,0
1,43,-1.0702666553318734,0.4645810030622094,-2.01,-0.013332934262425641,9,0
2,44,-0.6900098453368578,0.614548460454759,-2.01,0.05284023058427193,9,0
3,45,-0.1577976582628984,0.4237909667990442,-2.01,0.1895290490174309,9,0
4,48,0.05035377992202971,0.17035297223371737,-1.0015091579546553,0.4010835303352819,9,0
5,43,0.08423283324843892,0.30724433347648566,-2.0200000093187533,0.20315994720475058,9,0
6,47,0.13797333217694416,0.17653985634333674,-1.0200000140922343,0.28899827510351433,9,0
7,48,0.18682066026742777,0.07578795163664298,-0.01999999999999945,0.3718199462611648,9,0
8,49,0.2194021900058746,0.20270297176811705,-1.0077666331182433,0.41600579364134727,9,0
9,43,0.30035550234429953,0.11132835339076719,-0.013333362320137225,0.6150378725138046,9,0
10,47,0.2728750725071062,0.2293000022375649,-1.0178181214587592,0.6150378725138046,9,0
11,48,0.34070086160042173,0.13192573019774106,-0.013333228025557071,0.6150378725138046,9,0
12,48,0.37198332783680693,0.15273826195670473,-0.013333336219452792,0.6150378725138046,9,0
13,50,0.37383097881326177,0.1522069119929103,-0.01333328705378512,0.6658495703096831,9,0
14,48,0.4232288002899103,0.2583250981497485,-1.0200000338260784,0.697791344950784,9,0
15,47,0.4144693489118302,0.33667634108081523,-1.0149999966741903,0.6866006196737732,9,0
16,43,0.494383377629672,0.27629693306077546,-1.0149999966741903,0.6866006196737732,9,0
17,45,0.36354144307189123,0.2886073598896999,-1.014999995876058,0.6866006196737732,9,0
18,45,0.4880505319607987,0.21493298132235736,0.030172508288534277,0.7246845296060316,9,0
19,49,0.41413241151332697,0.37714628695583585,-1.0200000088576353,0.7497703839513026,9,0
20,45,0.5914985163654779,0.20423184958814594,0.12653316687888444,0.7512564588112145,9,0
21,48,0.5736658690184744,0.2234149530460665,0.05121595146433882,0.7801694145929886,9,0
22,50,0.5900938234770986,0.2276393264294296,0.05100498541849142,0.7801694145929886,9,0
23,46,0.4980515552141434,0.38640594926147076,-1.0200000190876521,0.8393157988810577,9,0
24,39,0.44236667978050226,0.5675828942857634,-2.0205150739286797,0.8438972796970328,9,0
25,48,0.7090921399575462,0.2076693088809313,0.17592362002425888,0.9441025505018819,9,0
26,49,0.6877080936063545,0.4390905241093974,-2.0200000039117763,0.9466599094324293,9,0
27,44,0.7311437963245272,0.2653194312010911,0.19461226144825763,0.9579502818493109,9,0
28,47,0.5567870819942388,0.7930499251669779,-3.0205316269828333,0.9579502818493109,9,0
29,47,0.6198559259436314,0.6171710449803047,-3.0051860512321005,1.0217979688782466,9,0
30,44,0.5682468969097615,0.8031209607266621,-3.007999210430893,1.0221808280157203,9,0
31,48,0.6283862742728001,0.7273549360725509,-3.019882887265088,1.0221808280157212,9,0
32,47,0.6483560180762575,0.653894819301657,-3.0229816524700204,1.035607070859187,9,0
33,48,0.713334435057346,0.6489592871331151,-3.019882887265088,1.0357091061535348,9,0
34,46,0.501008958782564,1.0087163769735152,-4.017493613743656,1.038810878936669,9,0
35,45,0.584823779347267,0.6651132020293026,-3.0198792101862795,1.0394737551228577,9,0
36,44,0.6967552911375408,0.6509170013715605,-3.0198557087736697,1.0395410023627896,9,0
37,46,0.5289255080428479,0.7699724402044172,-4.009298006877628,1.0400440645871918,9,0
38,42,0.7066632742035089,0.7739160545675109,-4.017049170284969,1.0400440645871918,9,0
39,44,0.7132867081083105,0.3960939768256068,0.12055484842781841,1.0562747413541138,9,0
40,44,0.6947023664197328,0.41493856691285774,0.07517648749618511,1.0562747413541138,9,0
41,45,0.6420784574735149,0.4293678954993403,0.027880779549164104,1.0562747413541138,9,0
42,47,0.7133188882259007,0.4025772616415005,0.12245369606421887,1.0562747413541138,9,0
43,48,0.8351948340882595,0.37128720939706916,0.07860780264138341,1.0577763293840259,9,0
44,48,0.754539684402578,0.412322453052875,0.026851643459394024,1.0577763293840259,9,0
45,45,0.6757710818310625,0.4238754699870777,0.07796206444476703,1.0577763293840259,9,0
46,47,0.7265183345007025,0.41144115666065695,0.08331387060283865,1.058273504371876,9,0
47,43,0.698286547865804,0.4255658396084064,0.07794671201179529,1.073967701375686,9,0
48,45,0.6394274945802423,0.4352817000202894,0.07646887856347406,1.073967701375686,9,0
49,41,0.555362822323339,0.423741971543051,0.011694443577232231,1.073967701375686,9,0
50,46,0.6618259211300089,0.43846639888728156,0.07823431605483486,1.073967701375686,9,0
51,42,0.7201314138428259,0.426063706576015,0.09855464326093742,1.0739841246170971,9,0
52,46,0.7360550985099856,0.4279268157718928,0.11664803102122963,1.0739875555274543,9,0
53,49,0.7400741948342489,0.43688214471260317,0.011707596265634819,1.074024484384952,9,0
54,45,0.7080590986061907,0.42590922448261126,0.011793253548621646,1.0744392268626906,9,0
55,44,0.631146961735165,0.44647188013133376,0.01171979184128153,1.0744470031233315,9,0
56,45,0.6875627689955102,0.44989782642832554,0.048914737544455834,1.0744470031233315,9,0
57,48,0.8144358546781518,0.4061680584713398,0.06288839209751122,1.0745200771619865,9,0
58,46,0.7526967276381298,0.430615890335231,0.09240117878240214,1.0744488482467067,9,0
59,44,0.7854890184507798,0.41757868434571327,0.011766312730405511,1.0744753806478007,9,0
60,46,0.6896551418372144,0.44281805981158784,0.011768175813877384,1.0744646639490483,9,0
61,45,0.6751544562362986,0.4337910626812023,0.08064484065369462,1.07455731896521,9,0
62,44,0.7775399733903301,0.4266505725208213,0.06288839209751122,1.0747119268803298,9,0
63,46,0.7279731283753157,0.4424520360018729,0.0628771903733386,1.0747119268803298,9,0
64,48,0.6683706127308351,0.4446263542072746,0.06302521867849857,1.0747119268803298,9,0
65,44,0.6899273811710664,0.43507408528937963,0.07408475873387343,1.0747119268803298,9,0
66,48,0.7327582779999388,0.42651099080129284,0.06302077134503377,1.0747941964912433,9,0
67,49,0.7109145281420672,0.42960141981951394,0.06302521867849857,1.0748303249530045,9,0
68,50,0.714603568169639,0.424997905446305,0.011547697188684848,1.074971310160935,9,0
69,46,0.7335232869097745,0.4362267874769937,0.011548599229132267,1.074971310160935,9,0
70,43,0.72787952400706,0.43772137962969554,0.06303288061030211,1.074992352231376,9,0
71,47,0.6788039169879186,0.4416373314838376,0.08269116065298139,1.074992352231376,9,0
72,43,0.7135574812497519,0.4327697073366099,0.07837865344430978,1.074992352231376,9,0
73,49,0.8706471651563763,0.3742324579798903,0.12087422231386837,1.0750288204988658,9,0
74,47,0.7841004530417865,0.42092249466246,0.011587779331268332,1.0750288204988658,9,0
75,46,0.5452237536763505,0.44203264075086934,0.06757749155949934,1.0750288204988658,9,0
76,46,0.8093619876085661,0.4059477682401731,0.1311766452376568,1.0750288204988658,9,0
77,47,0.695067750943585,0.4427528185052663,0.08268994926034703,1.0750656825512352,9,0
78,46,0.6633124722252675,0.44363838914333237,0.09259853948868835,1.0750656825512352,9,0
79,45,0.6222944837377667,0.44765638956567544,0.06305510510155019,1.0750692677110492,9,0
80,49,0.6483062058404717,0.4450392961533459,0.06664940698643314,1.0750692677110492,9,0
81,44,0.6363950604924576,0.4430933781180102,0.01161228654707508,1.0750692677110492,9,0
82,44,0.8177195064127882,0.38673339568923626,0.0922683363749222,1.0750692677110492,9,0
83,43,0.8132640056502737,0.39594699772067904,0.0926591815075113,1.0750692677110492,9,0
84,47,0.7825663062050497,0.41358835312422626,0.0926591815075113,1.0750692677110492,9,0
85,46,0.6791651779264235,0.4451157808037162,0.06308488434904967,1.0750692677110492,9,0
86,47,0.6014288909535945,0.44720337443229347,0.011599701461555345,1.0750692677110492,9,0
87,48,0.6143225756286242,0.4442961137635253,0.057258774323471415,1.0750692677110492,9,0
88,44,0.7902915289363622,0.41709898544276824,0.08114456193859797,1.0750692677110492,9,0
89,47,0.7205072665929694,0.4434642668078165,0.011599701461555345,1.0750692677110492,9,0
90,44,0.7260025690857558,0.4272783416767671,0.10406623557552694,1.0750789281098112,9,0
91,46,0.6364657443782139,0.4527577333701529,0.011599141288522853,1.0750751520046238,9,0
92,49,0.5252289643374106,0.42365625968649223,0.06308478115893335,1.0750751520046238,9,0
93,40,0.763505830146262,0.42078700534638386,0.06308479815960649,1.0750751520046238,9,0
94,47,0.8090491731641734,0.40635021527173854,0.01161228654707508,1.075076935994876,9,0
95,44,0.7212480322416844,0.44335107669745044,0.011648252033971332,1.075076935994876,9,0
96,45,0.73509510527285,0.4213309437723544,0.08272561120911671,1.0751303626941886,9,0
97,44,0.6760897837918637,0.4361031846823867,0.0630846438258915,1.0751303626941886,9,0
98,49,0.7144165798457114,0.4283122685829337,0.09166985633684255,1.0751361380026827,9,0
99,43,0.68325267004273,0.43089569312885456,0.06308917189597096,1.0751361380026827,9,0
100,49,0.7059184331259928,0.43508704372496454,0.011655700176252216,1.0751361380026827,9,0
