gen,nevals,avg,stddev,min,max,run,representation
0,50,-1.0099999999999998,0.0,-1.0099999999999998,-1.0099999999999998,8,1
1,47,-0.8505333333330779,0.36538403541173053,-1.0099999999999998,-0.013333333331737479,8,1
2,44,-0.39246666643087685,0.4842810526579001,-1.0150000000428947,-0.013333318611476526,8,1
3,45,-0.2731666628744131,0.43835491300362056,-1.0150000000428947,-0.013333250566069287,8,1
4,46,-0.2928999891846289,0.44830580487682553,-1.0150000000428947,-0.013333250566069287,8,1
5,47,-0.29289998795955313,0.4483058050684514,-1.0149999982346138,-0.013333159005947715,8,1
6,45,-0.3334399865381382,0.5458571344241964,-2.0159999931076995,-0.01333316773166132,8,1
7,46,-0.37333331642457535,0.48000209479413075,-1.0150001289232824,-0.01333316773166132,8,1
8,47,-0.29286553232282914,0.49223540616592504,-2.015999955398805,0.0177222603490989,8,1
9,45,-0.2683141112606596,0.5609762188552334,-3.0166666783409077,0.06350819317680714,8,1
10,47,-0.36227947056447485,0.5263877886901613,-2.0006406773198546,0.12848062514159422,8,1
11,47,-0.35781613644061117,0.6327548265364227,-3.0006116038977932,0.13287572368600142,8,1
12,49,-0.4903562996026428,0.8572771393685531,-3.016666664757034,0.13287572368600142,8,1
13,46,0.040538686335238,0.15809156955353823,-1.0149999715509435,0.15235086815928542,8,1
14,47,-0.05201263968323811,0.43885484869869035,-2.011011117528149,0.215139244770763,8,1
15,50,-0.04697218192611269,0.48694037745976493,-2.016000017519587,0.32252966887461726,8,1
16,49,0.06751135289400056,0.28866402737759256,-1.0150000137761985,0.4110909070972198,8,1
17,44,-0.0689059527939711,1.0013685349614367,-6.017777778896137,0.4111719189499552,8,1
18,45,0.13112028024814132,0.5894955435106493,-3.0166666700948186,0.42954543773743636,8,1
19,46,0.23665582765499416,0.34596064912393243,-2.0160000049645435,0.4855609840928416,8,1
20,42,0.010743485109555433,1.1511398467298375,-6.017777778899298,0.4855609840928416,8,1
21,45,0.15520799081515194,0.7659253941577808,-4.004914147468154,0.4855609840928416,8,1
22,47,0.32870207813274116,0.12718944129590004,0.005709334061192878,0.5858789930815147,8,1
23,48,0.32754764625189237,0.1449632534616367,0.021322876733261498,0.5890801753813407,8,1
24,46,0.21793672667452202,0.8990852162933667,-6.004021880364381,0.5890801753813407,8,1
25,45,0.23124709942572125,0.9012405675834239,-6.0007419654476495,0.643351879463764,8,1
26,44,0.37167550797347004,0.14452943109372932,0.0006870594007283575,0.5878794537853742,8,1
27,46,0.3811475722538137,0.16519269075600646,0.001633718871366295,0.6445885548744139,8,1
28,40,0.390379381569757,0.16510891460129107,0.012154047931158504,0.6377751382010395,8,1
29,45,0.39456402991458617,0.17137821531733716,0.026471234074443437,0.643351879463764,8,1
30,47,0.3929082278271631,0.19446325129638325,0.007187370839543314,0.6973325282626314,8,1
31,45,0.2562477183581882,0.7932598506250392,-4.007251402887568,0.643351879463764,8,1
32,49,0.4613272318010268,0.16043360152346384,0.018255162878023524,0.7027378716591235,8,1
33,45,0.4495526479786141,0.18476989868690277,0.030974086158476126,0.7027378716591235,8,1
34,47,0.4534200480865177,0.1800778004125833,0.030974086158476126,0.7027378716591235,8,1
35,49,0.4032780938492848,0.2070164986831916,0.02923278811225773,0.7053211783985833,8,1
36,49,0.3810321423837265,0.1825103784115012,0.009068446370664446,0.7053211783985833,8,1
37,48,0.3979806724593277,0.19787440516853388,0.01754424684421347,0.7053211783985841,8,1
38,47,0.449554331162468,0.1586086841252719,0.11182794240350591,0.722474719052513,8,1
39,45,0.38648425346454596,0.7899069180452898,-5.017500000872392,0.7225098498281312,8,1
40,49,0.31467990555637265,0.7878193670830242,-5.017499999403721,0.7150184990458324,8,1
41,43,0.35399721843074344,1.066241891322726,-7.017999999814967,0.7383335156822822,8,1
42,49,0.19660481204835267,1.414518286827109,-8.018181818434211,0.7280587388453954,8,1
43,49,0.5092615072639507,0.1951211904260661,0.03237520694370113,0.8028751255872032,8,1
44,45,0.511159037793698,0.20591671023520647,0.06762967418528455,0.8028751255872032,8,1
45,46,0.31441742840513415,1.1039463698957368,-5.017499999447556,0.8891453276016482,8,1
46,46,0.5542601336746792,0.2049743578525167,0.07056159593212069,0.8891453276016482,8,1
47,49,0.5024811405914013,0.2650627776027227,0.04816736411336166,0.8891453276016482,8,1
48,46,0.2782411177645521,1.3044984965027975,-6.000100218747878,0.908793825794427,8,1
49,46,0.21393542586359085,1.2020963414853203,-6.017777777837551,0.911221036477439,8,1
50,45,0.41872119269924213,1.0967169531219865,-7.017999997919297,0.9926816430788423,8,1
51,47,0.5854345019299447,0.27491671249677985,0.053547209237415565,0.9926816430788432,8,1
52,47,0.45565239401032903,0.9768517984164898,-6.002932395434339,0.9926816430788437,8,1
53,48,0.5379201063227232,0.986357083111509,-6.017777778075972,1.0081552366241318,8,1
54,46,0.6138328633015745,0.31352984982551796,0.020274012636654376,1.0081552366241318,8,1
55,46,0.4313312277254948,1.344926559764705,-6.017777778202284,1.0259831428648252,8,1
56,45,0.20295023516016325,1.6065600945579157,-6.017777778202284,1.061153688742848,8,1
57,42,0.5171804090737425,0.9881850367643743,-6.017777778170153,1.061153688742848,8,1
58,48,0.463484907204323,0.9841162393777771,-6.017777778295674,1.061153688742849,8,1
59,45,0.6618399397878353,0.33452154609914825,0.05581588201206821,1.0653394576061774,8,1
60,47,0.5595187060213629,0.995376336121165,-6.017777778295674,1.112311105095775,8,1
61,47,0.7002155642789002,0.3539261111814891,0.021672114659529597,1.1379451314112563,8,1
62,45,0.6669452470149767,0.38115922915284345,0.042655158905929504,1.1379451314112563,8,1
63,46,0.2919516413873698,1.7231057874982976,-7.017999999966818,1.1379451314112563,8,1
64,42,0.7045577757067031,0.3495499813256044,0.04202821271798896,1.1379451314112563,8,1
65,47,0.7316033687908541,0.3502555817711056,0.030910816042746224,1.1379451314112563,8,1
66,48,0.4881114559833615,0.9972732055904936,-6.01777777666865,1.1930773758422408,8,1
67,47,0.6695908943575983,0.35678137049121245,0.07838738732050383,1.1930773758422408,8,1
68,47,0.6923674673360207,0.34561458357492236,0.030889935520362344,1.1930773758422408,8,1
69,46,0.6605455584165953,0.39371666430463803,0.021466609218515346,1.1930773758422406,8,1
70,44,0.7306573358220225,0.37656103775821204,0.08630113914855359,1.1632112165159039,8,1
71,49,0.7253734178846258,0.39062061268460424,0.03834317599757607,1.1790438455079177,8,1
72,47,0.7066842284944458,0.4078055734186752,0.032577358942368156,1.151050008845835,8,1
73,44,0.7392024842238075,0.3422041081558384,0.10491297321581182,1.1709482335945853,8,1
74,49,0.5480196119880335,1.0135061048226441,-6.01777777769686,1.1632112165159052,8,1
75,48,0.41215082981110773,1.5712165162613396,-8.0156395657764,1.1632112165159052,8,1
76,48,0.34542765916609125,1.4457769676281236,-7.017999999728376,1.1530230823940364,8,1
77,47,0.6881299470192725,0.3512163041351233,0.011542557438196578,1.170979963703868,8,1
78,46,0.5003338413456571,1.1329349127627013,-7.017999999843866,1.170979963703868,8,1
79,45,0.7248683581008336,0.3489035841077215,0.012003892608964319,1.2228066843257617,8,1
80,44,0.5486693539299885,1.026103548460653,-6.017777777914418,1.227023953936665,8,1
81,46,0.2992818029988877,1.5414992938001815,-8.016342036856877,1.227023953936665,8,1
82,45,0.5049003775794694,1.2765716505241402,-8.018181818172028,1.227023953936665,8,1
83,45,0.3391746556691133,1.649435440230491,-6.0177777780672566,1.227023953936665,8,1
84,49,0.7168365529376045,0.3805832431674815,0.03534770734313309,1.2270239539366659,8,1
85,48,0.5237413669434736,1.0244955848684656,-6.017777778056053,1.2270239539366659,8,1
86,47,0.5553403758334889,1.2975112916219227,-8.0181818180146,1.231072045453626,8,1
87,45,0.6806815321758887,0.3882549575901708,0.027076304151311008,1.23217985965215,8,1
88,46,0.6212250819364665,0.4456223857192845,0.0003415678720897951,1.231072045453626,8,1
89,47,0.6596405909103044,0.4269453529300578,0.040006651608559846,1.231072045453626,8,1
90,46,0.5771673644303962,1.2962589591584561,-8.016308631207165,1.2667891374947664,8,1
91,47,0.4076412698482561,1.3826373153791913,-6.0177777780672566,1.2667891374947664,8,1
92,43,0.5346870393153125,1.044049596849944,-6.0177777780672566,1.2667891374947664,8,1
93,46,0.30399225191158125,1.5747506939426896,-8.00316731665341,1.2667891374947664,8,1
94,47,0.5177282873063901,1.2916833973489064,-8.018181817911175,1.2667891374947664,8,1
95,49,0.02056803818613126,1.9784621641265583,-7.017999999982856,1.2667891374947664,8,1
96,45,0.5416383614816203,1.2917802076402418,-8.003439230822414,1.2668071050712972,8,1
97,41,0.823944125243612,0.4377134115669603,0.02590926028662979,1.2668071050712972,8,1
98,47,0.7553096165603711,0.4770384677317368,0.03405557180013894,1.2856609234367142,8,1
99,47,0.541222118832012,1.3072670518601266,-8.014046982476868,1.2868510310298744,8,1
100,43,0.587641791730171,1.1827686649283449,-7.017999999973014,1.2868510310298744,8,1
