gen,nevals,avg,stddev,min,max,run,representation
0,50,-1.0099999999999998,0.0,-1.0099999999999998,-1.0099999999999998,4,1
1,48,-0.8305999999997126,0.38290682939909737,-1.0099999999999998,-0.013333333331737479,4,1
2,42,-0.4321333344256571,0.49214925827622674,-1.0150000000428947,-0.013333318611476526,4,1
3,48,-0.29309999648043666,0.4486266712658295,-1.0150000000428947,-0.013333318611476526,4,1
4,46,-0.1733999909034817,0.3667598325000902,-1.0150000055629216,-0.013333316366767406,4,1
5,43,-0.2929866588662959,0.4911308298599213,-2.0159999999841025,-0.013333316366767402,4,1
6,43,-0.41298665925640793,0.5288604352009868,-2.0159999997741336,-0.013333316366767402,4,1
7,44,-0.31303332007513407,0.45780135830362867,-1.0150000001901438,-0.013333184544105262,4,1
8,43,-0.27326665729583594,0.43852353240860076,-1.0150000033071358,-0.013333184544105262,4,1
9,47,-0.35289997760622427,0.4731072145115991,-1.015000008051883,-0.013333184544105262,4,1
10,48,-0.2929999624943667,0.44846629792479514,-1.015000000150202,-0.013333078047697152,4,1
11,42,-0.2131665925384626,0.39966825571031994,-1.0150000348623676,-0.013333078047697152,4,1
12,45,-0.3102113225421246,0.4601416149437792,-1.0150000348623676,0.09556451152119169,4,1
13,47,-0.18325084949470605,0.3896565024093309,-1.0150000348623676,0.1195887268454521,4,1
14,45,-0.30439925534069645,0.6628013492019766,-3.016666664769359,0.14147080441696377,4,1
15,45,-0.31123490854610203,0.7481453673464722,-3.016666637702372,0.17917092327052744,4,1
16,47,-0.49793076679405324,1.009414360031753,-3.016666682717558,0.21912764114811317,4,1
17,46,-0.31345836825208695,0.8529025558370443,-3.01666666441044,0.2105132825196239,4,1
18,46,-0.11598670339408512,0.5926104137964291,-2.016000022210249,0.28764799724524803,4,1
19,47,-0.11768299690339067,0.6767212404666135,-3.016666671650396,0.31588287557919575,4,1
20,46,0.13978444171564258,0.18428161962240494,-1.0150000458680506,0.31588287557919575,4,1
21,45,-0.03620618478955335,0.6033501843379636,-2.0159999987603126,0.3158828755791964,4,1
22,44,0.06824582855367088,0.6609813151877225,-3.0166666690907586,0.42563986744615356,4,1
23,45,-0.0532116833404028,0.8676201074716935,-3.0166666690907675,0.38223626946958045,4,1
24,47,0.005145358834410828,1.0207990730741519,-4.017142885389233,0.38223626946958045,4,1
25,47,-0.26424042250822494,1.4249984589290905,-5.01749999620096,0.39479710765928117,4,1
26,48,0.2072747134330308,0.6090471427298657,-4.017142857400227,0.4689571290316136,4,1
27,45,0.02352412628931876,1.004541949851391,-4.017142857470157,0.6237560244081309,4,1
28,46,0.06728837695763223,1.003440267358716,-4.017142857401382,0.8262453579549792,4,1
29,44,0.4304470597189857,0.2110600348932974,0.030716232958292768,0.8262453579549792,4,1
30,43,0.39974003128902796,0.8043930528995737,-5.017499999835302,0.883153071070624,4,1
31,45,0.36527655709711515,1.2293505911495561,-6.017777780617962,1.1849898130253773,4,1
32,47,0.4004493076061252,1.0406910499840636,-5.017500000268475,1.1492517018641342,4,1
33,47,0.3705547679491319,1.054786224967609,-5.017500001211266,1.2543632446602055,4,1
34,46,0.3390854778444235,1.5582799015254873,-8.018181818564207,1.2543632446602055,4,1
35,46,0.357303808212146,1.5587987989212477,-7.017999994738902,1.2961657975497056,4,1
36,47,0.6202884425281822,0.665388985435421,-3.016666664048261,1.2851878689071654,4,1
37,43,0.7521632272012861,0.39559262633757747,0.07532090426979421,1.2543632446602055,4,1
38,45,0.7263895382652631,0.4168799187016755,0.02643010578077133,1.2633783982987867,4,1
39,49,0.7443340423290857,0.45874244162438177,0.020704060642509854,1.333003571547671,4,1
40,46,0.8637965726056704,0.44000450534619745,0.05266434326875301,1.3637317154477893,4,1
41,46,0.686679415461096,0.8137796874587979,-4.017142857010356,1.3651124208098528,4,1
42,45,0.8079052016120533,0.939232338630048,-5.017499999971227,1.3985840851351135,4,1
43,47,0.6763359018139985,1.072621471719082,-6.017777781151599,1.3985840851351135,4,1
44,46,0.8339264426536588,0.9650182553218205,-5.017499999925618,1.405089435820365,4,1
45,45,0.9364723857440876,0.8535349438281994,-4.013703523800831,1.6213126011463694,4,1
46,46,0.6010866353127488,1.3533151257963234,-5.014440122134587,1.6213126011463694,4,1
47,43,0.7802147186279985,1.105417918892715,-6.010951654169574,1.6213126011463694,4,1
48,46,0.7905722411383586,0.9962638500662512,-5.014188344806998,1.6229915654957643,4,1
49,46,0.5877015775091345,1.553491743674709,-7.013375705094797,1.6656917646166334,4,1
50,46,0.8195207581380682,1.0069420160093834,-5.010466516917217,1.6668707159557947,4,1
51,49,0.9554040468128357,1.0242739110503118,-5.010466516917217,1.7049589566619845,4,1
52,45,1.0782574403902991,0.608054706192383,0.0027598186659035457,1.704958956661984,4,1
53,47,0.8530899210229629,0.6122120657618983,0.0025990120068455596,1.7107669942618933,4,1
54,46,0.47694677768937843,1.8719232784483226,-6.013641828627909,1.6791701364338885,4,1
55,45,1.0842562530226576,0.6398700361488234,0.0791078750774529,1.8050328307558026,4,1
56,47,1.0267455747370176,0.6565539712572434,0.06055999950086373,1.8050328307558026,4,1
57,47,0.5288096164506736,1.2068813030800343,-5.015679705642266,1.8050328307558032,4,1
58,46,0.9099765652518995,1.137124283993393,-6.003509063537402,1.7304043158049256,4,1
59,46,0.9457300831800136,1.0500107090520638,-5.002881517042603,1.7304043158049256,4,1
60,48,1.0713430623593414,1.0306263879417208,-5.002443601841559,1.7495336130515098,4,1
61,48,0.7673054118802131,1.1698194641562085,-6.017777777804872,1.7503995790249192,4,1
62,46,1.1335370140824015,0.6196389603184123,0.07875900919050961,1.7639371641635095,4,1
63,49,0.971371221224236,0.6824809648540057,0.027037074849384887,1.7654672755775798,4,1
64,47,1.1505679390910013,0.6842273829242266,0.010473274876668938,1.8268119072581845,4,1
65,44,0.9565902118683998,0.716763160368029,0.01533139239888433,1.7986262431963838,4,1
66,48,1.0779684901422717,0.698889171562268,0.01533139239888433,1.877329338434122,4,1
67,45,1.0404589709476846,0.6561392740978255,0.10913528371458378,1.7986262431963893,4,1
68,47,1.1175726882405541,0.7008795648980194,0.023038200593420783,1.8147232757706129,4,1
69,49,1.1058868374280413,0.7227995860494106,0.0025966523146743435,1.814723275770616,4,1
70,48,0.9792196845483845,0.7636436575751904,0.025614661702004327,1.8147232757706129,4,1
71,43,1.1864215213848301,0.6851219379240105,0.03709545047154488,1.8148294112028245,4,1
72,49,1.0057563170658235,0.7237986668743339,0.00016284353544450145,1.8642505516268248,4,1
73,46,1.1307037818960024,0.7404686969309238,0.015405323918406126,1.918962662429029,4,1
74,45,1.0579507782174873,0.7169005594966736,0.015115896235938191,1.8642505516268248,4,1
75,47,1.0054593552957762,0.717219260633694,0.015331392398884296,1.864250551626825,4,1
76,43,1.1364729402139147,0.7254293289354331,0.0006310358790475421,1.9211026874534556,4,1
77,45,1.2894597737660678,0.6951982646785623,0.024622884905135967,1.9211026874534556,4,1
78,47,1.1168114811688354,0.7381979747419549,0.022962262393180926,1.9828627878532177,4,1
79,44,1.3113237657109742,0.7181374459859685,0.05615948507025723,2.0224005607079767,4,1
80,47,1.2662372475388097,0.7836288804681569,0.0022193833899943807,2.0224005607079767,4,1
81,45,1.1847160930936838,0.8192948140253489,0.03587709786261487,2.0224005607079767,4,1
82,48,1.1422191993989843,1.6083804002866915,-6.0131382152304145,2.0854516336003543,4,1
83,47,0.9589698537281742,1.1885212285348394,-5.0006564852411834,2.0854516336003543,4,1
84,45,0.8033213932346304,1.6111626588532562,-6.0133137189574075,2.0854516336003543,4,1
85,44,0.6948663698007668,1.7380172948393466,-6.004034575892199,2.0854516336003543,4,1
86,45,1.2295564968886417,0.8222308321340974,0.008189531486533877,2.1107199394739538,4,1
87,45,1.3215555411977156,0.847368533424528,0.009513092719334662,2.1225593372657867,4,1
88,46,1.0866970532539129,1.5136611164468143,-5.01213981153716,2.1225593372657867,4,1
89,45,0.9918492019070851,1.6696457363149502,-7.0146281126835985,2.130234306295538,4,1
90,48,0.7775230475651598,1.1449698057081164,-5.0116238814459235,2.1306364020239386,4,1
91,49,0.870119764627079,1.0563577665222574,-4.010068884015931,2.1225593372657876,4,1
92,47,0.9944507099639478,1.4786431563000915,-5.012795480031839,2.1640476995945392,4,1
93,48,1.106071930344705,1.2305377151462056,-5.013591456958016,2.1640476995945392,4,1
94,48,1.0019451693192347,1.2286610843616574,-5.0113017740906045,2.1640476995945357,4,1
95,48,1.046204817667529,1.6732255899920885,-6.014067323564655,2.1640476995945357,4,1
96,47,1.247621682323757,1.2327212811770045,-5.006754732111486,2.1640476995945357,4,1
97,46,1.148240793766027,0.9043828142982449,0.10549911866716352,2.169108111252996,4,1
98,48,0.7200499005667842,1.5281500916629929,-6.0128774960098985,2.1730505672207556,4,1
99,47,1.1049455961510914,1.5936871695281734,-6.012047675388531,2.1730505672207556,4,1
100,49,0.9059394350355616,1.1766788378582806,-5.0122411538234175,2.155295351838315,4,1
