gen,nevals,avg,stddev,min,max,run,representation
0,50,-1.0099999999999998,0.0,-1.0099999999999998,-1.0099999999999998,4,4
1,45,-0.9302666666665388,0.2703888886610269,-1.0099999999999998,-0.013333333331737479,4,4
2,48,-0.7309333333328862,0.4475022234588799,-1.0099999999999998,-0.013333333331737479,4,4
3,47,-0.1931333365921757,0.383762025422621,-1.0150000000428947,-0.013333316366767402,4,4
4,46,-0.05340000210550981,0.19628577932351524,-1.0150000165967354,-0.013333332848942192,4,4
5,45,-0.11320000431629057,0.2996009998608466,-1.0149999997469918,-0.013333321383902967,4,4
6,45,-0.133333333311608,0.3249625597578305,-1.015000000012193,-0.013333321383902967,4,4
7,47,-0.13353332972944318,0.32550313813000964,-1.0149999997469918,-0.013332992908352662,4,4
8,45,-0.21356664387519242,0.40046722568327014,-1.0150000101069532,-0.013332951443590415,4,4
9,46,-0.13323327573970112,0.3246919050928649,-1.0150000046357128,-0.013332930767546691,4,4
10,46,-0.09326660824800627,0.27106806182456955,-1.0150000282383798,-0.013332930767546691,4,4
11,46,-0.1732865874730117,0.4176472904488943,-2.016000007245705,-0.013332930767546691,4,4
12,44,-0.11310272994591726,0.2996338580168376,-1.0149999995960803,-0.009977670131926093,4,4
13,48,-0.11312949888925168,0.30062500662262515,-1.0149999978539104,-0.009948958201145965,4,4
14,46,-0.11260181313457578,0.3007182083826504,-1.0150000824950733,-0.009486854212676452,4,4
15,44,-0.11220660999890407,0.30083474915504166,-1.0150000173305997,-0.009486574957735906,4,4
16,47,-0.23192431892799156,0.4148119336644988,-1.015000028394009,-0.009358313914481707,4,4
17,47,-0.21193689788268208,0.4008720854649384,-1.0150001922501535,-0.00935831766560236,4,4
18,47,-0.21219099979357345,0.40140807688738644,-1.0150001083628433,-0.00935831766560236,4,4
19,45,-0.1916722935757523,0.3850302634730258,-1.0150001081198958,-0.009300255262767482,4,4
20,44,-0.1914464025211814,0.3856255170035763,-1.01500003921723,-0.009300268542091782,4,4
21,42,-0.13136183952493508,0.3257247746800281,-1.0150000283410734,-0.009263127109068639,4,4
22,44,-0.07102038761835017,0.23772682607889206,-1.015000025478158,-0.009263127109068639,4,4
23,46,-0.11113202438433456,0.3614881732897758,-2.016000000036578,-0.009098823766080238,4,4
24,40,-0.11093961868520419,0.3004368155721943,-1.0150000046309704,-0.009075904426132316,4,4
25,44,-0.15105501823757114,0.34729909307271206,-1.0150000208980243,-0.009075904426132316,4,4
26,46,-0.13135088420531896,0.3257709990699763,-1.0150000542028947,-0.009075904426132316,4,4
27,47,-0.11098344921330351,0.30134470609870034,-1.0150000552432,-0.009075886932774705,4,4
28,46,-0.13116688384804073,0.3256067865350977,-1.0150000203450058,-0.009075904426132316,4,4
29,47,-0.17095858868385236,0.36717738393228594,-1.0150000130256889,-0.009075898370379044,4,4
30,47,-0.15115289493398584,0.34805943667416495,-1.0150000151853227,-0.009071705617371187,4,4
31,45,-0.11076965003925351,0.30074836143018,-1.014999970861225,-0.009069990238617735,4,4
32,48,-0.09067836783674757,0.2716187518212948,-1.0150000496912484,-0.00906991678216443,4,4
33,49,-0.13140238357917453,0.3260176216630921,-1.0150000496912484,-0.009044402088387412,4,4
34,45,-0.17078230599809924,0.367827855098241,-1.0150000239984662,-0.009044402088387412,4,4
35,42,-0.07101484933913448,0.23738389676294536,-1.0109320374063493,-0.009044402088387412,4,4
36,45,-0.05161133411438861,0.19634694328737656,-1.014999995337205,-0.009044402088387412,4,4
37,44,-0.1111415058405599,0.30097095989910966,-1.0150002094026136,-0.009044402088387412,4,4
38,43,-0.07063303456586051,0.23824360828470337,-1.0150000376086354,-0.009044344357664227,4,4
39,43,-0.09063671527669497,0.2723558833198945,-1.015000213270861,-0.009044344357664227,4,4
40,44,-0.09047702267643525,0.272272021147246,-1.0150000374802661,-0.009044344357664227,4,4
41,49,-0.19093457234190875,0.3860352277501149,-1.015000072464658,-0.009044344357664227,4,4
42,46,-0.09157483873495759,0.27222558222520477,-1.0150000376086354,-0.009044344357664227,4,4
43,45,-0.15106512433229297,0.348010079222034,-1.0150000248763018,-0.009044344357664269,4,4
44,46,-0.13116107417020956,0.326192232503697,-1.0150000375550792,-0.009044344357664227,4,4
45,47,-0.11154451734543053,0.30115858335763535,-1.0150000370238386,-0.00904421368480373,4,4
46,46,-0.08784879102689933,0.27401035707283933,-1.0150000375543546,0.12739319294263188,4,4
47,46,-0.14019423571986173,0.35497227619170774,-1.0150000375550792,0.17639800382163207,4,4
48,45,-0.08972260514300734,0.3463267724101011,-1.0149999891064436,0.21329687724348678,4,4
49,47,-0.0806255916582089,0.4582620618077533,-2.0160000166917142,0.21329687724348678,4,4
50,46,-0.01610310628105885,0.40732004423057083,-1.0150000450541579,0.232140416493029,4,4
51,44,0.05763774836684281,0.3788061303754088,-2.0160000754731016,0.232140416493029,4,4
52,48,-0.058255188587308195,0.5557004420876074,-2.011132058290433,0.2543616656233874,4,4
53,46,-0.009341446702415627,0.4838527216691785,-2.0061404866035866,0.256879004444636,4,4
54,48,-0.15049047196368595,0.8243847557976948,-4.017142847666858,0.3909227072177471,4,4
55,47,0.08031228763413605,0.5710336827086224,-3.0166666636267925,0.4714658676809696,4,4
56,45,0.19521828948367617,0.33278926718611884,-2.0159997248819255,0.4714658676809696,4,4
57,46,0.28221650357441536,0.1300594896345618,-0.01333332951741815,0.5127025145236458,4,4
58,47,0.1590183528679794,0.6554389380424411,-3.0118524757875034,0.5127025145236458,4,4
59,48,0.32229510183450927,0.15256337056279254,0.07041896358483045,0.5309319207685627,4,4
60,49,0.33541312564448,0.15261428816171857,0.09871843212926484,0.5319270174762659,4,4
61,45,0.3239701965033808,0.1779519093032276,-0.013333333331737479,0.6480562894298133,4,4
62,45,0.3388153174856297,0.18511491966017393,0.02575145081166458,0.6480756343129501,4,4
63,47,0.32603993884398996,0.1790027345999413,-0.01333332951741815,0.6480756343129501,4,4
64,46,0.32263078924499233,0.2748821608508124,-1.0150000049319825,0.6195438008311119,4,4
65,43,0.30883769918200643,0.5150127888049079,-3.0166667579257,0.6313350800671045,4,4
66,49,0.3062909454002208,0.39277014462780674,-2.0160000000963083,0.728526641128766,4,4
67,42,0.3984895481960132,0.29926759565482924,-1.0149999996558317,0.728526641128766,4,4
68,47,0.393430363422893,0.21600597349388378,0.01995836433813001,0.7594805259270037,4,4
69,48,0.3934777876502656,0.6706624938552925,-4.007233747357762,0.7938518340686148,4,4
70,44,0.4038443917228306,0.5433455856728749,-3.00407682233488,0.8086825190955726,4,4
71,44,0.43821145557967633,0.28643609658220687,-0.01333368069028044,0.8461846205816329,4,4
72,45,0.32279927760498134,0.9246967895555234,-4.017142889929898,0.8461846205816335,4,4
73,47,0.39227098406949223,0.6819744668651786,-4.017142864021855,0.867185762691838,4,4
74,43,0.3621032735672404,0.9382939634099678,-4.017142857409382,0.9111040662743113,4,4
75,48,0.0701904677846298,1.4112197853173756,-4.017142916712848,0.9111040662743113,4,4
76,46,0.32299309682008853,0.8386080965170665,-4.017142740765535,0.9213204579999061,4,4
77,49,0.27500178620804605,0.9298853162051975,-4.017142776105966,0.9366779221507968,4,4
78,49,0.3760757467857121,0.7329717944534161,-4.017142889929898,0.9497827590408828,4,4
79,47,0.08493221176104888,1.2356649971333151,-4.017143111210825,0.9497827590408835,4,4
80,45,0.29379991126281313,1.13672944101251,-4.0171429278157404,0.9796073325163365,4,4
81,43,0.5650744610513189,0.7433532248777289,-4.017142766240457,0.9939877172140321,4,4
82,45,0.3556499993728533,1.080784902053818,-4.017142913336595,0.9939877172140328,4,4
83,47,0.47714569422287495,0.7299746497051969,-4.017142946185724,0.9946049181487838,4,4
84,48,0.02220595968991657,1.4455190199749575,-4.017142946185724,1.0423478141563276,4,4
85,48,0.5048810070834298,0.7725079974154914,-4.017142919839205,1.0371234041581707,4,4
86,45,0.060174709575459034,1.5447543136195894,-4.017143016257974,1.0371234041581707,4,4
87,46,0.2800358623216417,1.1416310783465786,-4.017142908938434,1.0371234041581707,4,4
88,47,0.4336971250149262,0.9704344120690276,-4.017142908938434,1.043454959887185,4,4
89,42,0.5786440661158295,0.7500529362747529,-4.017143016171827,1.043454959887185,4,4
90,47,0.5707488578315306,0.7551911524417598,-4.017143015861014,1.1035267106926039,4,4
91,49,0.4190901253203589,0.7220865548517924,-4.017143012273288,1.0440789340833945,4,4
92,46,0.4513891267164456,0.978415477165548,-4.017142825995085,1.044679044155075,4,4
93,49,0.4398258758976419,0.9794817956533894,-4.017142930585887,1.1054896337995068,4,4
94,46,0.35123750513890606,1.2283268190304812,-4.017143015980443,1.1054896337995068,4,4
95,46,0.5695841762181609,0.7969849537400681,-4.017143016554894,1.1203101178743105,4,4
96,46,0.6297746728219068,0.5625787230882,-2.0160000621151393,1.1267746249678647,4,4
97,47,0.563378086790117,0.6746495905372036,-2.016000056376816,1.1398416172270773,4,4
98,47,0.5433986625520888,0.8107264189678555,-4.017143008989993,1.1464526481944937,4,4
99,46,0.675363260135493,0.40621571031080256,0.09080592880920914,1.1492435211427394,4,4
100,49,0.6474907059105098,0.4375547807626436,0.010333505154714203,1.1619713315091034,4,4
