gen,nevals,avg,stddev,min,max,run,representation
0,50,-1.0099999999999998,0.0,-1.0099999999999998,-1.0099999999999998,9,1
1,46,-0.8903999999998083,0.3238783310653388,-1.0099999999999998,-0.013333333331737479,9,1
2,45,-0.5519333328350328,0.49710700445374656,-1.0150000000428947,-0.013333318611476526,9,1
3,44,-0.21316666416201405,0.39966823172814653,-1.0150000000428947,-0.013333318611476526,9,1
4,45,-0.25323332723146985,0.4269068875947423,-1.0150000000428947,-0.013333318611476526,9,1
5,47,-0.3132333236219553,0.4581067854004956,-1.0150000121844387,-0.013333318611476526,9,1
6,44,-0.2530333247689179,0.4265509883068689,-1.0149999997469918,-0.013333307716814072,9,1
7,49,-0.3330666577896122,0.46608957025294356,-1.0149999997469918,-0.013333307716814072,9,1
8,49,-0.29299999266564014,0.4484662773731046,-1.0149999997469918,-0.013333307716814072,9,1
9,49,-0.29288665897630684,0.49098429572906693,-2.0159999999841025,-0.013333307716814072,9,1
10,44,-0.2532333232434018,0.4269068889625431,-1.0149999997469918,-0.013333307716814072,9,1
11,46,-0.35309999235465,0.47338591527869833,-1.0150000001122885,-0.013333307716814072,9,1
12,48,-0.2530199850069082,0.4712028992100815,-2.015999996038403,-0.01333318960412917,9,1
13,46,-0.2330999873181092,0.41380860465130476,-1.0150000001892823,-0.01333295602473058,9,1
14,44,-0.2532309745431952,0.4269027565319504,-1.015000066935056,-0.013333188760111702,9,1
15,48,-0.2533199552634041,0.47168611210851447,-2.016000004475248,-0.013332956024730575,9,1
16,45,-0.21306425831331174,0.39946355159108143,-1.0150000669610852,-0.013332956024730575,9,1
17,48,-0.35241081137184976,0.4734705695843441,-1.0150001683056147,0.01112181919448162,9,1
18,44,-0.19227410855059865,0.38376755056675976,-1.015000066935056,0.011118710752614955,9,1
19,47,-0.1858354188196154,0.3870369095087559,-1.0150003104930023,0.07596763272331855,9,1
20,47,-0.1761788698965821,0.4417798466504544,-2.015999995551799,0.13809475855324385,9,1
21,43,-0.29325183536922084,0.6660471810177145,-2.0160001457611623,0.18796379739431435,9,1
22,44,-0.05246494599470597,0.3254196769517637,-1.015000000077073,0.23256226709279995,9,1
23,46,-0.016085651628658756,0.44240149858664723,-2.016000269896095,0.2325622670928003,9,1
24,44,0.027199629398046987,0.37446066068334527,-2.015999867791882,0.25959889096839783,9,1
25,43,0.045485397323171306,0.37975054081469517,-2.0160001291816987,0.27317986513850684,9,1
26,47,0.10756000514371855,0.29249063813851145,-1.0150000089145432,0.28537821000366137,9,1
27,47,0.11299088980351442,0.19210456111942378,-1.009646003796587,0.28537821000366137,9,1
28,45,0.10881892217606629,0.4566296240532031,-3.0166666657567407,0.329018461810311,9,1
29,46,0.08510268893299872,0.6164671572491135,-4.0171428590433935,0.329018461810311,9,1
30,44,-0.003303683645559386,0.6224506882439496,-2.0160000011725523,0.329018461810311,9,1
31,46,0.08093677711365249,0.7355487260395683,-5.017499997412572,0.3449102893594894,9,1
32,46,0.1520465092409288,0.19438459947523917,-1.0150000034972289,0.34491028935948925,9,1
33,46,0.07870764682476838,0.5754586022058117,-3.016666662971016,0.3449102893594894,9,1
34,46,0.12928084327315162,0.40471295870640966,-2.0159998919088773,0.3620869303055637,9,1
35,47,0.1911133420847027,0.33128975034700064,-2.0062286255400466,0.38472733487977134,9,1
36,48,-0.036184538879899426,0.9061669557777016,-4.017142865021532,0.3732036733238042,9,1
37,46,0.16686289926605474,0.46551647046897776,-3.016666667104799,0.3660762967198592,9,1
38,47,0.14076447258813654,0.5617113590120731,-3.0166666643088993,0.4273602199573754,9,1
39,48,0.23260024017175118,0.34360376714337904,-2.015999999901789,0.538910911058672,9,1
40,44,0.342494403742217,0.13138904767770887,0.04949678671189211,0.5477290541528086,9,1
41,44,0.36903314824552214,0.1344964184716243,0.06281973282461306,0.5477290541528086,9,1
42,49,0.36392552244085413,0.14328973031060827,0.04475364046354797,0.5477290541528086,9,1
43,47,0.3809064927353321,0.15676353709561605,0.02870017666340986,0.6909298474384186,9,1
44,46,0.2944824839756199,0.9152378326389226,-6.013441270756562,0.6909298474384186,9,1
45,47,0.37602950918024547,0.17567173103170497,0.042730258267180105,0.6672785795468436,9,1
46,46,0.3562901590046269,0.18047347283799944,0.044753640463547364,0.6629960814513652,9,1
47,48,0.37845673369599614,0.18163825117882043,0.06748246560994561,0.7000262673287208,9,1
48,47,0.40111658055600247,0.2088221852797375,0.011370218866275535,0.7000262673287208,9,1
49,48,0.41618644256948906,0.21772330926774072,0.04169173646485897,0.7432440194010815,9,1
50,45,0.4583857639471618,0.22451192786450846,0.0178609537953682,0.7311659839173211,9,1
51,44,0.5047420577920121,0.22587374504914245,0.01786580627956243,0.7408634042693504,9,1
52,46,0.29522518601811953,0.9298025563605042,-6.012661432975605,0.7710175927095086,9,1
53,50,0.40282421099598503,0.5266747014448392,-3.001578572035995,0.7408634042693504,9,1
54,44,0.44060708386949216,0.21928441333645468,0.041119366160907445,0.7408634042693504,9,1
55,47,0.31371830189698946,0.7898979082371397,-5.0034081784777475,0.7435214931937494,9,1
56,45,0.4615927951579083,0.2092082355624326,0.028424356168166735,0.7328837591710582,9,1
57,46,0.3305724188063943,0.8054212795242454,-5.0059776110021685,0.7433203307657705,9,1
58,46,0.4148804671006663,0.23602149518449303,0.008364776119648538,0.7597562202640443,9,1
59,44,0.49329245170174113,0.1911165689629342,0.04429103781641746,0.76450032029848,9,1
60,48,0.5070474532526605,0.20990485518268323,0.070912858928238,0.8251842183727702,9,1
61,47,0.4876240848628523,0.23312547540563913,0.09766778741100321,0.8592631590312473,9,1
62,41,0.5104317029244508,0.25059337783781066,0.03833496500046105,0.8592631590312473,9,1
63,47,0.48618410060020556,0.2677498652799683,0.012686279834583824,0.8592631590312485,9,1
64,49,0.47424425883941007,0.22990295090586763,0.03833496500046105,0.8592631590312473,9,1
65,46,0.4363559286764158,0.41865661844388447,-2.0160000999258885,0.8500959404736376,9,1
66,46,0.47292458175353885,0.2579356858052112,0.0015587347022412456,0.8847419648777916,9,1
67,44,0.46349690080313244,0.23190987791530376,0.061130355619543206,0.8664720039537708,9,1
68,45,0.4858935002435383,0.24170425655072975,0.06203150344554018,0.8664720039537708,9,1
69,46,0.4974282665369203,0.24329276844374126,0.016926115110794632,0.8664720039537708,9,1
70,46,0.45560580963871716,0.2511944038429595,0.006061731852898064,0.8664720039537708,9,1
71,43,0.46258552920318796,0.26261406581380076,0.01682173276135365,0.8664720039537708,9,1
72,44,0.4641174902963968,0.24546556439770914,0.0856192573572258,0.8664720039537708,9,1
73,45,0.4433319199431788,0.2716674754863017,0.012538471979434196,0.9022695710744584,9,1
74,44,0.43532034878941256,0.5601945336447098,-3.016666723827909,0.9076342071930287,9,1
75,46,0.46943645421004726,0.23665366503122462,0.10103613166030756,0.9076342071930287,9,1
76,46,0.45548644713193936,0.24244528150473682,0.03579312248724709,0.9337869072248426,9,1
77,49,0.3696908480772015,0.21888280371991353,0.046229475367702784,0.888176912903074,9,1
78,47,0.41324853988649113,0.2248989914020695,0.03579312248724709,0.888176912903074,9,1
79,47,0.5220706504127027,0.2059382635068684,0.09626488310395825,0.888176912903074,9,1
80,42,0.5527784199565577,0.256553459264544,0.03291698585795547,0.9778110397400045,9,1
81,43,0.5397743874509704,0.27919385941058295,0.010676785452188111,0.9778110397400045,9,1
82,47,0.5146435005724743,0.2629611042556523,0.014954090838581882,0.9778110397400045,9,1
83,48,0.5178601075518368,0.24637909163723543,0.10849121880636096,0.9548238105166637,9,1
84,46,0.5440206897805995,0.2875669564979877,0.03360017723250832,0.9778110397400045,9,1
85,45,0.486760942127034,0.2687301060952568,0.03336551856202574,0.9778110397400045,9,1
86,45,0.5617413588666575,0.31713780712709394,0.016685877423278237,1.0182742535134675,9,1
87,46,0.5890816743780364,0.3000340426324672,0.024811314127894547,1.0070022497809208,9,1
88,45,0.6077808507112413,0.3081409144383742,0.01700221233821571,1.0070022497809208,9,1
89,47,0.5927431852012639,0.31383061678700663,0.03843971536359966,1.0070022497809208,9,1
90,45,0.5421139863444298,0.3225536328113051,0.12158749837899686,1.0026387372595411,9,1
91,48,0.5906935624779888,0.3170736606309168,0.033401290536153115,1.1320681134425,9,1
92,48,0.6135609112355263,0.28892742349234024,0.007873839768211825,1.1320681134425,9,1
93,46,0.6420386242604242,0.3276958309020447,0.03866573812032766,1.1320681134425,9,1
94,46,0.6000679217254963,0.35926383742943013,0.012836037823894227,1.140170760854057,9,1
95,47,0.6315559299290335,0.34435484313458925,0.043824467084708586,1.1401707608540572,9,1
96,45,0.6293727406855694,0.3366765505213894,0.050295623627856056,1.1401707608540572,9,1
97,44,0.6761400173043493,0.31523986636078694,0.017000265555797867,1.1401707608540572,9,1
98,48,0.6021013379295196,0.3197495406668214,0.01778323779608845,1.1458610861104677,9,1
99,46,0.6381469386401366,0.3211019542957706,0.023929751266329888,1.1006742266369829,9,1
100,45,0.6367399898254508,0.35163172081200017,0.027905931186592348,1.1284697285309713,9,1
