gen,nevals,avg,stddev,min,max,run,representation
0,50,-1.0099999999999998,0.0,-1.0099999999999998,-1.0099999999999998,6,4
1,43,-0.8903999999998083,0.3238783310653388,-1.0099999999999998,-0.013333333331737479,6,4
2,45,-0.492033333921941,0.49824807350479994,-1.0150000000428947,-0.013333333277290834,6,4
3,46,-0.1735000008441636,0.3669885325542157,-1.0150000000428947,-0.013333316366767402,6,4
4,48,-0.07343333272874543,0.2378826532574042,-1.0150000000428947,-0.013333316366767402,6,4
5,49,-0.15356666154431622,0.3475653451487428,-1.0150000001365924,-0.013333184801747382,6,4
6,49,-0.09336666183868297,0.27140693046929687,-1.0150000001901438,-0.013333298462857525,6,4
7,47,-0.15336665539650643,0.34707067976243783,-1.0150000001901438,-0.013333184544105262,6,4
8,41,-0.13341997299687341,0.38191586439040365,-2.0160000001846905,-0.013333078936700478,6,4
9,44,-0.25318985996691645,0.42693142234372367,-1.0150000070345992,-0.011162533377449014,6,4
10,44,-0.15309294105830626,0.34689361218325787,-1.0149999803549647,-0.011162533377449014,6,4
11,47,-0.0930192483471131,0.2715105198137923,-1.0150000348623676,-0.01116253337744848,6,4
12,46,-0.132751596235639,0.3254861353747794,-1.0150000400529546,-0.011151014733673947,6,4
13,46,-0.1323340732744617,0.3253331346219405,-1.0150000241803767,-0.011151014733673947,6,4
14,46,-0.17225222271013646,0.3669894631427615,-1.0150000875048864,-0.011142864808307085,6,4
15,47,-0.15211392597242665,0.3472894571560126,-1.0150000400529546,-0.011142864808307085,6,4
16,46,-0.2323725592295982,0.4144372864318904,-1.0150000400529546,-0.011142864808307085,6,4
17,46,-0.10828106198369084,0.30307360086365553,-1.0150000479073449,0.17799283847635883,6,4
18,43,-0.12824943701093508,0.36173610530368466,-1.0150000484810198,0.17799283847635883,6,4
19,48,-0.08759815306378782,0.47524175342341685,-2.0159833392650297,0.2783023540082217,6,4
20,45,-0.11191287358964186,0.48360662840394264,-1.015000100020535,0.2959079104322139,6,4
21,46,-0.0296020493589558,0.43499752208224335,-1.015000346205161,0.2959079104322139,6,4
22,48,0.025926601627829594,0.42562146665277745,-1.0150000244247508,0.3264940007185348,6,4
23,47,0.07216353589546604,0.37525459181173054,-1.0150000536079926,0.3264940007185348,6,4
24,46,-0.05835540288682037,0.5187547289500372,-1.0150000548761338,0.37270763720182143,6,4
25,46,-0.0613675546943334,0.5795012299081537,-2.0159999948007385,0.37270763720182143,6,4
26,43,-0.012166179388041315,0.5839666020494725,-2.0160000163864367,0.37270763720182143,6,4
27,48,0.18644202363113485,0.3197896986940045,-1.015000026678582,0.37270763720182143,6,4
28,47,-0.058962740554609795,0.6070815474813727,-2.0115471638402727,0.37270763720182143,6,4
29,43,0.15729999770567402,0.3693799858302784,-1.0149999988049367,0.3822902730427426,6,4
30,44,0.17543960807855324,0.3778319909818776,-1.01500000060668,0.3822902730427427,6,4
31,48,0.1034497435990445,0.5709570012133426,-2.0160000704117707,0.3829227708725087,6,4
32,46,0.09500545558870613,0.46848875977579146,-1.0150001849089245,0.3855017052482683,6,4
33,42,0.09069290151928397,0.49381859097949204,-1.0150001758046858,0.3890428335107569,6,4
34,47,0.0464628822197188,0.5125887975731311,-1.0150001849089245,0.38938727775383336,6,4
35,45,0.2421931014754752,0.3379721087036073,-1.0150000039930154,0.38959080904278237,6,4
36,49,0.2511881710701267,0.33578373676176687,-1.0149999994766108,0.3895926438884997,6,4
37,46,0.08852582857015992,0.5262971438788099,-1.0150001859514406,0.46891590435227937,6,4
38,41,0.09574656213895003,0.5303620295269648,-1.0150000061638,0.46891590435227937,6,4
39,43,0.16330281324229218,0.4573907495464113,-1.015000066576991,0.4689160063462111,6,4
40,44,0.2363756101532516,0.3914624638953578,-1.0150000049964965,0.46891590435227937,6,4
41,47,0.15304133604491937,0.5600483586958854,-2.016000015597272,0.4691017719741675,6,4
42,47,0.1278134774389521,0.5150618762944169,-1.0150000061638,0.4690766727595861,6,4
43,46,0.16476003609492992,0.4595743302445809,-1.015000065770651,0.4690766727595861,6,4
44,48,0.15673708419411614,0.5295680344893499,-2.0138235776458835,0.5049531896411044,6,4
45,45,0.16396145859007422,0.49419180968597337,-1.015000063646254,0.504953708887647,6,4
46,44,0.047876735938667155,0.7448446216076164,-2.0160000439725385,0.504953708887647,6,4
47,49,-0.03365224637520206,0.7122764875990512,-3.0020953356596154,0.5049521989663199,6,4
48,46,0.10013862188494282,0.6392974778898884,-2.016000048674528,0.5049521989663199,6,4
49,47,0.15495473988255845,0.6554243535311836,-2.016000006770367,0.5938754929295038,6,4
50,45,0.2612495005038589,0.5002342539145873,-2.016000048674528,0.6668112212243227,6,4
51,49,-0.07643618404364286,0.9825158222934265,-3.0166666672695985,0.6669105649711222,6,4
52,46,-0.255435690526156,1.321839219601738,-4.017142857379822,0.666995984821365,6,4
53,47,0.26401363058711125,0.8023564392727054,-3.0160794276143954,0.6670072448996952,6,4
54,50,0.19893627150247184,1.1221855387660509,-4.017142862071442,0.7282405124465341,6,4
55,45,0.29971420541732235,1.0308043180202116,-4.017142862021192,0.7282405124465341,6,4
56,43,0.047649271253188054,1.414111659571262,-4.017142862020898,0.7325773784376441,6,4
57,48,0.10609854814382348,1.2697641693230626,-4.017142862021192,0.770484824543546,6,4
58,46,0.07062498869416901,1.5180816165302227,-4.017142864800465,0.8331360073016991,6,4
59,47,0.06429164481264867,1.3819126402577393,-6.0177778098978,0.7777589348641576,6,4
60,46,0.5099499108626252,0.5482178382736014,-3.0166666307949797,0.7777589348641576,6,4
61,47,0.4508164331573356,0.9309910053650217,-4.017142869343068,0.787314096989808,6,4
62,44,0.29351431493075997,1.1193481539521948,-4.017142859201746,0.7873619707405638,6,4
63,48,0.36669086116761124,1.1272557170334276,-4.017142850925242,0.8038483871249628,6,4
64,47,0.2455541890822616,1.277856961263217,-6.017777718760132,0.8257995585963408,6,4
65,50,0.3940166415502222,0.7175791251627274,-4.017142847694328,0.8101502970483316,6,4
66,45,0.6317142220919086,0.24788425974802966,0.09359479700526867,0.8101502970483316,6,4
67,46,0.595123394695846,0.24852955342537666,-0.013333333331737479,0.8716773235369286,6,4
68,45,0.6322082686214777,0.4356797056381221,-2.016000013496219,0.8716773235369286,6,4
69,46,0.713915299052426,0.18966764323459512,0.2527200942119019,0.9407057450798265,6,4
70,42,0.634457060763764,0.2869432450377981,0.08340853295214173,0.9407057450798265,6,4
71,45,0.6422684225325033,0.2754151651596773,0.09021456770828164,0.9407057450798265,6,4
72,46,0.4470592343988089,0.9994104168590985,-5.017499976668959,0.9407057450798273,6,4
73,46,0.7544172820878388,0.2700260544448887,0.12117526013444374,0.9407057450798275,6,4
74,45,0.7544966275570287,0.2721849218942309,7.173332357307542e-05,0.9409422478265395,6,4
75,45,0.6587750826362216,0.47337876585982896,-2.016000238549518,0.9409422478265402,6,4
76,46,0.7321433270533052,0.30067765214870296,-0.013333333331737479,0.9409422478265402,6,4
77,45,0.6548749826677445,0.7229286787917243,-4.0171428800816145,0.9801604121247921,6,4
78,43,0.7895049298716477,0.2496496234681673,0.20215337749347076,0.9837117085141809,6,4
79,46,0.6861715126662742,0.3188073467054282,0.11641420732969554,1.03987069535851,6,4
80,40,0.7395691951586179,0.2934778605651331,0.1514712945209926,1.0432762717054285,6,4
81,42,0.7541110620940623,0.3252354137856248,-0.013333333332761673,1.0432762717054285,6,4
82,45,0.6220883826738022,0.7516565017301734,-4.017142822316972,1.0460325419116943,6,4
83,44,0.7248728865013541,0.35796507257876087,0.12001974620944282,1.0523717944695878,6,4
84,45,0.7592041654382409,0.3304955789508069,-0.0133333329944978,1.0523717944695878,6,4
85,47,0.7963973306684506,0.3280543546311773,0.029262106271057194,1.056738433723542,6,4
86,46,0.686798680381226,0.42733220324880833,-1.0099999999999998,1.0666827518056292,6,4
87,49,0.6287765220537732,0.6228180028503187,-3.016666658137061,1.0666827518056292,6,4
88,40,0.7820627039958811,0.32367316369329935,0.12385522601578385,1.0702270208891917,6,4
89,48,0.7346578207014,0.34571834363922105,0.11565263097679479,1.0706496083566392,6,4
90,43,0.689287714719457,0.6274404009649017,-3.015232552135925,1.0706496083566392,6,4
91,49,0.7555290313277453,0.3589363248673948,0.029301518241833448,1.0724988893658312,6,4
92,47,0.627124568880454,0.3521951236566449,0.01840346731353681,1.0724988893658312,6,4
93,49,0.37956066650600045,1.1974338655459449,-6.017777796297155,1.073935793215674,6,4
94,46,0.6220043500598965,0.3509245969077009,0.14778351531053271,1.073935793215674,6,4
95,48,0.6721880367228685,0.34020993945402556,0.030695215473109532,1.074314575706339,6,4
96,48,0.582594379890152,0.3191348007853692,0.08363440536300641,1.0742136631170889,6,4
97,47,0.6953834347791465,0.33210281691127547,0.1249235776953499,1.0750147528590561,6,4
98,48,0.7160947725105156,0.34120830320338075,0.17636011971723228,1.1176012837955136,6,4
99,45,0.7784763324688079,0.3480610051395655,0.07634173986462056,1.1176012837955136,6,4
100,44,0.7255520326064889,0.3366423038429789,0.19627695816521631,1.1176012837955136,6,4
