gen,nevals,avg,stddev,min,max,run,representation
0,50,-1.0099999999999998,0.0,-1.0099999999999998,-1.0099999999999998,8,9
1,48,-0.7309333178960535,0.44750224821288337,-1.0099999999999998,-0.013333202202318682,8,9
2,44,-0.4795539575104614,0.5502536244081436,-2.0159999979018086,0.21836040979243057,8,9
3,43,-0.40505684905398426,0.4982079908964848,-1.0150003232304499,0.21732935726457037,8,9
4,45,-0.41210336338804204,0.5728547462857145,-2.0160000000023244,0.2327874646868468,8,9
5,47,-0.35613630857525636,0.7477211946014019,-3.0166666484965834,0.2327874646868468,8,9
6,46,-0.11316276829890136,0.5915002339018569,-2.01600002280247,0.5061174065183305,8,9
7,46,-0.3613146426994404,0.9735613461864095,-3.0200000003881753,0.5829953666991626,8,9
8,47,-0.3840308288571421,1.1330101625351139,-3.0166667893855643,0.5829507088928488,8,9
9,46,-0.06017670025856789,0.8692284346738617,-4.01714286276758,0.6144424436507696,8,9
10,47,0.1429990774558878,0.48754606313708315,-2.0199999866444207,0.617362988863418,8,9
11,48,-0.08840949597539695,0.8016243533364886,-2.0199999441959107,0.5578043711092778,8,9
12,44,0.21323082009321856,0.4711061482515803,-2.0199999492819023,0.617362988863418,8,9
13,46,-0.018098476565460608,1.1727611985547899,-4.017142905244046,0.6174812510888592,8,9
14,43,0.2039040622557617,0.7864643598071946,-5.017499986490879,0.706151074729229,8,9
15,46,0.1452878216034173,0.7144328063571374,-3.0166666387571452,0.729581746685387,8,9
16,46,0.023878934421675612,1.2838401877082768,-5.022499993708534,0.7331519976487307,8,9
17,47,0.01863531373956276,1.0879138670019501,-4.019999983942661,0.7064397398912126,8,9
18,47,0.32724886883034465,0.5131258031044711,-3.016665150325875,0.8194029865136628,8,9
19,42,0.26239891730698317,0.7230045600390148,-4.017142951537488,0.7299692601780339,8,9
20,43,0.15414358783861545,1.0892212410531608,-5.017499963230956,0.8188263029332942,8,9
21,45,0.29441777014983367,0.4354512649882057,-2.0159965740449985,0.8188263029332942,8,9
22,44,0.2029924383116125,0.7970043313738756,-3.016666695753242,0.8188263029332942,8,9
23,46,0.3008383082188981,0.5645427579382087,-3.016656609771248,0.8334926520986219,8,9
24,47,-0.03119199651828073,1.2291255672566392,-5.017500041747921,0.8242115282410406,8,9
25,47,-0.09980482623245052,1.034170160838306,-3.016666731416547,0.8137562771947615,8,9
26,45,0.11799548517677497,0.7560794394323129,-3.0166666840274172,0.7058422269101706,8,9
27,47,-0.11636709153864981,1.0815195180815345,-4.017142877956423,0.7060259624268388,8,9
28,46,0.04578945817685472,0.9207563072102248,-4.0171428463868635,0.7060120813355271,8,9
29,46,-0.2742105059226019,1.4426443913090832,-5.017500004008457,0.8309076505490326,8,9
30,48,0.061219369193986004,0.9485715783461405,-4.017142846620219,0.8113964124686199,8,9
31,45,0.2136107591842052,0.7369224443388604,-4.017142853654167,0.8113964124686199,8,9
32,46,0.11741779145217227,0.9606591276673081,-4.017142819445737,0.7690924447935904,8,9
33,48,0.008849375078789473,1.0475830114968985,-5.017499989764847,0.7690924447935904,8,9
34,44,0.2669720518541728,0.8048183365524658,-5.017499993020933,0.8123082668511129,8,9
35,48,0.28754815188059457,0.5507141591567728,-3.0166665631758236,0.7567789048253707,8,9
36,47,0.3386441434298324,0.5285445527331261,-2.015999987874586,0.8369751625437216,8,9
37,47,0.3406517751820857,0.5267702102630327,-3.0166666221741982,0.8369751625437216,8,9
38,50,0.39605787731260295,0.20552528897997013,0.07012153289667446,0.8384610680140892,8,9
39,46,0.0982678130344339,1.1314308696707227,-6.017777775309024,0.8369751625437216,8,9
40,45,0.3545793326443748,0.5340593542659162,-3.0166642892969184,0.8384610680140892,8,9
41,43,0.21743369894444112,1.1056860782229425,-6.017777782901377,0.8028225873637365,8,9
42,47,0.27713936570401076,0.7385734830350702,-4.019999966579671,0.8387939934993981,8,9
43,45,0.45574862123854465,0.23312021943899688,0.08298690197733301,0.880679852558894,8,9
44,47,0.45464533274740987,0.42535118061843763,-2.0159999973607516,0.8387939934993981,8,9
45,45,0.39125175460126094,0.22792868099062766,0.06267512499461533,0.8094210098155952,8,9
46,45,0.34704696970845084,0.6579898800403728,-4.017142874897068,0.8243202288137663,8,9
47,49,0.2609142633033652,0.7559950958837818,-4.017142845773401,0.8127142412132147,8,9
48,47,0.4436736579848567,0.21956891709017085,0.09779979233503627,0.9130888988539256,8,9
49,47,0.3769350574642973,0.4533201174465197,-2.015997578121662,0.8129768196504336,8,9
50,45,0.3538596918595202,1.212073100229693,-8.020000013932531,0.8401677497606357,8,9
51,48,0.40137132772329775,0.19807943066120223,0.12987118224490257,0.8210850008217543,8,9
52,42,0.4584413009649166,0.2736491844635589,-1.0099999999999998,0.812913131246333,8,9
53,45,0.4140840798874349,0.2109189231678671,-0.01333335436939037,0.8233631771302334,8,9
54,48,0.38108327723345736,0.355776155984923,-1.014999999554456,0.8924106648031673,8,9
55,45,0.41173262370755026,0.5371852433892599,-3.019999969291977,0.8778126398114616,8,9
56,45,0.4666963446728205,0.4153161259134605,-2.005517953866727,0.8063021713464041,8,9
57,43,0.4983025842985525,0.21716231349670156,0.05877948184087143,0.7944084743198916,8,9
58,44,0.4871084827560903,0.2480020910174675,-0.013333654907337664,0.876170811206009,8,9
59,47,0.4372456164349022,0.548440010248663,-3.0166666735407683,0.881222807179335,8,9
60,45,0.4746442433239065,0.4187314974333545,-2.015999999341363,0.876170811206009,8,9
61,45,0.4394898664450196,0.40850036706386017,-2.015989278745004,0.876170811206009,8,9
62,48,0.41077452122415764,0.40510378063141855,-2.01599997683772,0.8011025334978913,8,9
63,48,0.3768608199745315,0.7961099498612376,-5.0174999709908805,0.8046825565100689,8,9
64,48,0.2696134949181226,0.7300898765372441,-4.02000000328312,0.8404480357423808,8,9
65,45,0.27231005312163903,1.1195414953598353,-7.017999988382207,0.8404480357423808,8,9
66,46,0.45422094686501163,0.22126128590250782,0.07531324102461874,0.8102796012784376,8,9
67,49,0.4131663054787594,0.19098096972782463,0.1159657751125311,0.7434778737510526,8,9
68,45,0.3551673998096642,0.3969375723803308,-2.016000067769548,0.8011025334978913,8,9
69,45,0.4298355972908102,0.409501560685394,-2.0160001669481504,0.8073337150979786,8,9
70,46,0.39408780840268653,0.29779796236708744,-1.0099999999999998,0.810843412644178,8,9
71,49,0.5099074574148665,0.19941993092547222,0.09950674794820391,0.8095351131661217,8,9
72,47,0.28326796033163093,0.6817906747712036,-3.016666672248022,0.8842088737215107,8,9
73,43,0.47451528251485053,0.426462027287205,-2.0160002447498364,0.8842088737215107,8,9
74,45,0.39092680385930945,0.9414599326526331,-6.017777790400909,0.8089933458441126,8,9
75,48,0.48710479804133905,0.22178768273002364,0.1420415054215713,0.8426488056700635,8,9
76,46,0.49288067483440945,0.23540138955893833,0.07514740864763321,0.850044644250836,8,9
77,43,0.47698797809417715,0.25759292448914434,0.07489267093814772,0.850044644250836,8,9
78,48,0.3867173941586037,0.4115311583632602,-2.0159999882892405,0.8344586830465781,8,9
79,43,0.40962366892118046,0.40874329165433765,-2.0159994927481146,0.8344586830465781,8,9
80,48,0.45320609485329444,0.216282656405315,-0.013333258779947291,0.8344586830465781,8,9
81,48,0.20022515904853327,0.8649764117165976,-3.0166666848839077,0.842752418482622,8,9
82,45,0.37695134378222794,0.4474294077928709,-2.0159999979114236,0.7987401172292226,8,9
83,40,0.43337537451330527,0.417889029238962,-2.0159994927481146,0.8344586830465781,8,9
84,46,0.4849082677211085,0.22771092625574493,0.08725218801032084,0.8181266785470354,8,9
85,46,0.43769753483196183,0.22078653887369737,0.09149658076240842,0.8181266785470354,8,9
86,42,0.36840877224698515,0.824993329116939,-4.017143042219773,0.9208676417292021,8,9
87,47,0.4403894252395648,0.23410271550335132,0.1077067310934969,0.9208676417292021,8,9
88,47,0.35604304552413096,0.6596481387455885,-4.017142828391522,0.9225690950573889,8,9
89,46,0.540298921814176,0.20126277784008198,0.20125885768089313,0.9235591736405772,8,9
90,42,0.4858665518009921,0.24955573345041676,0.07512439664198063,0.9225690950573889,8,9
91,47,0.30004023504015637,1.0126725511897325,-5.017499968476344,0.9225690950573889,8,9
92,46,0.47907590917571163,0.25511108537114596,0.11495887299069696,0.9225690950573889,8,9
93,49,0.5062541891126642,0.24611153937246386,0.07540099318804173,0.9609335676310639,8,9
94,47,0.44851542707907943,0.4184847479914654,-2.016000003633576,0.9609335676310639,8,9
95,48,0.4521378153701629,0.5553626546893085,-3.0166666063759036,0.9609335676310639,8,9
96,48,0.5160385762575043,0.24126788989686143,0.1668245572813844,0.953558086388799,8,9
97,47,0.4892888753355206,0.2310951189223819,0.15426902206404067,0.9182220586825569,8,9
98,47,0.4425823983838916,0.8155303393148481,-5.017499960583697,0.9604826568751361,8,9
99,47,0.5854402865836625,0.24728339445238717,0.14157254558276666,0.9878255990826438,8,9
100,42,0.5828935013164195,0.2689658602663688,-0.013333347231316645,0.9878255990826438,8,9
