gen,nevals,avg,stddev,min,max,run,representation
0,50,-1.0099999999999998,0.0,-1.0099999999999998,-1.0099999999999998,7,1
1,44,-0.8305999999997123,0.38290682939909737,-1.0099999999999998,-0.013333333331737479,7,1
2,44,-0.5521333339615231,0.4972922273003817,-1.0150000000428947,-0.013333318611476526,7,1
3,48,-0.21306666612192235,0.3994681682022283,-1.0150000000428947,-0.013333316366767402,7,1
4,48,-0.23299999092606388,0.41362020042333303,-1.0150000001088093,-0.013333184544105262,7,1
5,46,-0.25323331868346977,0.4269068939786905,-1.015000000105164,-0.013333184544105262,7,1
6,47,-0.2530199696854352,0.4712028938028119,-2.0159998378464437,-0.013333080420332724,7,1
7,46,-0.31323329139935185,0.45810679913196584,-1.0150000348623676,-0.013333078047697152,7,1
8,44,-0.2132666069809097,0.39986818553007475,-1.0150000348623676,-0.013333078047697152,7,1
9,48,-0.333166597911689,0.466235339075471,-1.0150000348623676,-0.013333078047697152,7,1
10,46,-0.2922720030885864,0.4499093295261098,-1.0150001162480564,0.04369874373624382,7,1
11,48,-0.3499026273480752,0.47603866421892566,-1.0150000347984978,0.043692775655055194,7,1
12,47,-0.3470683878171023,0.5182006369747614,-2.016000009456171,0.043692775655055194,7,1
13,49,-0.5572030841268334,0.992735748619653,-3.016666663582919,0.11296702288716717,7,1
14,44,-0.24507559859296446,0.669068130247716,-3.0166666022485713,0.07523386697673114,7,1
15,45,-0.3514372298712779,0.765384231090591,-3.0065036655835686,0.11296702288716717,7,1
16,44,-0.09559228142213011,0.4230858617613493,-2.0159999536574973,0.18225376457194303,7,1
17,48,-0.3196148522667784,0.9031779317094305,-4.015278740502775,0.15777273559844937,7,1
18,47,-0.3811699361952566,1.008975809444697,-4.017142854854117,0.1968367724225961,7,1
19,45,-0.560290797267389,1.340116487790165,-5.0090384473607985,0.20660003994237555,7,1
20,47,-0.7408432690248747,1.5771524054832287,-4.017142856826551,0.20660003994237555,7,1
21,46,-0.7789927774902488,1.8275711327219133,-6.017777684296471,0.37365003588840257,7,1
22,45,-0.6375367020732052,1.8290720252943296,-7.018000000303079,0.3767902599351734,7,1
23,47,-0.05387863790840988,1.024156565219766,-5.017500193619878,0.39306498635331744,7,1
24,46,-0.14575142705986605,1.1243862026509424,-4.017142915485357,0.5235214758588524,7,1
25,45,-0.1077859423751298,1.201984997164398,-5.017500058064845,0.5234147570127547,7,1
26,48,-0.004722812116148324,1.0909741310837087,-5.017499983503532,0.5234147570127547,7,1
27,45,0.20427060838928143,0.7826429586943491,-5.017500000329791,0.5234147570127547,7,1
28,41,0.18555350981965313,0.9591753316738968,-6.004444558813737,0.5979529466858692,7,1
29,47,0.3721483712845401,0.17333341642724936,0.01251411086158792,0.6554271371671812,7,1
30,45,0.21975922083062663,0.987882953331505,-5.017499989971593,0.7514033831731417,7,1
31,47,0.4972196047192135,0.172464840916782,0.009646931024085544,0.7514033831731417,7,1
32,46,0.5181200879547493,0.2003971103644179,0.026765295163898372,0.7514033831731417,7,1
33,47,0.3689809969755877,0.5486614566691507,-3.016666666741644,0.7514033831731431,7,1
34,45,0.37525283601358567,0.8374598908161639,-4.01714285365221,0.7514033831731431,7,1
35,46,0.30846643590948647,0.7219232264304811,-3.0166666672129834,0.762963102591283,7,1
36,49,0.3796535057758539,0.8122884636424291,-5.017499998250572,0.869250343361974,7,1
37,45,0.39685297421620114,0.5728589603524263,-3.01666666909017,0.869250343361974,7,1
38,46,0.2842733947144558,0.5549351191156585,-3.0166666672129834,0.8666437181795722,7,1
39,48,0.5421958672258458,0.2665636628123702,0.0776368584212399,0.8977749825489076,7,1
40,44,0.5666950874836622,0.29475382258486554,0.023335599091221446,1.0079003719171697,7,1
41,48,0.2136607512964165,1.2224175253153597,-5.00730919313299,1.0076641363308017,7,1
42,46,0.6607140793810347,0.305933349021874,0.030152025566406587,1.0076641363308017,7,1
43,49,0.5482671900548634,0.7827237973865317,-3.016666663258943,1.0076641363308017,7,1
44,46,0.5463956678242067,0.6137396963801085,-3.016666662110063,1.0076641363308017,7,1
45,49,0.24498239046990508,1.082086934050134,-3.016666663258943,1.014608441739303,7,1
46,46,0.36349857153998044,1.050831928017052,-3.016666792829303,1.0753244503043664,7,1
47,44,0.4314161503724462,0.9476747052087899,-3.0166666835395026,1.0753244503043664,7,1
48,45,0.2354305235659914,1.4383003833969368,-5.017500006935958,1.109162980476007,7,1
49,47,0.34206230743419314,1.069023668949192,-3.0166666664032045,1.109162980476007,7,1
50,46,0.12770404634993388,1.3209659368058932,-4.017142857234114,1.1091629804760077,7,1
51,46,0.36707540102696384,1.1492198130269449,-4.017142862641066,1.1223997565453832,7,1
52,45,0.6382270119890858,0.8389818772710362,-3.0166668406685706,1.122399756545384,7,1
53,45,0.39337057160770933,1.1576315616145236,-3.016666917177442,1.2616421526698658,7,1
54,47,0.5305938047526834,0.919054483183204,-3.016666669216751,1.2616421526698658,7,1
55,47,0.18945383892402834,1.2656632859184809,-3.0166668706445563,1.2616421526698658,7,1
56,41,0.6696102594005926,0.8720837536973466,-3.0166667266920153,1.261642152669866,7,1
57,44,0.7325979569823449,0.8046817910344424,-2.0160000077513223,1.2616455815678966,7,1
58,47,0.5682509578001955,1.0868202368589792,-3.01666680343761,1.3367222769174638,7,1
59,43,0.98475416373183,0.5746191499787552,-2.0160000087566123,1.3448222207216636,7,1
60,47,0.4535284971406944,1.258007210624853,-3.016666665213222,1.3448222207216636,7,1
61,46,0.8158230556559262,0.7300712039168271,-2.0160000077513223,1.3739517861392332,7,1
62,46,0.652982088194003,1.118181090357893,-3.0166667629861807,1.379737513289771,7,1
63,43,0.9309919165852338,0.7454276044901583,-2.0159999981027505,1.379737513289771,7,1
64,45,0.716918873942864,1.139596872291336,-3.016666783343458,1.4191401309360074,7,1
65,47,0.7462006439768095,1.0731595259645343,-3.016666685747306,1.4500566900270389,7,1
66,43,0.9435307098195197,0.6776630020404073,-2.015999998899962,1.586570674271367,7,1
67,45,0.7110764964755996,0.9360445671073492,-3.016666665564112,1.451894169153277,7,1
68,46,0.6880853786099582,1.2202430097426902,-5.0174999984824895,1.4624554489927937,7,1
69,45,0.7563864849769498,1.1647521221987154,-3.0166666657884087,1.470734150493135,7,1
70,46,0.6020516436808321,1.073711417673788,-3.0166666657884087,1.470734150493135,7,1
71,46,0.8364058322184552,0.8038053268140699,-2.015999999172837,1.4774788417773608,7,1
72,45,0.8279300253398307,0.8872629983801138,-3.0166666658300336,1.477570869721668,7,1
73,45,0.7587687885200032,0.9751501696607376,-3.0166666640765434,1.480869445451332,7,1
74,43,0.8447107871887745,0.6141137606435737,0.013359532044757615,1.5154951544426851,7,1
75,43,0.7878241073509858,0.6008004699475176,0.011487325721589975,1.515495154442684,7,1
76,49,0.6285869494960372,0.8795193190373688,-3.0166666702998235,1.490747371439916,7,1
77,47,0.7307529208455786,0.5697229742073492,0.13241221429999878,1.490747371439916,7,1
78,41,0.7203875300101498,0.7247690384982711,-2.015999994812627,1.5009433052378047,7,1
79,45,0.7430679674625139,0.8925254202250957,-3.0166666689297523,1.5009433052378047,7,1
80,46,0.44145092757004917,1.0645107871698514,-4.017142856556274,1.5009433052378054,7,1
81,43,0.91270706253006,0.5899827567292075,0.013016329704234528,1.5009433052378047,7,1
82,50,0.7310081269041286,0.915873471422737,-2.0160000012355646,1.493105649473482,7,1
83,46,0.9983763311799188,0.5939488407369072,0.021219015978449492,1.4932461488963238,7,1
84,44,0.8746080852611583,0.83194129145719,-2.0160000010699806,1.4932461488963238,7,1
85,47,0.7442985290013481,0.8184859243396961,-2.0160000139106127,1.4932461488963238,7,1
86,49,0.7797722491680985,0.6264046267427198,0.013888117130530798,1.5051301998070095,7,1
87,46,0.7648964411523461,0.930283835616814,-2.0160000022937177,1.5051301998070095,7,1
88,48,0.767389820785515,0.7356377567347455,-2.0160000010699806,1.5065512967719101,7,1
89,48,0.7112331113043783,0.5834826718868802,0.006671931526589618,1.4933603312239532,7,1
90,47,0.8753917658236671,0.5797185391566229,0.018367979669173976,1.4933603312239532,7,1
91,44,0.7355993795947009,0.9032055992143735,-3.016666665270076,1.4933603312239543,7,1
92,47,0.7292811998348661,0.6114008621159422,0.021169433111576846,1.4933603312239543,7,1
93,48,0.5385834405963338,0.7677347945066827,-2.0160000012873325,1.4934405588103312,7,1
94,43,0.4422816681189673,1.1183599270215179,-4.0171428554261945,1.4934405588103312,7,1
95,45,0.7139234872112117,0.6082264253255287,0.020626379845815,1.4934405588103319,7,1
96,49,0.6589473908038349,0.7108104176818214,-2.0160000012873325,1.509941359905276,7,1
97,47,0.5684979714342316,0.5528073884130557,0.013734451615163288,1.5083307686317504,7,1
98,46,0.5577106820770877,0.8653198699907204,-4.0171428603065085,1.5105646392072523,7,1
99,48,0.8420647526885702,0.7263948276404424,-2.0160000002011835,1.5105646392072523,7,1
100,47,0.6581873609677572,0.7058482694544639,-2.016000000441015,1.51084101093565,7,1
