gen,nevals,avg,stddev,min,max,run,representation
0,50,-1.0099999999999998,0.0,-1.0099999999999998,-1.0099999999999998,5,0
1,43,-1.050066665008637,0.27975266674149846,-2.01,-0.013333250431864186,5,0
2,44,-0.8905999892376352,0.4738624894238096,-2.01,-0.013333006705866006,5,0
3,43,-0.33237515531788764,0.4650841202226427,-1.0199981328079222,-0.013333006705866006,5,0
4,48,-0.1279475460961622,0.32845098749993007,-1.0149999768182432,0.252616301533855,5,0
5,48,-0.22786424017901216,0.4636975148466402,-2.0199999987363118,0.17357825984853423,5,0
6,49,-0.1828252801646454,0.4201303479864738,-1.0249999863488723,0.19304904995901687,5,0
7,49,-0.0258866572574622,0.3747147740266911,-1.020000008955025,0.2364832600762828,5,0
8,45,0.13835085621104912,0.23998748381922105,-1.0199999934033053,0.2857625932428723,5,0
9,50,0.19876850696296175,0.18209026353291066,-1.0149826655441068,0.2890144007865774,5,0
10,46,0.16874154536903954,0.30195770962278745,-1.0098158500949443,0.2916787443756566,5,0
11,44,0.2653847972770739,0.04341372027119275,0.11328173168970875,0.296951983734102,5,0
12,48,0.2679158073625046,0.05244337816514147,0.0976874137223805,0.3235136339047243,5,0
13,49,0.2518512316488329,0.18803247523702568,-1.0099999999999998,0.38373833682438324,5,0
14,46,0.25306844745755425,0.32743821250314076,-2.001732258214428,0.38373833682438324,5,0
15,47,0.32313618896445084,0.06116546338544222,0.07294921586380632,0.38373833682438324,5,0
16,42,0.3597064523105462,0.048187108691691294,0.1366540560679845,0.41893302611281236,5,0
17,43,0.36153286961731895,0.0521771135424091,0.10812040463773065,0.47498838532025484,5,0
18,47,0.36384911571932677,0.06210379505910615,0.1864831987746329,0.4779895078318562,5,0
19,42,0.3992253498211857,0.08891172497789047,0.10812040463773065,0.6267301575156253,5,0
20,44,0.44189576099543076,0.08550306482369262,0.11749102228114466,0.6267301575156253,5,0
21,44,0.48510327191078034,0.07490402983691774,0.3114671876531299,0.6267301575156253,5,0
22,43,0.5388454360793591,0.08387504449753444,0.25092546664876647,0.6304761309197948,5,0
23,48,0.5894217947196643,0.08451313115461341,0.249859809451518,0.7342373256633739,5,0
24,45,0.5913599810028356,0.0921815044470634,0.21563620741519385,0.7342373256633739,5,0
25,46,0.607739948183806,0.10851521423723683,0.24637226031519643,0.7342373256633739,5,0
26,45,0.6035844483384536,0.1541262440764778,0.19296636641483128,0.7550924952875906,5,0
27,49,0.6298796881243358,0.15984900388272227,0.22369096275692923,0.8486874919221103,5,0
28,46,0.636872519632641,0.18040128809791686,0.23445312305659627,1.0219229106550978,5,0
29,44,0.7084249201628112,0.1874552759475356,0.2136035342296469,1.0219229106550978,5,0
30,48,0.805026065382461,0.20054087089979608,0.21905363075097808,1.0219518689836438,5,0
31,47,0.8354037961115495,0.28357900262815505,0.13242010879429608,1.069183216740237,5,0
32,41,0.925450389652557,0.24670329632178867,0.1377059749785021,1.069183216740237,5,0
33,50,0.9208927330326883,0.2509444774066168,0.16735016526407182,1.0899229002251287,5,0
34,48,0.9044065137192581,0.2949764210348879,0.16998167301453182,1.1164198183270861,5,0
35,45,0.9020418696843637,0.32138736655665306,0.14174613764346172,1.1766488857899386,5,0
36,45,0.9779961681474301,0.2655818467957599,0.19559188136149352,1.1766488857899386,5,0
37,46,0.9855819924350244,0.29211291192149536,0.22958891223833308,1.1766488857899386,5,0
38,46,0.9766248495147002,0.31258589707180445,0.10418150908643957,1.1809309250744724,5,0
39,46,1.066017923052653,0.25572469448901536,0.09247354806377744,1.2132801488948635,5,0
40,46,1.0055652984085608,0.34112513271314454,0.22847922786530522,1.2151520462159187,5,0
41,49,1.0577117862602128,0.32404871454679285,0.17488408634791267,1.2303168881208082,5,0
42,46,1.0485826430170706,0.3332018118089551,0.2091494160799543,1.2335937504463665,5,0
43,44,1.0902556135768806,0.30764832163620787,0.16818817093226207,1.2347668942421661,5,0
44,46,1.0264296063849792,0.36444228700820797,0.20444778124411772,1.2676131874029695,5,0
45,49,1.121304352668899,0.2636224685921139,0.2380314364625212,1.2755525556741028,5,0
46,46,1.1083974710297282,0.3058043790565648,0.19570392586001595,1.2862501321678625,5,0
47,47,1.101381798537429,0.3282222486913306,0.18835646320516794,1.3800098523327065,5,0
48,43,1.1148053671006013,0.3558114417862991,0.16864785772510024,1.4045814802874539,5,0
49,45,1.1731637664506085,0.3319931291761852,0.1635547575453619,1.4157186948562717,5,0
50,42,1.1655903804551984,0.4273292814450714,0.1491583670184089,1.4272479194187864,5,0
51,45,1.143460000160005,0.4695371130374465,0.16136336358501524,1.4426476152373968,5,0
52,43,1.2288364710492636,0.41079367411023193,0.17209899886444063,1.4426476152373968,5,0
53,44,1.2099362400389755,0.44708595662192274,0.16888978519727876,1.4846329488616556,5,0
54,43,1.128123361802001,0.5000072325351593,0.15692544068220216,1.4846329488616556,5,0
55,49,1.1156774154183335,0.5259719829000907,0.16651557957646532,1.5170243826927154,5,0
56,44,1.2924762539584174,0.42000692850069793,0.17111814381942117,1.5170243826927154,5,0
57,46,1.262772885059167,0.45917831061909886,0.20871763324512999,1.5452118446439602,5,0
58,48,1.271078569144408,0.48818422169879727,0.16819161782877712,1.5452118446439602,5,0
59,48,1.314581866749441,0.4596593493237168,0.17643312429459534,1.5452118446439602,5,0
60,46,1.182556125593652,0.5782291851661978,0.16380638915164636,1.5706406287560166,5,0
61,48,1.1714036937636298,0.5787484899287039,0.1472531944579973,1.5895333031441208,5,0
62,49,1.2420696463177283,0.540613875593981,0.15128240944735402,1.5990830792008048,5,0
63,48,1.2234750060493946,0.551993823072594,0.17300611133552676,1.5895333031441208,5,0
64,47,1.2059742530075535,0.5839815383840777,0.12681643749203403,1.5895333031441208,5,0
65,47,1.3793221838613656,0.45850784916714177,0.1150317218997458,1.5895333031441208,5,0
66,47,1.285460627744593,0.5403445577588285,0.1660176735662507,1.5986515057493564,5,0
67,45,1.2690119707141927,0.5657231128400011,0.17612328213249187,1.6112811365870745,5,0
68,45,1.2288145461571391,0.6009544929641728,0.13366321689565602,1.6112811365870745,5,0
69,41,1.285645726476165,0.5519133464345101,0.17511810838531666,1.6112811365870745,5,0
70,48,1.2884607143370885,0.5629807687499585,0.15113499425519664,1.617196738217427,5,0
71,48,1.2973284370709173,0.5612840545393175,0.14886696948481776,1.636694739293329,5,0
72,47,1.2271732291747517,0.6103867041176146,0.13371910251204894,1.6560103720759916,5,0
73,45,1.3564215878198522,0.5409834288940876,0.16638073236421647,1.6559992121841687,5,0
74,49,1.3655122406324467,0.5294639055659883,0.1652133389430851,1.6559992121841687,5,0
75,47,1.4872276366319352,0.42008053983640264,0.17377589785739486,1.659358072346401,5,0
76,44,1.4123243308307514,0.5001052836053188,0.17053974420990248,1.658971124732501,5,0
77,50,1.4402401779475134,0.4930052090751229,0.12944734177789882,1.658971124732501,5,0
78,42,1.4080583196322969,0.5283367673111098,0.1372241573454051,1.6589793995801458,5,0
79,46,1.3555074442241946,0.5783188435388311,0.13522823309384902,1.6643918511555218,5,0
80,45,1.3558266450606906,0.5917242697031988,0.12246387469021802,1.68224387228622,5,0
81,48,1.3843033682040207,0.5545933565452688,0.09508226340643572,1.68224387228622,5,0
82,44,1.4297653961654404,0.5190678813134318,0.14405401840738138,1.682540571230917,5,0
83,45,1.3786194332437147,0.5557134730439522,0.1719924205599382,1.6829420697567028,5,0
84,49,1.438818318364708,0.5353128610387391,0.1216778268309695,1.6834343542986736,5,0
85,48,1.315977874990178,0.6067983631434317,0.1204421734112467,1.7016569617685127,5,0
86,49,1.4059395276630209,0.5490361419181161,0.12869401371828998,1.7016569617685127,5,0
87,46,1.372008258970376,0.5778819840586112,0.11002370108975333,1.7167123217344575,5,0
88,46,1.4018708470926966,0.5501888900442127,0.18086321117492227,1.7167166833800727,5,0
89,45,1.5370167021548762,0.4144797383639583,0.16704282281069704,1.7167166833800727,5,0
90,48,1.4722643932601147,0.4949905542682307,0.19457058520606643,1.716719617275066,5,0
91,48,1.5096135060501295,0.48304342051199617,0.23036526347849476,1.7168925932541945,5,0
92,43,1.5897135663271078,0.38695459353426925,0.2720372669609033,1.728785741564284,5,0
93,46,1.4558109272042574,0.532831895056864,0.19337457031227878,1.728785741564284,5,0
94,47,1.4821670033518535,0.49730013695846687,0.21867239497161103,1.728785741564284,5,0
95,47,1.3744866932013378,0.5922125082304289,0.1826005432510127,1.7365656992562792,5,0
96,47,1.414797374867877,0.5673512932827062,0.20978546438339526,1.7529110709598161,5,0
97,45,1.430079242973629,0.5587126094078625,0.202635197416255,1.7599492254062785,5,0
98,50,1.3691844830193132,0.6132960306896403,0.21700001116937337,1.7600200541030273,5,0
99,47,1.4762822130366033,0.5609214424709579,0.2174727652714593,1.7600200541030273,5,0
100,45,1.5883063786189269,0.436046813912423,0.2439314680464897,1.7613415581082066,5,0
