gen,nevals,avg,stddev,min,max,run,representation
0,50,-1.0099999999999998,0.0,-1.0099999999999998,-1.0099999999999998,5,9
1,49,-0.5116666409918155,0.4983333590081858,-1.0099999999999998,-0.013333202202318682,5,9
2,48,-0.4674865282873863,0.5023415440997494,-1.0150000148531135,0.21734036042525823,5,9
3,45,-0.35966681591330923,0.5147837626007568,-1.0150000148531135,0.21833906940674688,5,9
4,47,-0.2345083557487286,0.4989931607998465,-1.0150002571086918,0.5143285833807961,5,9
5,46,-0.4813771374549243,0.7628101033080801,-2.016000067769548,0.5142520090438086,5,9
6,49,-0.1231180342960714,0.6409546794398258,-3.0166665922411933,0.5143285833807961,5,9
7,47,-0.027706973161516338,0.6986645596773817,-3.0166665936410526,0.514419935848893,5,9
8,45,0.0448135017593099,0.804991222453233,-3.016666661149896,0.7058372208171706,5,9
9,46,-0.18885425701751798,1.0413270846934912,-3.016666677802983,0.7058372208171706,5,9
10,46,0.06763273920422563,0.8144182663606225,-3.016666678606569,0.7058372208171706,5,9
11,45,0.11382530498095872,0.6737100120582253,-3.0166666372836404,0.703851933479245,5,9
12,49,-0.03064808914422974,0.9905362403439517,-4.017142865492273,0.8123082668511129,5,9
13,45,0.09126686593435832,0.7950502816136034,-3.0166666857045246,0.8120828928703502,5,9
14,48,-0.18706878918593012,1.3839312574367115,-5.0200000252135855,0.8123082668511129,5,9
15,48,-0.09091039626613633,0.8964384907892387,-3.016666667071178,0.8120828928703502,5,9
16,47,0.28642229820398685,0.14305380330269,0.06302051405446801,0.8120828928703502,5,9
17,47,0.1615661808860158,0.6009477698013275,-3.0166666194397647,0.8120828928703502,5,9
18,48,-0.0448993725710646,0.8529190899296839,-3.0166666540853937,0.7036593128136764,5,9
19,46,0.21525108419533606,0.5476139640530934,-2.01600000786851,0.7510370940988756,5,9
20,48,0.23285467695468706,0.4862540995083474,-2.0159999054251396,0.7523587122563612,5,9
21,43,0.22531715514064843,0.7686759719785035,-3.0166667664933016,0.8280879135013767,5,9
22,45,0.25000683805833207,0.7732868667166616,-5.017500011958622,0.7283136666444199,5,9
23,46,-0.05090783309697056,1.1961312673657438,-5.017500023249516,0.8201526524245605,5,9
24,46,0.10008495118211001,1.0160385140771102,-5.017500011958622,0.7050912363075488,5,9
25,49,0.4130986083873236,0.1740253227651018,0.09982529667612534,0.7920302415238837,5,9
26,43,0.3125248980518309,0.555819594280136,-3.0166666568962515,0.7920302415238837,5,9
27,43,0.4317812883959896,0.23222590924976444,0.0756949368980762,0.7920302415238837,5,9
28,45,0.3227381255832895,0.6670555020795603,-4.017142858464327,0.7967556849737965,5,9
29,46,0.3129102417241535,0.39656811719343443,-2.0159999211909443,0.8076077102611507,5,9
30,46,0.41852114427817805,0.18638829933439724,0.09885071858077164,0.7183364790886204,5,9
31,43,0.4560167970042282,0.20394675662712813,0.07392756203444707,0.7508082084842367,5,9
32,44,0.4774533061851344,0.20195778180116172,0.0997071522125077,0.8273634835684743,5,9
33,45,0.4521424064469434,0.2004481943569928,0.1228760582576688,0.8273634835684743,5,9
34,48,0.45432247890619243,0.2140593025222248,0.05451956619580524,0.8297715465577415,5,9
35,49,0.4307348585870562,0.43228690843651424,-2.016000000451925,0.9114902902590573,5,9
36,47,0.5569218396185209,0.24137690880279292,0.1101859638074967,0.9333011872828496,5,9
37,45,0.614051702687153,0.25120909058751734,0.21176065812008318,0.9162086314592172,5,9
38,45,0.570574155855842,0.2965010239318497,0.21513723836400764,1.0278079147903094,5,9
39,46,0.5476769209218492,0.2720218847423433,0.18319536538113754,1.0278079147903094,5,9
40,42,0.5528671565395141,0.29708849804505566,0.16948177275339718,1.0278079147903094,5,9
41,44,0.4441373787795258,0.7699356150873748,-4.01714286190373,1.0329757301428621,5,9
42,47,0.5305473733025915,0.24068688612806832,0.19897109135968888,0.9568586647808299,5,9
43,44,0.6089742559384205,0.23016220373478452,0.20322383335012584,0.927433178229161,5,9
44,46,0.5403385985320863,0.2679101488063138,0.1978034923487394,1.0278079147903094,5,9
45,49,0.4852767697007957,0.26388765658946195,0.16362166872756403,0.9854360929314229,5,9
46,45,0.5435078025714596,0.22326493129963293,0.19884201632028986,0.8858254658361912,5,9
47,46,0.5742099660206583,0.23072897333765172,0.2023689575015679,0.8858254658361912,5,9
48,47,0.587363555927638,0.22335677856492733,0.1946335298301999,0.8843751482606729,5,9
49,46,0.5819735595280893,0.23914969965947241,0.18716531100748168,0.9478695786603052,5,9
50,43,0.608109373488419,0.26301536453129337,0.20520656878609497,1.0139131604460427,5,9
51,49,0.5075695565444487,0.24907210578575883,0.16474404773371687,0.9030175400423491,5,9
52,48,0.46029445262941265,0.24508464865064075,0.07753010261737303,1.0139131604460427,5,9
53,47,0.5083215536755032,0.21101106535027714,0.22024974486136234,0.9266093609517966,5,9
54,47,0.49114516941903036,0.24781034102495986,0.16439178570226512,0.917775648806941,5,9
55,47,0.5712711169182628,0.25194872837366056,0.2126007201068508,0.9057393559819659,5,9
56,41,0.6114134963195974,0.260224031330441,0.18267417800702282,0.9126883184904927,5,9
57,46,0.5309885319477503,0.2731236608899428,0.16180632125168457,0.9057393559819659,5,9
58,45,0.5256766825451834,0.28611101944381573,0.08247423485998112,0.9306803922343113,5,9
59,47,0.5375088573377228,0.2751686401332713,0.20082722329712188,0.8991022405679272,5,9
60,47,0.5330262261281314,0.2695534976638226,0.136684970043458,0.938143083359406,5,9
61,46,0.5899452912624812,0.27676737713413113,0.1511637026703028,0.938143083359406,5,9
62,49,0.45480780071775373,0.25913767598614523,0.1589575333412513,1.0716992588188101,5,9
63,47,0.44599056078794086,0.24547418713189817,0.17462744848723513,0.9287674976971002,5,9
64,43,0.4831006659028897,0.33594505957105303,-1.0099999999999998,0.9287674976971002,5,9
65,44,0.43325662336841975,0.2706444261529148,0.12376049306633684,0.9199038643560472,5,9
66,47,0.49638405222019133,0.26183313481795256,0.16723836391854582,0.9199038643560472,5,9
67,44,0.5003233638298824,0.30342946631070566,0.1272810234944702,1.0063315124316332,5,9
68,44,0.4498721498850775,0.2604369431372513,0.15320913543605028,0.9724721587161373,5,9
69,46,0.37035425946834927,0.5731403390848885,-3.0166666932994985,0.9756927219159528,5,9
70,45,0.4673070386193903,0.2361866361747698,0.16331056084189569,0.9347813895518162,5,9
71,47,0.49781225538862434,0.25290787194526787,0.12846450956548097,0.9415243443715077,5,9
72,45,0.5207235254620243,0.26848354922686635,0.18554924398047154,0.9258427777891366,5,9
73,48,0.3513940000768118,0.5459036648851994,-3.01666659724825,0.8801326181583756,5,9
74,45,0.44464218649354054,0.2438087460687016,0.1502747371471256,0.8975190738123608,5,9
75,44,0.5477278759559677,0.24122787171509008,0.16697352590932335,0.8975190738123608,5,9
76,47,0.4852926157034964,0.22127923375260877,0.13938483943695204,0.8552981529564783,5,9
77,48,0.5216192858296832,0.22081877991399926,0.09862381440834815,0.8771485573559574,5,9
78,47,0.5387073604949213,0.22784070344018525,0.23831539655788062,0.9136356171736517,5,9
79,43,0.5258349493604884,0.24099614013492135,0.1423795847814764,1.0369618097776665,5,9
80,41,0.550851980283127,0.27461339602905616,0.16451880490117574,1.0369618097776665,5,9
81,44,0.5472314481771486,0.27035950267126413,0.24274828365090534,1.0369618097776665,5,9
82,41,0.5355989986978534,0.28617766747467427,0.15346877331548658,1.0369618097776665,5,9
83,43,0.49017553142712555,0.2844672660745288,-0.013333420189165739,1.0369618097776665,5,9
84,45,0.5617375111043791,0.27845347143585775,0.16452926464538248,1.0369618097776665,5,9
85,47,0.5317390610991334,0.2536412875977231,0.24988912009145933,0.996240552604167,5,9
86,45,0.45031262683811885,0.23030962457042572,0.1817197050861821,0.9617094294692093,5,9
87,47,0.48219919945752837,0.2274109970648794,0.13690533414369815,0.9665976681400172,5,9
88,47,0.46696277370417577,0.20256171971667505,0.14008104160249685,0.9040221235756216,5,9
89,47,0.4747241520494242,0.20802371825543992,0.22358631605588283,0.9040221235756216,5,9
90,47,0.42276270880507244,0.2777831623222722,-1.0199999999999994,0.87187480662735,5,9
91,47,0.48757241987707656,0.18353610019553637,0.21085964895701678,0.8416179128298279,5,9
92,48,0.5295865095170009,0.18150053547683598,0.21037924076184794,0.792093306356551,5,9
93,43,0.5135818686822933,0.1751043720461561,0.24570753843233506,0.792093306356551,5,9
94,48,0.4863837887784614,0.1643527968710017,0.24328613362681603,0.784062348668322,5,9
95,43,0.5362592219092518,0.15589118930004442,0.22857250212560484,0.7721079435099953,5,9
96,45,0.5018859324497852,0.16740351238306456,0.24479822000003096,0.7721079435099953,5,9
97,47,0.5010842541120498,0.1824366122563092,0.17905444595461387,0.7993611452325268,5,9
98,45,0.517543983829079,0.19087277308200862,0.14878495177705095,0.7994436399457086,5,9
99,41,0.590170400270446,0.14215462754593247,0.3018132781574485,0.7994436399457086,5,9
100,43,0.5510396829980974,0.20056804931020408,0.2313751561592479,0.8094503984908431,5,9
