gen,nevals,avg,stddev,min,max,run,representation
0,50,-1.0099999999999998,0.0,-1.0099999999999998,-1.0099999999999998,10,0
1,46,-1.050133334366449,0.343690400202103,-2.01,-0.013333238035502818,10,0
2,48,-0.7882230847831879,0.5046047699549071,-2.01,0.11712583465877828,10,0
3,44,-0.22453480047917182,0.46355172927184196,-2.01,0.11712583465877828,10,0
4,47,-0.04230580753265793,0.2949120604985444,-1.015000086947173,0.35862788040274907,10,0
5,46,0.033754746210620794,0.3285121642521199,-1.025000168277012,0.3757963652418866,10,0
6,46,0.18044287112661425,0.2073153981989242,-1.014993827497856,0.3757963652418866,10,0
7,47,0.2376917378587412,0.21737411792380737,-1.0149999859581094,0.431488031524431,10,0
8,47,0.3274819905286446,0.0974423781744461,-0.013333266351849003,0.4373469885848174,10,0
9,47,0.3236091323734636,0.11702291972588987,0.05583502589711933,0.4373469885848174,10,0
10,45,0.3484781714917534,0.1128145680306161,-0.01999999999999945,0.5458188477368974,10,0
11,45,0.3749984554376764,0.13643926941047374,-0.01999999999999945,0.5458188477368974,10,0
12,46,0.37850909571514385,0.2455539831964734,-1.0075467765769142,0.6245739073451245,10,0
13,46,0.46950259206701184,0.12878763155347595,0.10288543329276018,0.6245798669033298,10,0
14,44,0.5167034838294678,0.12624163440380246,0.1684359311892898,0.6245798669033298,10,0
15,45,0.5243980569406702,0.13969976417307578,0.15438647883510678,0.7298941723862297,10,0
16,44,0.5653650074703722,0.15264022410495995,0.049801980036891555,0.7836658374502543,10,0
17,47,0.595639642131911,0.17369797103294526,0.049801980036891555,0.7836658374502543,10,0
18,46,0.5894743113253886,0.21449993519106944,0.08688273561332253,0.8532764360746603,10,0
19,47,0.6818081870592385,0.19532626327269176,0.10788993852182414,0.8532764360746603,10,0
20,46,0.6890868544586495,0.24732829918699695,0.1216519091056756,0.8698559755685547,10,0
21,46,0.7179318157546768,0.26791365416866547,0.06109971235750673,0.8698559755685547,10,0
22,47,0.789006135485623,0.20247170347887378,0.04314477336682223,0.8824186287028065,10,0
23,45,0.7038874477954957,0.29581333769388285,0.07078697734248164,0.8824186287028065,10,0
24,42,0.7254327798361065,0.26614586958600506,0.07337668083824919,0.8824186287028065,10,0
25,46,0.7427039588827246,0.282284325569283,0.04415657916179219,0.8875504595706718,10,0
26,47,0.7443820299945513,0.2735248737446363,0.07505503189420504,0.8875504595706718,10,0
27,45,0.6705698689900621,0.3141934723645942,0.07498296237903249,0.8875504595706718,10,0
28,46,0.7695903458148764,0.2509142033306712,0.06648583518104864,0.8875593066072813,10,0
29,49,0.7130440832892881,0.2978974028683216,0.0997658937504872,0.965694319050236,10,0
30,47,0.7011410987608673,0.3047326467555739,0.05713391493766992,0.8880304464389561,10,0
31,44,0.7483949118813653,0.2841700745259361,0.05713391493766992,0.9305115658309545,10,0
32,45,0.6913985475047636,0.3131481713448227,0.060146232674018266,0.9305115658309545,10,0
33,47,0.6746963063991331,0.31938137054689425,0.10354930214439742,0.9305115840787884,10,0
34,45,0.7951930039613309,0.2490625552419297,0.05581551218244005,0.9475801463449034,10,0
35,46,0.7851168013553054,0.27751718335075987,0.14544023686906898,0.9475801463449034,10,0
36,45,0.8633552703660983,0.18539596027594335,0.08441328547425532,0.9475801463449034,10,0
37,48,0.6692429179722911,0.33868628198233036,0.08441328547425532,0.9569398295913348,10,0
38,49,0.7311879133179918,0.31438530709926726,0.08440070729709381,0.9880415103953848,10,0
39,47,0.7537779214883517,0.31995295329048756,0.08440070729709381,0.9880415103953848,10,0
40,44,0.8316667769444345,0.2583648300226584,0.1580239475054608,0.9880415103953848,10,0
41,49,0.8194943537317304,0.2725772166983727,0.10353218891818579,0.9880415103953861,10,0
42,46,0.8121774853465196,0.2824275084220778,0.18253353195613703,0.9880415383755972,10,0
43,47,0.8694510383387627,0.24274320746422157,0.20288003475281965,1.0091987211481808,10,0
44,45,0.8860807533348859,0.24241671575103493,0.19737674660975743,1.0262372504118678,10,0
45,43,0.8461948880210686,0.2698722646767474,0.20139588064042407,1.0262372504118678,10,0
46,47,0.824672769831905,0.3094173846960838,0.20136042520778022,1.0262391531919706,10,0
47,48,0.8970910803570452,0.25189573850931934,0.299052359581422,1.0569502843910314,10,0
48,47,0.856570925647216,0.28588920855327377,0.25037502421410407,1.0928131378418688,10,0
49,47,0.9220539980487186,0.2557693703366142,0.16201584586564652,1.0928131378418688,10,0
50,49,0.8395562628512279,0.3544374025222506,0.13663146093622153,1.0928131378418688,10,0
51,47,0.9260185966132292,0.2841222383564651,0.21753129415622544,1.0977612362108211,10,0
52,41,0.9836689866127631,0.23286872214265933,0.27639669965939107,1.1033488195714252,10,0
53,45,0.8625828048342469,0.3419154192126878,0.15691890627477828,1.1188027432386047,10,0
54,45,0.8937819003211463,0.32166045281365746,0.21857207372637108,1.1188027432386047,10,0
55,45,0.8842588500851418,0.3582198952817276,0.1327085710878314,1.146535633919541,10,0
56,47,0.8609141092642509,0.36182555501785835,0.2174358421355857,1.146535633919541,10,0
57,45,0.9274286943189968,0.32703960509855046,0.23563742973059415,1.146535633919541,10,0
58,48,0.8649392514390306,0.37076904850058734,0.09583881194957289,1.146535633919541,10,0
59,48,1.0115782107002211,0.27616611962752174,0.24245528600686017,1.146535633919541,10,0
60,46,1.0365821878003083,0.24864616368427675,0.23762041614476812,1.1547502993897023,10,0
61,46,1.0487440369206031,0.2621594361993775,0.2355793865848731,1.1567165204618768,10,0
62,46,0.970102055585474,0.3365981277292084,0.09583811232143366,1.1567161862321131,10,0
63,47,1.0178013912955644,0.29809618013104006,0.1430490638959191,1.187738633286783,10,0
64,45,1.0153508093771042,0.2988162265793665,0.21074125505557517,1.187738633286783,10,0
65,45,0.9394385039046285,0.3730770838254535,0.18577906869212535,1.187738633286783,10,0
66,46,0.9983477868583286,0.339637804105378,0.20535884895242693,1.1877397098132805,10,0
67,43,1.0517755878435526,0.2968806363935152,0.2045694716512149,1.187794771662785,10,0
68,46,1.0194538108047757,0.33785102129049777,0.2012017814195538,1.1910232344369949,10,0
69,48,0.9003776583416577,0.4141968086856851,0.0774098469578326,1.1910232344369949,10,0
70,47,0.9457993435431392,0.39049098921939496,0.2019250720391043,1.1910232344369949,10,0
71,45,1.0433478700773962,0.3122829582891584,0.1953363468696901,1.191025836239694,10,0
72,41,1.07037009178878,0.2922477883937012,0.21343510431755877,1.2088204827909694,10,0
73,47,0.9872693924112316,0.3829033226342755,0.14987696782887877,1.2088204827909694,10,0
74,45,1.0108711405374218,0.34714234782163605,0.07489754036245096,1.2088204827909694,10,0
75,47,1.0306742187049767,0.3437582722374919,0.10129593511557003,1.2223804669286207,10,0
76,46,1.085797057430947,0.30307419495576626,0.14218627788396188,1.222456943464866,10,0
77,48,1.0599108591072826,0.337196792305852,0.0837306940885969,1.2225226260346362,10,0
78,46,1.0750108505399814,0.3349206490272218,0.15312905034829943,1.2230709359476193,10,0
79,48,1.0140444280900487,0.3932918944192174,0.14520124462188086,1.2275433906370004,10,0
80,47,0.9648193509633836,0.4152124510375542,0.15141304617245177,1.2275433906370004,10,0
81,47,1.0911274629496845,0.3170391509114972,0.2080629536447388,1.2275433906370024,10,0
82,45,0.9921981485689828,0.4014060036542901,0.06861494882401248,1.2275433906370024,10,0
83,48,1.0103950999667612,0.3960207518675081,0.1570016171772488,1.2275433906370024,10,0
84,49,0.8133982218946849,0.4780633108768956,0.1324177347234968,1.2275433906370024,10,0
85,45,0.9703161576197843,0.419035462129053,0.18455984211308818,1.2277186076489623,10,0
86,46,0.9757444464239523,0.4123605876688536,0.18712183658512746,1.2284320310072387,10,0
87,46,0.9337249478582769,0.4486496967832462,0.1716187015897775,1.2284320310072387,10,0
88,47,0.8690645995555609,0.4626749622100305,0.12672419055492004,1.2284435510737657,10,0
89,47,0.9990586756374705,0.3949811839117901,0.1634101871311448,1.2284435510737657,10,0
90,45,0.8545605302997409,0.4689724022590615,0.15501834034146866,1.2284435510737657,10,0
91,46,0.9059466850665042,0.4514759499227927,0.15456217165923267,1.2284435510737657,10,0
92,46,0.9236582718593437,0.44424086300712257,0.09106596390827187,1.2284435510737657,10,0
93,43,0.9603479171097437,0.42627394189017315,0.13357462401973488,1.2284435510737657,10,0
94,46,0.9247966404735335,0.44091502391433857,0.1585146027777646,1.2284485460298589,10,0
95,47,0.9926371134284715,0.401217977488914,0.14761512729900658,1.2284485460298589,10,0
96,46,1.0529723979973369,0.36430497964185843,0.13295746290421687,1.2284487358634377,10,0
97,47,1.029643794546389,0.3735980276287043,0.13286647265692045,1.2284487358634377,10,0
98,44,1.0469154792365656,0.3669367319189273,0.18835088114521073,1.2284807101154587,10,0
99,42,1.070668486902514,0.34475328975717145,0.18835137158720905,1.2284807101154587,10,0
100,46,0.9758859992414919,0.42121708011499237,0.13366490411348003,1.2284807101154587,10,0
