gen,nevals,avg,stddev,min,max,run,representation
0,50,-1.0099999999999998,0.0,-1.0099999999999998,-1.0099999999999998,3,9
1,46,-0.5913999772722784,0.49191333885446215,-1.0099999999999998,-0.013333202202318682,3,9
2,45,-0.4692023848298151,0.5393587615908347,-2.0160000220384204,0.14587970296515587,3,9
3,45,-0.46225579113425413,0.5836582922768856,-2.015999999715319,0.2183301927894156,3,9
4,46,-0.18211597602672952,0.44859268671385477,-1.0150000143014257,0.23445113132993511,3,9
5,46,-0.33614025679514264,0.6894705887778958,-2.0160000144229406,0.3395782873825934,3,9
6,49,-0.3164144367827013,0.8728000040186582,-4.019999994141643,0.5143285833807961,3,9
7,41,0.05708016050563113,0.48897130015194823,-2.015999990101516,0.5144437784927188,3,9
8,44,0.01020397205832157,0.6837334724608982,-2.0199999725248277,0.8120828928703502,3,9
9,44,0.008764770320498334,0.7671029229034607,-3.0166666272212006,0.8129768196504336,3,9
10,48,-0.09281229775158796,0.9807212828568961,-3.0166666739312147,0.8129768196504336,3,9
11,45,-0.20181244374673074,1.2558280753093343,-4.017142958209297,0.8129768196504336,3,9
12,46,0.046615107423784996,0.8543616065551953,-3.0166666800114004,0.8123082668511129,3,9
13,48,-0.09959088050313428,0.9351645763386741,-3.016666676263546,0.8129768196504336,3,9
14,43,0.29947681782147734,0.3900768553061376,-2.0160002205264616,0.8449172022341963,3,9
15,46,-0.12242963264814573,1.199452760313724,-4.020000030106886,0.8120828928703502,3,9
16,45,-0.34493841951949816,1.3774014744151426,-4.017142923447583,0.8113964124686199,3,9
17,44,0.1631275906425139,0.6469962299801229,-3.016666727687786,0.8137562771947615,3,9
18,46,-0.061482471634562434,1.1025528213460802,-5.0174996767597015,0.7060120813355271,3,9
19,49,0.07480369048912189,0.7740529236035919,-2.01600001982006,0.8137562771947615,3,9
20,48,-0.09076047189483359,1.0188136210200525,-3.0166666858793674,0.8137562771947615,3,9
21,46,0.12358960777201997,0.8137773070770908,-3.0166666800114004,0.8112474589130203,3,9
22,46,0.2814696537650008,0.5478156788639806,-2.0159999998489266,0.8202764093674679,3,9
23,45,-0.04432708698599326,1.2188602211948967,-5.017500069840227,0.8202764093674679,3,9
24,43,0.23958856266880668,0.8278758840020136,-4.019999972570529,0.8202764093674679,3,9
25,48,-0.13034607429626446,1.3071465072405788,-5.020000005140616,0.7296197665713424,3,9
26,46,0.16182083424798654,0.751268294869952,-3.016666658600629,0.8128254675368665,3,9
27,47,0.09543525719652626,0.9158984957056184,-4.019999955556339,0.7285108364960704,3,9
28,43,0.1842281431357568,0.7885777162126415,-3.0199999979482484,0.8113964124686199,3,9
29,45,0.29291519290215995,0.7868993297334667,-5.017499988254641,0.8417654892319044,3,9
30,45,0.39703017760395115,0.6342794579825065,-3.0166666600211385,0.8417654892319044,3,9
31,49,0.20675437345042447,0.5981307331759823,-3.0166666496165755,0.8393447526532871,3,9
32,43,0.42889302732591283,0.198225760870504,0.08274667388129785,0.8393447526532871,3,9
33,47,0.2947404652582636,0.2644790377196091,-1.0099999999999998,0.7073329067427503,3,9
34,46,0.17485222177646859,1.0737208277601138,-5.017500039597789,0.7216434170715799,3,9
35,46,0.21699010890243117,0.9082673224072471,-5.017500039597789,0.8112474589130203,3,9
36,47,0.3540215894650792,0.18230345142564924,0.07486050698128809,0.7330626067512257,3,9
37,43,0.3929648474997329,0.19197760887959706,0.08490505789555432,0.7330626067512257,3,9
38,45,-0.07216935673825851,1.6234686915333922,-8.01818183918465,0.7330626067512257,3,9
39,46,0.08448087819277024,0.9197650005569572,-4.019999996316747,0.7330626067512257,3,9
40,47,-0.16012380533076626,1.395799108322622,-6.017777772314655,0.7330626067512257,3,9
41,44,0.2903900756332492,0.503111924328393,-3.01666661484954,0.8066021301176969,3,9
42,47,0.28470765623661337,0.4095861938187156,-2.016000179997111,0.7330626067512257,3,9
43,48,0.2165851174657505,0.5237989579288994,-2.016000014559733,0.689785070203948,3,9
44,44,0.38192752664635143,0.18061788080568889,0.08604872021132881,0.8188263029332942,3,9
45,45,0.1511636801866258,0.9736439012519941,-5.019999896038149,0.689785070203948,3,9
46,47,0.34971997230358726,0.38449185798969865,-2.0160000540086553,0.8598420933767964,3,9
47,47,0.29568488059337317,0.7797702580493753,-5.019999986999769,0.8598420933767964,3,9
48,44,0.305885755155437,0.7846364544964135,-5.017500039597789,0.8598420933767964,3,9
49,44,0.1617315075893853,0.9204519762109299,-4.01714287368884,0.8598420933767964,3,9
50,46,0.2372492353967764,0.907169265420289,-5.017499955561423,0.8598420933767964,3,9
51,46,0.28583025380211013,0.6495165929570773,-4.017142902207067,0.8774193820456441,3,9
52,45,0.22539618642672316,0.9371607268629659,-6.019999985208987,0.8774193820456441,3,9
53,48,0.35887154736979066,0.1874988226609999,0.0803733844458793,0.8774193820456441,3,9
54,45,0.3546980615142473,0.4377451673611527,-2.016000004163849,0.8774193820456441,3,9
55,44,0.4382249613911705,0.4130885492672,-2.015999983176719,0.8787099179068364,3,9
56,47,0.31649476124183673,0.7080219685106608,-3.0200000160708522,0.7672185990379172,3,9
57,49,0.3057754733212563,0.7031186058071327,-4.017142825520387,0.727108370848228,3,9
58,45,0.4215387895805482,0.5257082134998243,-3.016666695753242,0.8120828928703502,3,9
59,46,0.43293663209479694,0.23357358646925735,0.07642862638234177,0.8188263029332942,3,9
60,44,0.46532306145063446,0.20892013389083908,0.0855960604762578,0.7955825543285266,3,9
61,49,0.36548008082861855,0.6560589525542734,-4.017142881546592,0.7955825543285266,3,9
62,46,0.43616797967123233,0.21122976999222565,0.09828095373225774,0.8185238990650214,3,9
63,44,0.407129584976498,0.4021550376119432,-2.0160000024500295,0.8481132985248249,3,9
64,49,0.41847991037241633,0.5387414377749888,-3.0166666665343693,0.8774193820456441,3,9
65,49,0.44478153375252655,0.29267522280870817,-1.0099999999999998,0.8762335725243035,3,9
66,45,0.3615801110442925,0.5278848887985457,-3.016666662144726,0.8739216737830866,3,9
67,45,0.5197412819159344,0.23263846020772858,0.08540577245187654,0.8739216737830866,3,9
68,47,0.4211685228528783,0.30617079635516975,-1.0099999999999998,0.8739216737830866,3,9
69,43,0.5138023472362352,0.21843838119642933,0.13925602276917365,0.877840348640163,3,9
70,47,0.33329582986659384,0.814897303512966,-5.0175000027309435,0.8769949086853347,3,9
71,42,0.46066978586556784,0.30263014691478657,-1.0149999837124937,0.8769949086853347,3,9
72,49,0.44799236260436764,0.22887037337787353,0.05286583041610396,0.8780611711601867,3,9
73,46,0.4631491142351107,0.22053445400011942,0.08536315238417222,0.8720185574770397,3,9
74,45,0.3945070703213937,0.40091483465176103,-2.0159999956128667,0.9337891710322404,3,9
75,46,0.36077276567938976,0.6668220255720141,-4.017142855834445,0.9337891710322404,3,9
76,45,0.3788603145692146,0.5800811259749891,-3.0166667647922285,0.9337891710322404,3,9
77,47,0.45673776293869417,0.26706453623838916,0.08477359080012671,0.9326702447695563,3,9
78,49,0.42609464113846085,0.23117604621062773,0.10001320033011227,0.842764462715385,3,9
79,45,0.44849850261779445,0.22904488950348276,0.09289018247813832,0.916092568716263,3,9
80,49,0.2657405621575887,0.8309145955950592,-5.017499984051835,0.7575866350595107,3,9
81,43,0.37453698858428536,0.5254524147041625,-3.016666662144726,0.7575866350595107,3,9
82,48,0.40022450388531605,0.4002492142315429,-2.0159999973607516,0.7858650254457149,3,9
83,45,0.4641335218099583,0.22132425344363035,0.09720559949845015,0.8999465594117557,3,9
84,48,0.44903741415546766,0.20892152048180188,0.10491335020332548,0.806927183536673,3,9
85,43,0.4799954142624625,0.19487741880792522,0.11237164778816582,0.7539524045338785,3,9
86,46,0.4747963858164861,0.20387494145442622,0.08331097535795821,0.876967851034388,3,9
87,47,0.4024398968835186,0.4078780480396213,-2.0160000011332593,0.9436106876954893,3,9
88,46,0.4364003220397765,0.2423465877519426,0.11632111001458413,0.8844296772026242,3,9
89,47,0.4319118740101054,0.2288710500677585,0.10286454677810966,0.8707530440858907,3,9
90,47,0.5003165103211797,0.20989089209993883,0.15729812281477779,0.8136435236621498,3,9
91,46,0.39286105967514123,0.4188439193745965,-2.015997866970909,0.8746888698096995,3,9
92,48,0.45582669051328034,0.2532965811595809,-0.013333442017808783,0.8707530440858907,3,9
93,45,0.3911091930995474,0.6782019358554386,-4.017142855425437,0.9005258065229939,3,9
94,47,0.4350893638323037,0.24954353229111056,0.09600901414851866,0.90318274364811,3,9
95,41,0.5035970902358955,0.24030430223998875,0.11051453281750466,0.9041261786524208,3,9
96,45,0.48283510529147305,0.23044428526107988,0.12415821871521696,0.9041261786524208,3,9
97,42,0.22702229186861028,1.4008503465718034,-7.017999978091364,0.9005258065229939,3,9
98,48,0.3406178429998338,0.8717226716992261,-5.0174998873865215,0.896222611859808,3,9
99,46,0.48906329199569826,0.31472227519785734,-1.0150000812353415,0.896222611859808,3,9
100,47,0.3908374177199336,0.8029821844680046,-5.017499987104179,0.895323738000643,3,9
