gen,nevals,avg,stddev,min,max,run,representation
0,50,-1.0099999999999998,0.0,-1.0099999999999998,-1.0099999999999998,3,0
1,42,-0.9702666698688425,0.3433494017021727,-2.01,-0.013333334711373998,3,0
2,46,-0.7105075917373368,0.49931333137346745,-2.01,0.021287246284423075,3,0
3,45,-0.3712484547783045,0.5197584149280748,-2.01,0.021287246284423075,3,0
4,46,-0.16867383331498556,0.3680058339510195,-1.0150009238712887,0.0594785325466951,3,0
5,47,-0.12048150879062439,0.3288481808145599,-1.0150001776898312,0.0594785325466951,3,0
6,47,-0.07571331611017182,0.4237163561033637,-2.0199998570346893,0.1318659181686021,3,0
7,47,0.006116748263995569,0.26436904411954043,-1.0149999737424298,0.3221121895017095,3,0
8,42,0.06877227386757447,0.38574154905986807,-2.0109576157466345,0.45167527372391214,3,0
9,45,0.19968050462785683,0.20531717671683536,-1.0099999999999998,0.4536762190162123,3,0
10,47,0.22432388268539863,0.3371209211923094,-2.006891208309652,0.4536762190162123,3,0
11,45,0.3013213603912692,0.2180664065493991,-1.0200000102411522,0.4536762190162123,3,0
12,44,0.3305885802938638,0.23276021599271085,-1.0149999877145777,0.4884278388217831,3,0
13,48,0.33088193726006104,0.24096320546188157,-1.0149999892222177,0.48845048010729125,3,0
14,46,0.37023309875512084,0.24801010899698184,-1.0199999999999994,0.49208308210680596,3,0
15,47,0.3086530436771705,0.32251711020891494,-1.0249999981046511,0.5112666786025246,3,0
16,46,0.3722949652371759,0.17042218503311712,0.03823638086443891,0.5112666786025246,3,0
17,46,0.38027758994717886,0.15987130683647927,0.03491787143114201,0.5112666786025246,3,0
18,46,0.2927942299981219,0.3229992120703639,-1.025000001269844,0.5112666786025246,3,0
19,44,0.3711571113205152,0.2601460748922026,-1.0150000154898464,0.5112666786025246,3,0
20,44,0.4219249133983906,0.24181328290487905,-1.0150000154898464,0.5387472921385635,3,0
21,46,0.40112396176432463,0.17068526957943952,0.0049435553320183925,0.5387472921385635,3,0
22,48,0.3742475418577164,0.26191275161633554,-1.0150000044267982,0.5387472921385635,3,0
23,48,0.37047704019632627,0.3210055659648666,-1.0150000044267982,0.5387472921385635,3,0
24,45,0.3401289887748813,0.3283133991348294,-1.014999848712654,0.5387472921385635,3,0
25,43,0.42142984757675267,0.2479827265640508,-1.0149998486347753,0.5387472921385635,3,0
26,45,0.35530211778621107,0.4250373792435915,-1.0149998487183876,0.6221411012537875,3,0
27,48,0.41256349262557146,0.2688788297652153,-1.0149998487183876,0.6229206710829865,3,0
28,45,0.4363544070853164,0.34004285118309785,-1.0149999882299594,0.6367145868705365,3,0
29,47,0.5434909931956021,0.1441669046358451,0.1230505661584768,0.6797354122078915,3,0
30,46,0.5603937234967242,0.15665229362482852,0.1367149949552171,0.7060150118278471,3,0
31,43,0.5470298423691764,0.20211623159340467,0.021737145729058376,0.7060150118278471,3,0
32,49,0.6246915514283277,0.14004925346439312,0.10703162532499388,0.7133665290472376,3,0
33,45,0.6182774523353476,0.16314099964877907,0.10118629770726602,0.7133665290472376,3,0
34,46,0.5312931444389717,0.23037096473412846,0.09045188018968547,0.7133665290472376,3,0
35,48,0.5833180884958135,0.21468567534646704,0.10113267718396403,0.7133716217771263,3,0
36,43,0.5984342501691929,0.2084108181276005,0.08304620550718139,0.7133716217771263,3,0
37,47,0.6056945942493975,0.21120776611992081,0.09516102944253196,0.7133716217771264,3,0
38,46,0.5924605632137979,0.19624667354095185,0.12152739086372603,0.7313665296009273,3,0
39,48,0.6277416151268915,0.1725914824220058,0.08586590902637398,0.852638441021345,3,0
40,47,0.5879128719990797,0.22010033609322668,0.09533590239470409,0.852638441021345,3,0
41,45,0.6019466139335264,0.2363822393468188,0.08005346574867278,0.8530024043302726,3,0
42,46,0.5278031798720901,0.27793525462724983,0.04829947165202278,0.8530024043302726,3,0
43,48,0.5580381940092911,0.2934204493871491,0.07922021432764421,0.8530933589413561,3,0
44,46,0.48372326369574686,0.3322379778101742,0.06547085619872894,0.8535593165543545,3,0
45,47,0.5535921431063372,0.3282391138740213,0.09788353766212793,0.8535593165543545,3,0
46,47,0.5476360215949465,0.32806331972401703,0.09501334649831282,0.8535593165543545,3,0
47,47,0.5402281712938536,0.35556840307702564,0.06797940754965567,0.8723826656749736,3,0
48,49,0.4611905737060698,0.34714728057223765,0.06961567134869745,0.8723826656749736,3,0
49,48,0.5778494914448941,0.34119411410341255,0.071493720861352,0.8805476925885619,3,0
50,45,0.6180999356063162,0.3361325444334865,0.062213181457888754,0.881482234433403,3,0
51,45,0.6473961551213016,0.3264347940402795,0.09333820644574357,0.8816353915107731,3,0
52,47,0.5859062533374506,0.3290757111768414,0.09860339494362703,0.8816353915107731,3,0
53,45,0.6241713858505817,0.31640075550576335,0.08584149977348074,0.881482234433403,3,0
54,49,0.4949944217281241,0.32973680929881943,0.0962535470419104,0.881482234433403,3,0
55,49,0.596572885042697,0.31472142096013844,0.08224517628327456,0.9032904617568056,3,0
56,46,0.554589202315712,0.3512224089442522,0.06650131945198466,0.9034137762652632,3,0
57,48,0.5620442594546142,0.33453369962400853,0.06662503336133326,0.9034137762652632,3,0
58,47,0.601032872387266,0.3282585399373559,0.08776358861172724,0.9070402429606185,3,0
59,45,0.6297664529040002,0.32832405566086365,0.08776358861172724,0.9070402429606185,3,0
60,48,0.5706549424870458,0.34482245572250114,0.08788076438852267,0.9070402429606185,3,0
61,45,0.5835457946256338,0.3283971298194242,0.09419847754439867,0.9070402429606185,3,0
62,48,0.6757938489077592,0.3183824703430947,0.11225510872099813,0.9072737946495115,3,0
63,47,0.6897309315712171,0.31920974025371485,0.11339955833434494,0.9113914538704249,3,0
64,46,0.709333530922065,0.3046274161752005,0.10154453346552858,0.9113914538704249,3,0
65,48,0.6706417109500827,0.3079483619486588,0.12340489294175691,0.9113914538704249,3,0
66,47,0.6495666479786343,0.331114559929578,0.10309628659151601,0.9133428792125329,3,0
67,46,0.6217161610244578,0.3466383171547414,0.06262259110099336,0.9133428792125329,3,0
68,48,0.6491134338909444,0.3397726975214001,0.11773089225650929,0.9133428792125329,3,0
69,48,0.6462141122580886,0.32993162180976476,0.14328564554586826,0.9250635902767481,3,0
70,45,0.6821170031324718,0.3238546806272647,0.09373124637548334,0.9272235307820309,3,0
71,44,0.6904859925083713,0.32167986373672713,0.15220947670546153,0.9274950037362675,3,0
72,50,0.5945425415975931,0.34182379623680087,0.11773089225650929,0.9274950037362675,3,0
73,45,0.576373567920164,0.3363255707157713,0.10640118847954438,0.9274950037362675,3,0
74,47,0.6544056520342301,0.32030092085953354,0.10839699924167637,0.9274950037362675,3,0
75,47,0.5702292674707982,0.34718119582043167,0.13487905351705096,0.9274950037362675,3,0
76,43,0.603774980626104,0.3400041469550911,0.11715784615677471,0.9274950037362675,3,0
77,44,0.6960984953672272,0.30908703193353404,0.12357311118798973,0.9275426985285309,3,0
78,47,0.7845945337344523,0.2571176661400522,0.15479497017365762,0.9279764347184574,3,0
79,47,0.6144618148822911,0.3362413724569217,0.0667902107696789,0.9279764347184574,3,0
80,46,0.6390693572110414,0.337206661211997,0.10348929703365281,0.9279764347184574,3,0
81,42,0.6759380334929743,0.32629721878284124,0.11793957418311604,0.9279764347184574,3,0
82,47,0.6759690139504481,0.33993746697528454,0.12245095610789601,0.9280753381511538,3,0
83,46,0.6318969220249548,0.3283699479307274,0.09013478327339132,0.9350380078181213,3,0
84,43,0.5750630139138078,0.3548217322000824,0.15368518118356853,0.9282366557062341,3,0
85,46,0.5739577754300773,0.3443119998575117,0.11694633522671359,0.9283449558336535,3,0
86,47,0.6615912122851428,0.32010018278420743,0.0706823911603268,0.9283449558336535,3,0
87,45,0.6906177314006867,0.32223053079292524,0.12169946572929291,0.9500472994600443,3,0
88,45,0.7295346576522275,0.31256957200683877,0.15384025727549291,0.9500472994600443,3,0
89,45,0.6131351567307248,0.35491979183384464,0.0907980188139897,0.9511353695331861,3,0
90,47,0.5993201162042479,0.35460362591871714,0.11842770439097396,0.9511353695331861,3,0
91,44,0.7118502366991227,0.3316859410948689,0.17913347227830909,0.9511353695331861,3,0
92,45,0.6597730237377877,0.3337809197025121,0.1298078579198695,0.9563398886858259,3,0
93,47,0.613384939119089,0.35440393031602446,0.1159561938940935,0.9572895508187764,3,0
94,47,0.7132373182948012,0.3401931607602938,0.1257828971488771,0.9572895508187764,3,0
95,47,0.7022247934035196,0.3276056048839685,0.1233936134190459,0.9572895508187764,3,0
96,44,0.7396094150519318,0.32475478923839013,0.13260870580693604,0.9573890196726257,3,0
97,46,0.6766402192745754,0.34832790133471636,0.10627375767955331,0.9573890196726257,3,0
98,45,0.6702067268471029,0.3443308741735466,0.12550699815662728,0.9581446666967129,3,0
99,50,0.6381203589671428,0.347016766378528,0.11284761865869475,0.9581446666967129,3,0
100,47,0.6838710524742124,0.33325662743658396,0.1292229338343182,0.9581446666967129,3,0
