gen,nevals,avg,stddev,min,max,run,representation
0,50,-1.0099999999999998,0.0,-1.0099999999999998,-1.0099999999999998,9,4
1,47,-0.950199999999904,0.2366952189353348,-1.0099999999999998,-0.013333333331737479,9,4
2,44,-0.7112000011969374,0.4568620050456253,-1.0150000000428947,-0.013333333331737479,9,4
3,44,-0.29269999850512984,0.44798461083085694,-1.0150000178317327,-0.013333107822226185,9,4
4,48,-0.1733999971902341,0.3667598336489531,-1.0150000241803767,-0.013333136677045675,9,4
5,50,-0.13343333477125266,0.32523297795418393,-1.015000008051883,-0.013333136677045675,9,4
6,44,-0.13353333164573516,0.3255031384830099,-1.0150000140174995,-0.013333136677045675,9,4
7,48,-0.17329998324865087,0.36653096501485016,-1.0150000064993092,-0.013333136677045675,9,4
8,44,-0.11339997149277105,0.30020066776357335,-1.015000008095674,-0.013333136677045675,9,4
9,45,-0.09336662788294944,0.27140694184996267,-1.0150000107843766,-0.013333107822226185,9,4
10,47,-0.05264138168885121,0.1959851363204965,-1.0150000117056617,0.019594423918026783,9,4
11,49,-0.15071647666815846,0.3488498793996009,-1.0150001416172796,0.030452226366823622,9,4
12,44,-0.12207599935325315,0.3304677342484079,-1.0150003012112598,0.1745863014708551,9,4
13,45,-0.19226688363550426,0.4830847095541494,-2.0159999493861527,0.17466179772048035,9,4
14,44,-0.331027116021425,0.6701008108090887,-3.016666639461629,0.1746860539217266,9,4
15,45,-0.34878839925784105,0.7060425637028869,-3.0166666677829186,0.1810807015554105,9,4
16,44,-0.31295967138545183,0.5865571469612286,-2.0160002015615706,0.1810807015554105,9,4
17,50,-0.20318876615786888,0.583049054592546,-2.016000042728613,0.1811009432546009,9,4
18,46,-0.2955329930765665,0.6921816821085108,-3.0166666677128635,0.18111015471159253,9,4
19,45,-0.21186229528066444,0.5784221722406414,-2.016000010666776,0.18109558304146656,9,4
20,45,-0.25395785022195605,0.5830475409207968,-2.0160000398935263,0.18204132592680777,9,4
21,48,-0.2602790344432239,0.544492580357512,-1.015000088797299,0.1820493224879949,9,4
22,46,-0.2106219258778278,0.5053731213702307,-1.0150001386364822,0.18236627703633784,9,4
23,42,-0.09390947737485911,0.5059660261804083,-2.0160000115668044,0.23487347485946822,9,4
24,47,-0.18655693512612026,0.5201277812390479,-1.0150000512759214,0.23487347485946822,9,4
25,46,-0.12282494401902101,0.5565904139221868,-2.0159999352031726,0.23509812162741278,9,4
26,45,-0.19963135455182582,0.5737815428716929,-2.0110456421759,0.23513029662705554,9,4
27,45,-0.12243054169058229,0.5070621452685543,-1.0150000861605182,0.261400816952434,9,4
28,50,-0.10868311607143126,0.5141921374121678,-1.0150002184014402,0.23530686490879038,9,4
29,45,-0.052811925279386614,0.457532032360202,-1.0150002184014402,0.23534064137335614,9,4
30,47,0.03398554895100152,0.39470644282748457,-1.0149999811208148,0.23546081545774136,9,4
31,45,0.0007969143659382957,0.4170763445121545,-1.0150002238343014,0.2617671451529652,9,4
32,47,-0.15153871747119566,0.6333899722545492,-2.0160000142784,0.2617672869387118,9,4
33,46,-0.0706400530544676,0.5073352331762406,-1.0150002237787854,0.26178313212817583,9,4
34,45,0.021454748983588897,0.4266307003465239,-1.0150002242814788,0.26831562374664686,9,4
35,47,-0.006485716816853729,0.47746411651445814,-1.0150002213220737,0.2683388143808343,9,4
36,47,-0.06348691425680884,0.5115453576584155,-1.0150002210591214,0.2683388143808343,9,4
37,41,0.10224719094655026,0.38164328469101766,-1.0149999853797553,0.3207156206204086,9,4
38,49,-0.11613388871686878,0.5649003064612071,-1.0150002009266388,0.32071838511826,9,4
39,45,0.12792626795173748,0.38820809239195553,-1.015000087443163,0.32071838511826,9,4
40,49,-0.08905280506588475,0.5912547711966913,-2.015999992446758,0.3246261855814864,9,4
41,43,0.06755289573137148,0.4473153004264016,-1.015000093549631,0.3246261855814864,9,4
42,42,0.09658495621350212,0.45402488868593827,-1.0150000849504317,0.32657854950368725,9,4
43,42,0.06334422322854047,0.47729475708147323,-1.0150000483114499,0.33243467527050946,9,4
44,50,0.054941498959024136,0.5175150510255264,-2.016000128428225,0.3324350897994428,9,4
45,45,0.02868155288408079,0.5273591237237589,-1.0150000635505971,0.40079049303834985,9,4
46,47,-0.0748644051514577,0.5646993361889924,-1.0150001653671106,0.3343905597947394,9,4
47,47,0.12328838948232654,0.4285649191257805,-1.0150001091779814,0.3392729369817142,9,4
48,47,0.19771054266597132,0.31949523256636403,-1.0150000376743167,0.3392729369817142,9,4
49,48,0.15636529592939208,0.39672513833199013,-1.0150001053121307,0.3392729369817142,9,4
50,49,0.03029569660083729,0.5025396233667263,-1.0150000241896697,0.3392729369817142,9,4
51,48,0.00776350853857918,0.5820269861945041,-2.016000060197124,0.3392729369817143,9,4
52,49,0.08314435076493748,0.5242739512682786,-2.0159999423373898,0.34349645978888693,9,4
53,46,0.16324543253912488,0.3598013486141661,-1.015000109307273,0.3435056367482477,9,4
54,45,0.18966047233834338,0.366802755968225,-1.01500002911935,0.40172732428957103,9,4
55,44,0.11645186672901535,0.5324395771460575,-2.0159999973248723,0.40202116754529704,9,4
56,45,0.16824318688651835,0.4431773444835469,-1.014999993660684,0.43291734697188705,9,4
57,48,0.2872724137584523,0.2815297795693979,-1.0150000519420437,0.43291734697188705,9,4
58,49,0.245165105731661,0.47273969336471455,-2.0160000008275327,0.4667279870368342,9,4
59,48,0.1707224364613912,0.5692164693599563,-2.016000040611243,0.4667279870368342,9,4
60,48,0.2992636842228425,0.3566137318045906,-2.0160000391581594,0.4667367517098227,9,4
61,45,0.2611775444464246,0.4011995942593193,-2.0159999732045706,0.47392110157178424,9,4
62,47,0.05596029726497001,0.7511415323942912,-2.016000040611243,0.4739265178171747,9,4
63,45,0.19142457212800243,0.5800090988031017,-2.015999974880986,0.4741359395272658,9,4
64,41,0.2251336870178443,0.5817231334733015,-2.016000007322257,0.4741359395272658,9,4
65,48,0.302032038149169,0.5006464291412844,-3.016666672746305,0.4741563098525473,9,4
66,47,0.2772566896446339,0.48797178821502896,-2.015999950864732,0.4741563098525473,9,4
67,48,0.241729194410855,0.5528643702318541,-2.015999999934846,0.4743795371268719,9,4
68,48,0.2450863100490588,0.4441603610761991,-2.0160000394101942,0.4744265138292928,9,4
69,46,0.2862934946026786,0.48779786623650706,-2.016000010780787,0.4746046551857972,9,4
70,45,0.25084880922497865,0.5862328177552375,-2.0160000369697677,0.4746085264693316,9,4
71,45,0.11829114888523833,0.7486003389140844,-2.0160000394101942,0.4746085264693316,9,4
72,47,0.2575329346724805,0.5852593524365705,-2.016000035301223,0.49665770065048137,9,4
73,46,0.21110632595856174,0.6655551745154931,-2.0160000200702037,0.49549710491216764,9,4
74,41,0.3488999587836613,0.360574859694352,-2.016000022329518,0.49549710491216764,9,4
75,46,0.13317145175930664,0.7003048658698509,-2.0160000118844246,0.5479197374086701,9,4
76,43,0.3018829077635075,0.4059782588129397,-2.0160000118844246,0.5479197374086701,9,4
77,47,0.3993292443313149,0.23557020688162167,-1.0149999188627572,0.6388672724637481,9,4
78,47,0.36894501718455663,0.5120490076923954,-3.0166666524871686,0.6451409589273952,9,4
79,44,0.43540506723970407,0.26103225915314915,-1.0149999894077197,0.6452987174580359,9,4
80,45,0.4969474729136812,0.15654903120046523,0.05039187487789049,0.6500577298130372,9,4
81,48,0.4342570042207038,0.19293227572395905,-0.013333175583208717,0.6566150846329526,9,4
82,43,0.4771170316710217,0.1922086740469498,0.07871791286599647,0.6566150846329526,9,4
83,48,0.4832891754997551,0.1965056947139016,0.028176067381646953,0.6679907130664846,9,4
84,43,0.4500396692293798,0.34390463939894134,-1.0099999999999998,0.6700214249875046,9,4
85,48,0.47344020357941546,0.29570703909709345,-1.0099999999999998,0.6700214249875046,9,4
86,47,0.43013239996010505,0.29202145597816365,-1.0099999999999998,0.6738315618484202,9,4
87,44,0.5252441638275243,0.19250616617319852,0.021165815806394227,0.7684516935539345,9,4
88,47,0.5002347890552997,0.19904532603900518,-0.013333323756376287,0.7684516935539345,9,4
89,45,0.5685518924377905,0.19516400064715075,-0.013333344587540688,0.7878073900987191,9,4
90,45,0.5514977730596793,0.20220320456658922,0.039395598151168096,0.8013920221045784,9,4
91,47,0.5862254530303143,0.2115404709473878,0.1325389448488193,0.8014322249715388,9,4
92,48,0.5330700592127626,0.31540837927794546,-1.0099999999999998,0.9731210674542455,9,4
93,46,0.6883065614632368,0.2094438044622214,0.06972808398709827,0.9989305332636245,9,4
94,49,0.6288761219194301,0.2841142101773302,0.07045733526114936,0.9740226812908755,9,4
95,47,0.6496885170015025,0.4291794468987669,-1.0099999999999998,1.0838938883025993,9,4
96,44,0.7112155352768795,0.27218909618549353,0.16054421040160977,1.0838938883025993,9,4
97,48,0.6337999725051374,0.3784628533523564,-1.0099999999999998,1.0838938883025993,9,4
98,43,0.7551646044442337,0.29448527113194317,0.1628053286214965,1.0839219792946093,9,4
99,47,0.7433766082566038,0.30079845331852495,0.02559571626771177,1.089178868217993,9,4
100,46,0.652446268881993,0.6716435206961703,-3.0166666580713093,1.090179110508347,9,4
