gen,nevals,avg,stddev,min,max,run,representation
0,50,-1.0099999999999998,0.0,-1.0099999999999998,-1.0099999999999998,5,1
1,47,-0.8106666666663473,0.39866666666730494,-1.0099999999999998,-0.013333333331737479,5,1
2,48,-0.6119333322882785,0.4887573098462241,-1.0150000000428947,-0.013333318611476526,5,1
3,45,-0.3532866642748688,0.5142441446662425,-2.0159999999841025,-0.013333318611476526,5,1
4,48,-0.273466661156349,0.43886050027035534,-1.0150000000428947,-0.0133333165346047,5,1
5,45,-0.2931999946894551,0.4487869904161229,-1.015000024143896,-0.013333307716814072,5,1
6,47,-0.25333332631465405,0.42708469383937325,-1.015000024143896,-0.013333307716814072,5,1
7,47,-0.1930333227757174,0.3835484486239638,-1.0149999887474395,-0.013333307716814072,5,1
8,48,-0.27316665496659487,0.43835491511956054,-1.0150000001901438,-0.013333184819176835,5,1
9,45,-0.35289998537586714,0.473107209623292,-1.0150000001122885,-0.013333184544105262,5,1
10,49,-0.35143788915415264,0.47425939699384323,-1.0150000035116378,0.05760023310191243,5,1
11,43,-0.2914506761378545,0.4495409774139999,-1.0150000347984978,0.05760023310191232,5,1
12,45,-0.32946072551092415,0.5103237377359634,-2.01600002000073,0.04958651640055279,5,1
13,47,-0.4633338539550622,0.6766734636140073,-2.0160000220591545,0.07440008327998443,5,1
14,46,-0.2867706810819935,0.6544821193074322,-3.016666692290484,0.13304034194245243,5,1
15,43,-0.44125900749493285,0.950533035282839,-4.017142861449889,0.16887695336055747,5,1
16,46,-0.404454603522868,1.0378805453541569,-4.017142850972648,0.1699498562932092,5,1
17,49,-0.005587930759194096,0.30113537607704105,-1.0150000033071358,0.17746469517374963,5,1
18,46,-0.10377514268390009,0.6397187330757879,-3.0166666640828352,0.25215608345659823,5,1
19,48,-0.17986295512974038,1.1032172704125096,-5.0175000031511745,0.27765065372470815,5,1
20,46,0.15172305699472152,0.18209887538247058,-1.0099999999999998,0.2816918018818834,5,1
21,44,0.012521094735387973,0.5231204094217363,-3.0166666662495096,0.4350499686486594,5,1
22,45,0.1682581180892782,0.2011851991315294,-1.0149995348086722,0.4350499686486598,5,1
23,46,0.1455343443561116,0.46615720834924557,-3.0166666665682524,0.4350499686486598,5,1
24,48,0.06770040884793582,0.7156991454404297,-3.0166666665682524,0.43504996864865964,5,1
25,47,0.21673009826983933,0.4785249563987237,-3.0166666665682524,0.45377988005692915,5,1
26,47,0.3091176618206491,0.1459179725968698,0.005339763983147605,0.4787821377439137,5,1
27,46,0.332877306222602,0.16172636555737163,0.003587727887172072,0.5795825766585495,5,1
28,49,0.333950945104801,0.16611094842271704,0.003587727887172072,0.5795825766585495,5,1
29,48,0.31166700695345095,0.19840757671951964,0.0033791916618414342,0.8756736684998082,5,1
30,49,0.25748097539612824,0.6458858511338469,-4.017142855284829,0.8756763781225216,5,1
31,47,0.09164648210785926,0.9170761745023827,-3.0166666664110644,0.8795159730539613,5,1
32,45,0.2682040724872697,0.7626470263879465,-4.017142856611666,0.8795159730539613,5,1
33,47,0.029859520997972087,1.2647495024795004,-5.017499999597061,0.9341799521614961,5,1
34,46,0.17478665372534613,1.0891488095148092,-4.004158543359916,0.9341799521614961,5,1
35,46,0.3753083588528808,0.7227990243250553,-4.017142858968292,1.212051084587116,5,1
36,43,0.2861837683392029,0.935189098373823,-4.017142857616687,1.212051084587116,5,1
37,49,0.3738271236653443,0.6093879206445522,-3.0166666698324383,1.0483367497779397,5,1
38,45,0.48225736038944966,0.7237336347041795,-4.0171428567677925,1.0483367497779397,5,1
39,47,0.43184919253629644,1.1816787131756044,-5.017500049601141,1.0610539010529645,5,1
40,47,0.6512019094394949,0.3531794855774602,0.0222671263263106,1.0483367497779406,5,1
41,47,0.09947530234268313,1.4863635532252228,-5.017500002301094,1.0678478514742433,5,1
42,48,0.6617685097840571,0.3705054667740969,0.0782667804436724,1.1254766609271085,5,1
43,48,0.523097552529836,0.878579270122056,-5.017499999585511,1.1586655587403325,5,1
44,49,0.49424402192903705,1.012666040848987,-6.017777749466977,1.203276637760194,5,1
45,48,0.4278105364979926,1.0085868003957046,-5.017499999903289,1.203276637760194,5,1
46,47,0.5026228069763976,1.0131103734880427,-6.017777778805283,1.203276637760194,5,1
47,44,0.7211547957405948,0.41930415436431295,0.03642556910587418,1.203276637760194,5,1
48,46,0.5744609975800435,1.202544833926242,-5.017500000014215,1.3443888931384973,5,1
49,48,0.3715674125708994,1.351072437740515,-5.017500095210186,1.3443888931384973,5,1
50,46,0.7285692240433843,0.4248636107232134,0.041815168782968225,1.3443888931384973,5,1
51,44,0.5357603902252821,1.5205291298883867,-9.018333333275717,1.3443888931384973,5,1
52,46,0.5601025492612522,1.1211830454089826,-5.017500001586186,1.3443888931384973,5,1
53,47,0.6324239033353827,1.2467109184847207,-6.017777780473845,1.3558913794946803,5,1
54,46,0.5719497791198108,1.6410779015358556,-6.017777780588539,1.4708040769793362,5,1
55,47,0.6087028609252405,1.1644859075268368,-5.017500000378198,1.4863294137161993,5,1
56,49,0.5785319287342624,1.2542150590649175,-5.017499999991419,1.4863294137161993,5,1
57,47,0.44348896422367723,1.2381813816854668,-4.017142857227287,1.4708525931927279,5,1
58,43,0.3734863084996987,1.6985170298414387,-7.017999999481035,1.5272779830001237,5,1
59,47,0.9201562489366646,0.5015684653870711,0.14968765893481678,1.5272779830001237,5,1
60,47,0.624798348303264,1.188385250321286,-5.017499981470061,1.5272779830001237,5,1
61,48,0.7755786907792138,1.1296752814715056,-6.017777776664355,1.5289431748359883,5,1
62,43,0.5514584922625793,1.8345655737723012,-7.018000000104456,1.5296180092018357,5,1
63,44,0.7505844096653569,1.1294904353905744,-4.017142857139061,1.5298236789002673,5,1
64,48,1.0234388343256489,0.5517103773943517,0.1574443051634732,1.5424277795376098,5,1
65,47,0.8699747049954359,1.138505468995974,-4.01714285822961,1.580849236284639,5,1
66,47,0.8693280107279064,0.8957263539995143,-4.010324088608034,1.5548034848009284,5,1
67,47,1.0008275759004994,0.5616183921262372,0.11458664129110213,1.5708575217100285,5,1
68,47,0.7079076050417017,1.3969244876645828,-5.001591288951287,1.5708806555717352,5,1
69,48,1.0561009102247474,0.5944084041753251,0.0010459866221107048,1.5708806555717378,5,1
70,46,0.9067420291860746,0.9043601318249377,-4.017142857002494,1.5708806555717378,5,1
71,49,0.8195982219973069,0.9080023377974414,-4.010266331412356,1.5708806555717387,5,1
72,46,0.8631707874723231,1.2196101944652602,-5.0174999997315615,1.5729853933073612,5,1
73,42,0.9071454239850111,0.9239972775923323,-4.009735225423355,1.5729853933073603,5,1
74,46,0.8240305309471684,1.4133833027933114,-5.011428930239503,1.570880655571747,5,1
75,47,0.953682493303749,0.8917862650576027,-4.010262775883921,1.5868688678812457,5,1
76,46,0.9734466846141417,0.598434720570577,0.07733487371389226,1.5868688678812457,5,1
77,47,0.7000538336092597,1.4062414600415774,-5.006297143605675,1.586868867881247,5,1
78,46,0.7876320448418096,1.3137704895725988,-5.0172206136814115,1.597190429311716,5,1
79,43,0.8985653610208609,1.223646642669412,-5.017500000723998,1.655609641430428,5,1
80,47,0.8729314206475352,1.1499438690989712,-4.010312251245877,1.6298622751577727,5,1
81,48,0.7515668904238284,1.1409352543014686,-4.004479464663926,1.5881980710395316,5,1
82,45,1.0247605200064032,0.5868658959886742,0.0675419734735605,1.588198071039532,5,1
83,45,0.8830007784347299,1.234437677950456,-5.0063542827318805,1.6018838011232839,5,1
84,47,1.0467481259263165,0.8908748879134495,-4.009732991555856,1.6018838011232839,5,1
85,49,1.002868004472784,0.9120730288363893,-4.01024186284102,1.6085952409138673,5,1
86,44,0.8947151865524254,1.4959178304518315,-5.017500000249823,1.6085952409138673,5,1
87,44,1.0887692653289773,0.8966366205401808,-4.009897290436116,1.6085952409138673,5,1
88,44,1.103799744655834,0.923420216931647,-4.0102286723153675,1.608591989592098,5,1
89,48,0.9502306202446467,1.0179861110509243,-5.011406394119656,1.6324369540435282,5,1
90,43,1.0641692135639829,0.9312265840063993,-4.01024186284102,1.8417306946397225,5,1
91,46,1.076279961104929,0.9341966432832535,-4.010077366637769,1.8417306946397225,5,1
92,44,1.1365308324374592,0.924359387463105,-4.010371447601345,1.8418676297881074,5,1
93,45,0.942272806919584,0.8484020210058907,-3.0017458403073136,1.8418676297881074,5,1
94,45,0.8528545224182197,1.40535840382443,-6.017777780571845,1.8418676297881074,5,1
95,45,1.0122313716074127,0.6673738018369644,0.007471927517368609,1.8418676297881074,5,1
96,45,0.9773937418740154,0.9807186753569721,-4.010091169597552,1.8418676297881074,5,1
97,47,0.6125007097550431,1.4621898004762715,-6.014005168810572,1.8418676297881085,5,1
98,47,0.883666095204955,1.0513230847628945,-3.0166666754506903,1.8418676297881114,5,1
99,46,0.8354481250010434,1.2144114342240704,-3.0085555402194024,1.8418676297881114,5,1
100,45,0.6886677420980718,1.3851583139530772,-4.010237537234924,1.8418676297881114,5,1
