gen,nevals,avg,stddev,min,max,run,representation
0,50,-1.0099999999999998,0.0,-1.0099999999999998,-1.0099999999999998,3,4
1,45,-0.9103333333331736,0.2990000000004787,-1.0099999999999998,-0.013333333331737479,3,4
2,47,-0.3723333347960367,0.4786675940774379,-1.0150000000428947,-0.013333316366767402,3,4
3,45,-0.21346666683673643,0.4002676650391863,-1.0150000000428947,-0.013333316366767402,3,4
4,45,-0.11330001066879106,0.2999010184959783,-1.0150003012299396,-0.013333316366767402,3,4
5,43,-0.15346666552209645,0.34731811373163524,-1.0150000122334533,-0.013333184544105262,3,4
6,48,-0.09336666021293055,0.27140692694581653,-1.0149999997469918,-0.013333184544105262,3,4
7,47,-0.07338990169451974,0.23789382059631636,-1.015000020013275,-0.011162533377448791,3,4
8,44,-0.05325656273489335,0.19580562013132397,-1.0149999940672279,-0.011162533377448727,3,4
9,46,-0.1133999750802639,0.3002006750943484,-1.0150001108565354,-0.013333184544105262,3,4
10,48,-0.17331438811177077,0.36679743938192916,-1.0150001108565354,-0.011162533377448791,3,4
11,47,-0.07317511067795579,0.23794890092657664,-1.0150000001901438,-0.011162533377448791,3,4
12,47,-0.11281399930813936,0.3007305378586059,-1.0150001108565354,-0.009070618963211725,3,4
13,45,-0.11243194189377899,0.3008577353137608,-1.015000550645059,-0.011162533377448295,3,4
14,45,-0.03241530687446496,0.14037327286372955,-1.014999953088103,-0.011162533377448295,3,4
15,47,-0.13240631105375875,0.32561375893126837,-1.0149999997469918,-0.011162533377448295,3,4
16,49,-0.07224652009761305,0.23776432341356465,-1.015000076705531,-0.01116246098571382,3,4
17,45,-0.11204220647104744,0.3003218798835373,-1.0150000241803767,-0.01116246085689301,3,4
18,47,-0.03206508720814627,0.14042314013134263,-1.0149997799498185,-0.01115016677873573,3,4
19,48,-0.032108517509412335,0.1404170245847784,-1.0149999212270986,-0.01115016677873573,3,4
20,47,-0.052099281682643585,0.19655397980014955,-1.0150000779013142,-0.011150166778124245,3,4
21,45,-0.0517133827921606,0.19663179920943252,-1.0149999549482207,-0.011150166558602804,3,4
22,49,-0.09195302220361146,0.2718253559167207,-1.0150000779013142,-0.011150153988725467,3,4
23,46,-0.03180378894118681,0.14045982862837325,-1.0150001228749503,-0.011144304755299645,3,4
24,48,-0.11224317378297669,0.7002366166197612,-5.013893874888393,-0.011143702001035248,3,4
25,45,-0.07187865641074422,0.23827737387319928,-1.0149999549481445,-0.009857958166667811,3,4
26,48,-0.09211892720058602,0.33785062238178154,-2.0160000045452824,-0.009857958166667811,3,4
27,47,-0.03201963149727393,0.14043251508008114,-1.0150000247342765,-0.009857958166667334,3,4
28,47,-0.0915738249564131,0.27193885752277464,-1.0150000004837116,-0.00959266834932879,3,4
29,49,-0.051546490530664235,0.19616037116380294,-1.015000015543967,-0.009592668349328417,3,4
30,46,-0.05119445581409361,0.19623194379485123,-1.0150000505543588,-0.009250551620105107,3,4
31,48,-0.0429801995305822,0.20288681292782074,-1.0150000231710667,0.24884133026882527,3,4
32,45,-0.1011813895159245,0.3435649479355487,-1.0149999997469918,0.28148823682364055,3,4
33,49,-0.058771375599495794,0.5006484242433336,-2.016000004017264,0.28148823682364055,3,4
34,48,-0.06085109613209008,1.4695280126419035,-10.018461553751477,0.33192082807583934,3,4
35,47,-0.1481506036362514,1.7955505193259216,-12.018666664687665,0.39229135852987795,3,4
36,47,0.2832249836056676,0.20469802950480961,-1.0150000041521126,0.5856742211357279,3,4
37,45,0.3417731426380057,0.21709694605986293,-1.0150000037422837,0.5856742211357279,3,4
38,50,0.3764074474803756,0.24149776347877905,-1.0149999993594288,0.65849691649852,3,4
39,47,0.3606747729524446,0.4329793356900211,-2.0160000000980167,0.6669883634396646,3,4
40,46,0.5185796514527126,0.13817584753716614,0.02770773123654799,0.7531417705778504,3,4
41,47,0.5650685522345826,0.16137236778870923,-0.013333363371693259,0.8322341289799949,3,4
42,48,0.4180207399265798,0.417549638756357,-1.0150000186446295,0.8089606471956887,3,4
43,42,0.5416982532775481,0.2854804554725629,-1.0149999997469918,0.8143080617341873,3,4
44,44,0.6050871628397122,0.1886996791291042,-0.013333358134125815,0.8705767552761102,3,4
45,48,0.2754018729055871,2.204862352796084,-15.01530820605744,0.9445570390392155,3,4
46,46,0.5921111002050444,0.3765366778724984,-1.0149999996558317,0.9788229845608425,3,4
47,48,0.7070674997134294,0.35421597667920685,-1.0099999999999998,1.00428003877076,3,4
48,46,-0.0024346382690381453,4.001864257583083,-21.017928058204227,1.0599090176278025,3,4
49,44,0.8626366472591688,0.3363272216565787,-1.0099999999999998,1.1020579581772205,3,4
50,45,0.8785130723361269,0.2680037227723927,-0.013333333330891395,1.095300679723907,3,4
51,47,0.9010479991209304,0.26527449966800376,-0.013333420969088468,1.1197462654325052,3,4
52,46,0.42333132708374627,2.892036386672409,-19.019090908869188,1.1362563468596103,3,4
53,46,0.953219499314741,0.3221618704354603,-1.0099999999999998,1.1375989526372292,3,4
54,45,-0.0017156104189349763,4.440652683527318,-24.01595889864279,1.157275215281013,3,4
55,48,0.39819844244896085,3.6884797784344348,-24.00767844208545,1.1691199634510028,3,4
56,48,0.9747530074676859,0.29519008061149954,-0.013333347520191125,1.1815338955432713,3,4
57,47,0.9117273215055272,0.4753114507614153,-1.0099999999999998,1.1785804281693502,3,4
58,40,0.9456433242184715,0.3552161929188579,-0.01333330655234947,1.1785804281693502,3,4
59,47,0.4483455767741005,3.579466763383031,-24.011623206552795,1.238676203935144,3,4
60,50,0.8985150668266221,0.34688330545804946,0.004160589535207408,1.217343268292142,3,4
61,46,0.9681269847812699,0.3085761378326607,0.10296543048051403,1.2249972740080894,3,4
62,47,0.5251934447836737,3.550258882138793,-24.014752498696403,1.235163975824266,3,4
63,47,0.9550249409576262,0.40613437252603507,-1.0021582816225663,1.2588645732486583,3,4
64,46,0.4470516937603139,3.6873921292319944,-25.014949239483876,1.2588645732486583,3,4
65,47,0.42428697353297457,3.694320203107162,-25.014960617034614,1.259110416014025,3,4
66,48,0.41723797800561285,3.7643995874578673,-25.014947871987857,1.2620969082342925,3,4
67,47,0.9644803787265253,0.3610660196819922,-0.013333333592626218,1.2649156911215114,3,4
68,44,0.6700803699384017,2.8242658206180624,-19.018551640139737,1.2854104957046975,3,4
69,46,1.0984409187129358,0.2730899454822011,0.31751125442322625,1.2877187175266447,3,4
70,43,0.6773947189572853,2.8282887006434407,-19.013697684855448,1.2904154850003213,3,4
71,45,1.035307730120804,0.42672507944311283,-1.015000150693395,1.2919341959651782,3,4
72,47,0.9739255117918317,0.39015859958890853,0.0020571578201221082,1.2936903583234889,3,4
73,43,1.0654680536098893,0.3089877954795806,0.11352247852678306,1.2981355366303045,3,4
74,46,0.6099492011775594,2.711259821185135,-18.013413269685373,1.2981355366303045,3,4
75,46,1.0263586156139965,0.3840567920557139,-0.00940269505532002,1.30379701392822,3,4
76,49,1.0380307782685332,0.3669903404865858,0.04913168580035179,1.3038259908686498,3,4
77,44,1.1359845040880776,0.24289416983999296,0.41212393016774984,1.3068427541214032,3,4
78,46,1.09014427135549,0.32221334178480154,-0.013333248715873549,1.3072953563729828,3,4
79,44,1.0987853316293943,0.31942357605057553,0.09495376665878755,1.3074149550347713,3,4
80,49,0.5782003237764104,2.8279983680846543,-19.01242899300944,1.310756110332236,3,4
81,47,0.9785495225812529,0.36618782778003245,0.05947177596526867,1.3116962735191124,3,4
82,45,1.0957434053858273,0.27522090690825285,0.1355305106884376,1.3116962735191124,3,4
83,48,1.0085759410082762,0.3825278566836756,0.030820633749264408,1.3116962735191124,3,4
84,47,1.1228541953764035,0.332598062023474,0.024000483272186013,1.3145406188098292,3,4
85,45,1.0305784626911043,0.4109895276968372,0.022004400604124154,1.3158552251256233,3,4
86,47,0.623811013920146,2.841884210463649,-18.01341016059938,1.3238239980506645,3,4
87,41,1.1422547179360067,0.2654771994937454,0.25263486876996805,1.3238239980506645,3,4
88,49,0.871272978452573,0.5085571988311232,-1.014999980413616,1.3238239980506645,3,4
89,47,1.0793822823851091,0.31226580591737096,0.08258669097800662,1.323823998050665,3,4
90,47,0.9949550322113944,0.4781611740210955,-1.0099999999999998,1.3239073204822236,3,4
91,45,1.104991396845597,0.3174636917355526,0.056055359466675204,1.329347405328585,3,4
92,48,0.8976898017555824,0.5099482824967899,-1.0099999999999998,1.329347627650242,3,4
93,45,0.9928158971917644,0.4622208049365289,-1.0099999999999998,1.329347405328585,3,4
94,49,0.9828984183022764,0.5149692770216274,-1.0099999999999998,1.332329482259262,3,4
95,43,1.0246331528172765,0.44362048220874545,-1.0099999999999998,1.329355354004573,3,4
96,49,0.9210443842113772,0.4575502831691774,-1.0099999999999998,1.3304916860154807,3,4
97,43,1.1116386895186061,0.2982430865564246,0.42310289000425955,1.3304895496512832,3,4
98,44,1.040626317745459,0.4678387342453123,-1.0150000008857176,1.3305845375161653,3,4
99,46,1.0268021219830739,0.39064186738813106,-0.013333380979501019,1.3360578702954624,3,4
100,46,1.1125861966834998,0.34442525938294677,0.01264248783160091,1.3361782308902295,3,4
