gen,nevals,avg,stddev,min,max,run,representation
0,50,-1.0099999999999998,0.0,-1.0099999999999998,-1.0099999999999998,7,0
1,48,-0.9703333346799725,0.3971913863901608,-2.01,-0.013333110038080489,7,0
2,44,-0.7294517890489997,0.6021081975353971,-2.01,0.07407749116377106,7,0
3,44,-0.26295559145964825,0.44348434020865046,-1.0099999999999998,0.11970040210458426,7,0
4,44,-0.09915432157072974,0.3396658193459011,-1.0149999749858416,0.1367402599646112,7,0
5,46,0.032528157399603234,0.2200294946537108,-1.0200000122804234,0.22963305368296533,7,0
6,42,0.029708113010091367,0.3718240191799055,-2.0199396457103185,0.3105981945572513,7,0
7,48,0.09704570043365326,0.2899993550533035,-1.0200000680240746,0.3105981945572513,7,0
8,46,0.23583910148113144,0.06787681523135361,0.006381202097802475,0.3105981945572513,7,0
9,45,0.22478692125920005,0.19184857412582318,-1.0200000729668448,0.3449397765372352,7,0
10,44,0.289172683406868,0.06699839016482187,0.04775980435180944,0.4073283350033023,7,0
11,46,0.31447528304870703,0.05113766903759671,0.19091765380194953,0.5385312391060798,7,0
12,44,0.36691818729986947,0.08075348764707137,0.24598416325938097,0.6296666340086299,7,0
13,45,0.4335375573971652,0.1066797841087816,0.23429421816720505,0.6296833387670704,7,0
14,47,0.5322441917274181,0.08217510299110647,0.34416580864050594,0.6541955922463416,7,0
15,49,0.5705022808043821,0.08323443106425965,0.3463760195240843,0.6615192256094501,7,0
16,46,0.5739262610256864,0.12157040725181978,0.22894465174567366,0.7415933208522905,7,0
17,44,0.606124848874572,0.11962236516162005,0.23854397523894505,0.7415933208522905,7,0
18,45,0.6271785511108396,0.1157713941072568,0.23864016634741717,0.7958701564127788,7,0
19,49,0.6528998103508292,0.1404660403859804,0.25252738857603774,0.8354270589000784,7,0
20,47,0.6929249782517978,0.16235241887139373,0.1317583769378414,0.8354270589000784,7,0
21,47,0.7125567961784705,0.16291441050819813,0.17676303224363593,0.8729336692650633,7,0
22,45,0.7008987338957001,0.19916383218069048,0.17900001689331316,0.8791957367994666,7,0
23,49,0.7427344199939964,0.20193253812883427,0.26348820709803333,1.0522094565676052,7,0
24,48,0.7819664224269554,0.21494493422138783,0.23696500735703743,1.0522094565676052,7,0
25,45,0.7832497419103734,0.2680421678220248,0.2548851313622409,1.0946991152901335,7,0
26,45,0.8494151189699043,0.26754264041041015,0.27838582251759914,1.0946991152903034,7,0
27,48,0.9037762507142401,0.2809146649408067,0.25122402345109396,1.0972781412320693,7,0
28,49,0.8624757736411103,0.3287786633714998,0.2239712309816187,1.1272777211154763,7,0
29,48,0.8643830727908902,0.3299758755534471,0.13920097015777544,1.176144248415906,7,0
30,46,0.9407942420035995,0.31100325372284354,0.2190318213310785,1.176144248415906,7,0
31,45,0.9240608393367467,0.3431388401169318,0.22937131830018756,1.205123168338255,7,0
32,48,0.8217227034384037,0.4031681282781172,0.1847679588438315,1.205123168338255,7,0
33,49,0.8329958522618308,0.4033469786333994,0.2663590359443146,1.221650190986201,7,0
34,46,0.9415622412380609,0.37483524866147044,0.22129811915249953,1.221650190986201,7,0
35,46,0.9929772468025436,0.3675133436247345,0.24186051643310524,1.2239314896536564,7,0
36,46,0.9323465034596677,0.3913648821309923,0.2858993234999533,1.2387347509713482,7,0
37,45,0.9265285081121857,0.4029962311738308,0.2881428984357117,1.2689906149790657,7,0
38,49,0.9243881386553083,0.40464569359678004,0.23971054601578168,1.2689906149790657,7,0
39,44,0.9095805256422819,0.411852865720057,0.19881818590143685,1.2689906149790657,7,0
40,45,0.9277849970356011,0.40960212857043,0.2907769881010013,1.2689940405400297,7,0
41,41,1.068299725358846,0.3658658242310261,0.31297689634894343,1.2689940405400297,7,0
42,45,0.9651483156554893,0.4309139849619642,0.2555269472220537,1.2968876506801557,7,0
43,45,1.1073235061880087,0.3332994813457911,0.32769167019338863,1.2968876506801557,7,0
44,49,1.0183667069013618,0.40657732431833776,0.28272922582291593,1.3232657193034736,7,0
45,47,1.0445006313881415,0.40202237025943466,0.3155521338129405,1.3807489950907963,7,0
46,49,1.0583177343819308,0.4123918691827581,0.26194806909541346,1.3807489950907963,7,0
47,50,1.0414558133529825,0.4523428224503722,0.24398212661503066,1.395896952980904,7,0
48,44,1.1388528749769413,0.39919021041725544,0.3051252664527035,1.395896952980904,7,0
49,41,1.0833471311447749,0.469754933720829,0.28486702862146857,1.426820559884304,7,0
50,46,1.0506719566824763,0.4875708253718521,0.22942280420918154,1.426820559884304,7,0
51,46,1.0866434403393805,0.4653366936929253,0.2848520036559096,1.4266204602240307,7,0
52,42,1.1013959350787075,0.4653882125288664,0.2228836289676376,1.4266204602240307,7,0
53,46,1.0961085956308874,0.4838472810646951,0.22290605105503664,1.4274925896380726,7,0
54,47,1.1263337016403288,0.4789771849841301,0.22094247297975603,1.4278427296969896,7,0
55,44,1.1332027418756672,0.4689144107281589,0.32111650567855266,1.4399105718077616,7,0
56,43,0.9894908201957349,0.5316829693796602,0.2853301356518902,1.4401476049603288,7,0
57,48,0.9443305121798998,0.5411550592921771,0.27565174550392646,1.4401476049603288,7,0
58,45,1.1920240625416734,0.44940959735768404,0.2978694344637488,1.4529294408666944,7,0
59,44,1.0967067368308343,0.5009515902424185,0.30943018313098114,1.4529294408666944,7,0
60,46,1.011272969232183,0.5354671071448189,0.24048572220914474,1.4529294408666944,7,0
61,40,1.1960806987221402,0.46621236304909935,0.27778584049280736,1.4541326723174395,7,0
62,50,1.0646655311384783,0.523813891627595,0.2857264234263422,1.4575396135379544,7,0
63,45,1.1445762028243822,0.48431503184173924,0.2745276590659298,1.4575396135379544,7,0
64,46,1.0816372114121948,0.5168256302383033,0.28586126785111027,1.520078213588938,7,0
65,46,1.1986705389313757,0.45914965826365084,0.24625347815087134,1.5166872021128488,7,0
66,48,1.1358593833100505,0.5116738292833306,0.22903450305591827,1.5166872021128488,7,0
67,47,1.1542322376865273,0.4940895418412748,0.2681495953979118,1.517402448744597,7,0
68,44,1.1269313819100342,0.5104065866612878,0.28398687288907015,1.5244003835888906,7,0
69,47,1.0126865690449975,0.5684294172790413,0.22861503388097898,1.5325256332057675,7,0
70,46,1.239766081304997,0.48985263128152023,0.25520128349089427,1.5359842352252036,7,0
71,48,1.109121694694631,0.5671768689163731,0.26680315016853673,1.5521460985895275,7,0
72,47,1.015629815008454,0.5842009293912782,0.25384690231545504,1.5521525449639515,7,0
73,46,1.1110631137369842,0.5745046106223936,0.20858322683291153,1.5521525449639515,7,0
74,50,1.2118896778927664,0.5315805536657258,0.29417955860539247,1.5767419837871626,7,0
75,47,1.2164883672827356,0.5406271233546895,0.2705943359429981,1.5769385622841434,7,0
76,42,1.3206947890381204,0.4712242654816436,0.26978479003794176,1.5960960428082929,7,0
77,46,1.3478871411224387,0.4438862376506648,0.24941627037756353,1.5961654100241927,7,0
78,48,1.1480846065451917,0.5795240466826983,0.23931691985345704,1.6200136261713216,7,0
79,46,1.2776658181157503,0.5249408459126141,0.17189145303953982,1.6367147263726158,7,0
80,46,1.3141866376651825,0.5218559996378692,0.15754292577782347,1.640835090571979,7,0
81,48,0.9966915213895592,0.6184514976864101,0.2792915401356461,1.640835090571979,7,0
82,43,1.2056314230229923,0.5861562417157825,0.2359755394240718,1.6555545719501057,7,0
83,45,1.2343981424787025,0.5777749021142732,0.20402178251290762,1.655643796808975,7,0
84,45,1.2680891198100277,0.5712048077011722,0.3321409167875002,1.655643796808975,7,0
85,45,1.506761490006568,0.37422881465353647,0.26367681738497084,1.655643796808975,7,0
86,46,1.248793252453948,0.5842550234649981,0.264214797413338,1.655643796808975,7,0
87,48,1.4812458727321223,0.4197384690531704,0.2957104038083266,1.6615224529396484,7,0
88,45,1.3551370650556152,0.5376824480470621,0.15663358769840927,1.6615224529396484,7,0
89,49,1.3061041410107297,0.5769613218374364,0.1564601249415884,1.6615224529396484,7,0
90,46,1.3343336375585781,0.537013735406278,0.1967115376501075,1.7052904101389406,7,0
91,47,1.4905250542262594,0.4303576318648535,0.1567305480654105,1.7052904101389406,7,0
92,46,1.3351160081150737,0.5734324877346789,0.12929573610028344,1.705420046202836,7,0
93,46,1.199613308483617,0.6391170819325217,0.17793600113579724,1.7225523567776229,7,0
94,49,1.357774356529899,0.5714220316952,0.21592937040785318,1.7225523567776229,7,0
95,45,1.3812313272137084,0.5603277115150338,0.2445685933270533,1.7225358707427305,7,0
96,46,1.3664340127072205,0.5771926845438329,0.2478395028918475,1.7231284824777617,7,0
97,47,1.3911935779273563,0.5653069279187996,0.14043154155918272,1.7231284824777617,7,0
98,50,1.3716554558567458,0.5796577494103516,0.18518390861376305,1.7451789767619768,7,0
99,43,1.4688898527439256,0.5118009919772124,0.30454688255334195,1.7451789767619768,7,0
100,49,1.342866547158345,0.6191775197666735,0.19535558450739954,1.7504793673886045,7,0
