gen,nevals,avg,stddev,min,max,run,representation
0,50,-1.0099999999999998,0.0,-1.0099999999999998,-1.0099999999999998,6,9
1,48,-0.5913999752300558,0.49191334125435826,-1.0099999999999998,-0.013333202202318682,6,9
2,45,-0.4246590650636962,0.500812782905009,-1.0149999997244936,0.21836040979243057,6,9
3,42,-0.388987679415832,0.5141655922569084,-1.0150003246739678,0.3443591283590331,6,9
4,47,-0.3832874429172399,0.6319173492701248,-2.0160000236679414,0.3443591283590331,6,9
5,49,-0.3699018983183025,0.9059817453610588,-3.0166666958031705,0.34434727346225524,6,9
6,43,-0.36169400677359065,0.9114214692503542,-3.016666674862883,0.31040508230925795,6,9
7,49,-0.09004517654797085,0.8080311768441615,-3.0166666700971208,0.5155027383528427,6,9
8,46,-0.369177710165403,0.999554733103533,-3.0166667065463426,0.4279142498416696,6,9
9,47,0.046190846840943676,0.5966572222667766,-3.0166667065463426,0.5938389749121126,6,9
10,46,0.042656099453316915,0.6400086366452006,-2.016000000725609,0.5829507088928488,6,9
11,47,-0.11732631503863848,1.0022690830695646,-3.0166667008886736,0.5829507088928488,6,9
12,48,-0.185885793008874,1.076265036015053,-4.017142847033544,0.515995549825411,6,9
13,45,0.11745548678283642,0.6082749796825729,-2.0160003098709733,0.5582835966309936,6,9
14,48,0.11936439389467793,0.7273747789734029,-3.016666672753572,0.6305780847588485,6,9
15,44,0.0904422640084902,0.9126479172681901,-5.017500031075297,0.6542066984140217,6,9
16,48,0.15366638060757914,0.7696901891722416,-4.017142855828978,0.642664385631407,6,9
17,46,0.2584682311356674,0.3532948721059273,-1.0150002189661842,0.6574268048039861,6,9
18,46,0.2020447749738985,0.9196148595696688,-6.01777776789039,0.6140671899850927,6,9
19,49,0.08133083101098557,1.0493936163640358,-6.01777776789039,0.7028209584564704,6,9
20,45,0.046096856488036055,1.3031237385498495,-7.018000025437607,0.5616905316336287,6,9
21,44,0.17107774852942118,1.0535232883035772,-7.018000093613913,0.6028776846454617,6,9
22,48,0.3141780078066129,0.24063025427571155,-1.014999999554456,0.6474626941973165,6,9
23,43,0.031207917438156388,1.1542927815364634,-5.017499993304697,0.701087078072011,6,9
24,47,0.1708717957095441,1.1768936084593247,-8.018181783548961,0.7370837080125484,6,9
25,46,-0.03709223448412113,1.4480434189033995,-7.018000010506974,0.615498086230975,6,9
26,44,0.36432634670693675,0.24507983066558747,-1.0099999999999998,0.6765088907847364,6,9
27,46,0.3910474718206079,0.2502691043284374,-1.0099999999999998,0.7455487579940362,6,9
28,43,0.38725125623460976,0.26614922029306304,-1.0099999999999998,0.7108575096852701,6,9
29,47,0.1570192361355691,0.9167963553644508,-5.0175000202464,0.8641491291819413,6,9
30,47,0.040028491417798386,1.5817418780824897,-9.018333150138247,0.8641491291819413,6,9
31,44,0.3817662368212538,0.18977063190826152,0.09413338439594617,0.7299692601780339,6,9
32,48,0.3005851014467698,0.548001706340125,-3.020000003377142,0.8129768196504336,6,9
33,45,0.2711231993028703,0.543791592750455,-3.0166666932994985,0.8129768196504336,6,9
34,45,0.3408031175035498,0.5288194832839174,-2.0160001270477377,0.8380841726294948,6,9
35,48,0.14675428701195378,0.7510252254915808,-3.016666653635307,0.8380841726294948,6,9
36,46,-0.09365098348473615,1.2591585284637172,-4.0171428914489,0.8120828928703502,6,9
37,49,0.24015680121056815,0.9384974390963795,-6.017777777590321,0.8129768196504336,6,9
38,44,0.2874483428531547,0.6405203461584152,-3.0166666800114004,0.7654540630093083,6,9
39,48,0.3724370400349331,0.28509847553912687,-1.0149998432038245,0.8436984036087674,6,9
40,45,0.40338387908046025,0.2269192964933165,-0.01333332908054171,0.8436984036087674,6,9
41,44,0.24132999272490466,0.7976349248145875,-4.017142973404006,0.9012108989978935,6,9
42,49,0.422126224854824,0.22491411931061758,0.08237356366050984,0.9012108989978935,6,9
43,47,0.1860293780463822,1.0998514188165143,-6.017777739924208,0.8426902372003631,6,9
44,44,0.4006086188781675,0.2200193105936163,-0.013333316754764618,0.8426902372003631,6,9
45,47,0.036434972549087535,1.4397193406782156,-7.017999995569157,0.8426902372003631,6,9
46,43,0.17118493565860796,1.2381171756114948,-6.017777780370422,0.8466149818276719,6,9
47,47,0.3195528205244172,0.6621695214664589,-4.017142895733016,0.8466149818276719,6,9
48,46,0.2750384996741187,0.7895194978541765,-3.020000093171597,0.8466149818276719,6,9
49,46,0.3308728739406247,0.8096145762023441,-5.017499979221814,0.8923206935862834,6,9
50,44,0.24618091415708396,0.9338974044635437,-6.017777780370422,0.8426902372003631,6,9
51,47,0.4180775762073199,0.22799516948780782,0.07475084514769545,0.824424318635574,6,9
52,46,0.3481025661467963,0.7522031846232334,-4.017142858439986,0.8940431695325911,6,9
53,48,0.2420707640327673,0.5837581502395567,-3.016666662144726,0.8940431695325911,6,9
54,48,0.20761067655517262,1.2000619140460054,-8.01818186003938,0.9064957882397267,6,9
55,47,0.3426105578627926,0.6770419078821436,-4.019999989781653,0.9953742236308301,6,9
56,46,0.3858420847087114,0.3367855144435347,-1.0149999999888792,0.9953742236308301,6,9
57,45,0.5031142184479588,0.23385842966329726,0.11184200196596457,0.8815365720464934,6,9
58,48,0.4465389953593077,0.25792435829238014,0.06995734725542317,0.8996950858426725,6,9
59,47,0.4338050109917449,0.2525690011537624,0.06914586808577335,0.9024064549773962,6,9
60,48,0.4271402742265111,0.2587188199097218,0.05295606432037452,0.9091818610522118,6,9
61,46,0.3476263474518535,0.5755117588979753,-3.016666643959433,0.9024064549773962,6,9
62,45,0.1685422053799104,1.1894440173952554,-6.017777753233355,0.8316413705272309,6,9
63,47,0.40113630413977286,0.4160135373716638,-2.01599997683772,0.8232954706215106,6,9
64,46,0.4678174800328964,0.236224758152175,0.13672464893473738,0.9053680541906363,6,9
65,41,0.42034891044303196,0.24997967623499562,0.08470614080823846,0.9053680541906363,6,9
66,47,0.42673291962482807,0.21971241118487994,0.08707485914098613,0.8341595181030045,6,9
67,47,0.43500854695509483,0.2247645615095623,0.0628058970175887,0.8009458134750613,6,9
68,45,0.3738587607159488,0.5701128898688169,-3.0166666561874367,0.7963269811373987,6,9
69,40,0.3386925450477556,1.127184768280832,-6.017777796055882,0.8604579742740905,6,9
70,46,0.44042894347718947,0.25698532847526834,0.04460203261085366,0.9053701873197925,6,9
71,46,0.3619581256824926,0.3001875804116189,-1.0149999987743672,0.810922777501952,6,9
72,47,0.4957211429796971,0.18067195580893794,0.13873583216174018,0.8532671273132604,6,9
73,46,0.3891242393647884,0.409753068588191,-2.0159998046046157,0.8628225268038161,6,9
74,45,0.009755376726870785,1.590332813814497,-7.019999995790399,0.7710222179075044,6,9
75,47,0.4397132372524552,0.224194451123555,0.07417653756461767,0.8097848466279163,6,9
76,48,0.2800907482221684,0.776926082861459,-5.017500524540762,0.7710222179075044,6,9
77,42,0.418258962855023,0.39221831857656947,-2.0160001108041676,0.8256250852599892,6,9
78,48,0.29985564523813557,0.6155321685211842,-3.01666673276885,0.8214994298843292,6,9
79,46,0.41724544911672656,0.39426618740013814,-2.016000007253343,0.7710222179075044,6,9
80,46,0.41819471028821825,0.4008527825798548,-2.015999905526011,0.8218800485424202,6,9
81,45,0.3799756787402105,0.529630088644096,-3.016666669638684,0.8218800485424202,6,9
82,43,0.3296123743271903,0.5235098259799987,-3.016666670823108,0.8218800485424202,6,9
83,46,0.38026588314717236,0.17456920557945463,0.09660571942694154,0.7641527396433905,6,9
84,46,0.32062454015577074,0.7337509213983504,-4.019999989608299,0.7823457567262299,6,9
85,43,0.2498082172249209,0.9175487484082668,-5.017500019548282,0.7641527396433905,6,9
86,48,0.2868709903171354,0.7809925507136054,-5.019999882562949,0.7270698644405654,6,9
87,47,0.3399803316361041,0.6486381053062807,-4.017142806956059,0.7769192277137508,6,9
88,45,0.4763009982933277,0.1925329350504657,0.10406348807608454,0.8262036830180474,6,9
89,48,0.5177283969390031,0.17298691714907422,0.12492840795094785,0.8309519260784888,6,9
90,48,0.4632484590917943,0.2026473316564532,0.06538445416990141,0.8568758108933238,6,9
91,42,0.4605674103538393,0.1937568880327913,0.08643423610098896,0.7663409579332022,6,9
92,50,0.456079942865561,0.1785404165843891,0.17224184786915836,0.800703138433166,6,9
93,45,0.5075916632505983,0.19410969113894422,0.06155104921646174,0.8525778365853376,6,9
94,48,0.3869526918962834,0.5185475970781653,-3.0199999444131143,0.792468158647796,6,9
95,50,0.49806498133389615,0.16757762107146923,0.11047071897632091,0.7319101797784808,6,9
96,49,0.534120964972731,0.17516323463652636,0.07974831862861774,0.792771342813337,6,9
97,46,0.5352741606998926,0.16654233554871942,0.194556458577568,0.8150012505215571,6,9
98,46,0.5198125853902608,0.1842911478941888,0.16393557799590752,0.864768106015584,6,9
99,47,0.5018204409950645,0.178230662473573,0.12612577771567896,0.7629888331432915,6,9
100,48,0.48722048196586304,0.20204436988634783,-0.013333332730552058,0.8239274349393547,6,9
