gen,nevals,avg,stddev,min,max,run,representation
0,50,-1.0099999999999998,0.0,-1.0099999999999998,-1.0099999999999998,3,1
1,49,-0.7907333333329819,0.41286548253300676,-1.0099999999999998,-0.013333333331737479,3,1
2,45,-0.512766666153545,0.4994364173504868,-1.0150000000428947,-0.013333318611476526,3,1
3,47,-0.37322000140615486,0.5199651744235346,-2.0159999999841025,-0.013333318611476526,3,1
4,48,-0.3334533269135843,0.5078104369986217,-2.0159999999554956,-0.013333318611476526,3,1
5,46,-0.2532333239503283,0.4269068904443442,-1.0149999997469918,-0.013333307716814072,3,1
6,48,-0.27286666162129736,0.4378485351389271,-1.0150000001901438,-0.013333307716814072,3,1
7,48,-0.39343999571629473,0.5620921120973691,-2.0160000083858236,-0.013333307716814072,3,1
8,44,-0.3331533271475374,0.5074090297273182,-2.016000002883355,-0.013333307716814072,3,1
9,43,-0.21296665997677733,0.39926798337740893,-1.0150000001892823,-0.013333307716814072,3,1
10,49,-0.21315333214842946,0.4470123751737885,-2.0159999952725864,-0.013333307716814072,3,1
11,49,-0.3129199842490728,0.4995299801569604,-2.0159999960741053,-0.013333150098805148,3,1
12,44,-0.1532666607026746,0.3468230348068383,-1.014999999955228,-0.013333307716814072,3,1
13,46,-0.2331999878371261,0.41399689555621644,-1.0150000001892823,-0.013333307716814072,3,1
14,48,-0.3131333216046167,0.45795410575963386,-1.0150000001892823,-0.013333307716814072,3,1
15,39,-0.17309998541116225,0.3660727075359981,-1.014999999955228,-0.013333307716814072,3,1
16,44,-0.23309998655228717,0.4138086024123364,-1.0150000001892823,-0.013333307716814072,3,1
17,49,-0.39336665354613914,0.4854311370782375,-1.0150000001892823,-0.01333321815475821,3,1
18,47,-0.29339998468667666,0.4491073957835478,-1.0150001770012755,-0.01333321815475821,3,1
19,46,-0.25309458607688456,0.47105690468369066,-2.0097301871685223,-0.013333190861626992,3,1
20,48,-0.2329999592563907,0.4136202231102228,-1.0150000880894956,-0.013333063209000323,3,1
21,48,-0.23230439968651165,0.41449557632452044,-1.015000177661807,0.012340001308489458,3,1
22,45,-0.2647109808111862,0.4437901271054008,-1.0150002474342616,0.0794909996307954,3,1
23,45,-0.18885613903050139,0.5381993565037859,-3.0100786741499004,0.13237544319171565,3,1
24,44,-0.144843246607875,0.636371337653779,-3.0104586799742417,0.13237544319171565,3,1
25,47,-0.4357359052515825,1.160933856779908,-4.0171428782461245,0.14547808806967696,3,1
26,46,-0.08411158870020433,0.6967418272256075,-4.014088696147323,0.1920728127914728,3,1
27,47,0.030143911580347744,0.4194047919079957,-2.0160000189609937,0.24276068632506786,3,1
28,47,-0.005604827953497291,0.5726145941316949,-3.016666666352634,0.34855915892354034,3,1
29,47,-0.2609478862319714,1.2458498345344384,-5.013661275762509,0.49267720922520286,3,1
30,47,0.020456574231335716,0.9925141619050502,-5.017500021697831,0.5741912042803752,3,1
31,45,0.18827069136597133,0.6962236481207554,-4.017142857485283,0.6258683712523472,3,1
32,48,0.13736018241298736,0.8576448223151811,-4.017142857572526,0.574191204280375,3,1
33,44,0.2817423109856456,0.6257624725657548,-4.017142857386099,0.574191204280375,3,1
34,48,0.38158326279684973,0.14539000392951054,0.06392182616747343,0.5887732638084375,3,1
35,46,0.3403713868812677,0.5023521732684647,-3.016666666592489,0.5887732638084376,3,1
36,44,0.33063705831029905,0.637113882385368,-4.017142856992947,0.6240968338892199,3,1
37,47,0.34313585723072537,0.639917456401972,-4.017142856884749,0.692221614932479,3,1
38,44,0.29376179158524407,0.8906710011418388,-4.017142856884749,0.6384572555738688,3,1
39,47,0.4228865302860189,0.17180877841632827,0.05115525995909334,0.6435708349362234,3,1
40,47,0.20146211460068933,0.9167555147544035,-4.017142856541964,0.6435708349362234,3,1
41,45,0.35220173982330844,0.700072171473259,-3.016666666592489,0.6435708349362234,3,1
42,46,0.12789239382355744,1.019678663589473,-4.008465745905223,0.6671501395186032,3,1
43,43,0.312999794887655,0.643593747261253,-4.017142857677695,0.6435708349362234,3,1
44,46,0.4223434383939697,0.5097517649242261,-3.0166666663045127,0.6686363304175018,3,1
45,45,0.4192507684046084,0.5103805148352293,-3.0166666663045127,0.6435708349362234,3,1
46,46,0.43608636910794735,0.3848905488784883,-2.016000000294893,0.6435708349362234,3,1
47,46,0.4418309652339818,0.5150873041836007,-3.0166666663045127,0.6875353168876459,3,1
48,47,0.47368973537840875,0.1674502074635796,0.14431644499256469,0.6985903787474269,3,1
49,46,0.3596485274413539,0.5129281173321946,-3.0166666664416515,0.7068615592278984,3,1
50,49,0.33546192600931785,0.7093692243004538,-3.0166666668605493,0.7476229342197391,3,1
51,47,0.42992647485356345,0.8025723429073363,-5.0175000019580045,0.8634523264140118,3,1
52,48,0.5371017738316787,0.17271269812484497,0.04646355345480913,0.8432069751117506,3,1
53,47,0.5617939399318107,0.15247864761303537,0.2264907823363906,0.8429511459924608,3,1
54,45,0.5483198634098977,0.2008177278773131,0.02292485019443394,0.8429511459924608,3,1
55,45,0.5318868595040009,0.1973910466664046,0.010210199022916136,0.8429511459924601,3,1
56,46,0.5296688955500798,0.19840192124399655,0.004276203686314906,0.8429511459924601,3,1
57,47,0.5578515454469101,0.19009306505120777,0.009628272427902144,0.8218057547565639,3,1
58,46,0.6171562124076082,0.15011830425813694,0.22838281636582428,0.8358634519269111,3,1
59,45,0.6012407806190656,0.17080970223598785,0.08878018361621293,0.8358634519269111,3,1
60,47,0.6145532446851426,0.18899590280300643,0.07131003268643098,0.8358634519269111,3,1
61,45,0.6288718991827175,0.20159789682738022,0.06177580572463027,0.8358634519269111,3,1
62,48,0.4766676591887354,0.8181475015681062,-5.017500000843912,0.9286997723956729,3,1
63,48,0.6068674797223333,0.20193103733613613,0.01261293841634592,0.9340496725253586,3,1
64,45,0.6496279874955866,0.1811113458757268,0.23087640228409373,0.9340496725253586,3,1
65,45,0.6473506134145589,0.21525893154066336,0.06760351268696035,0.8996091197993917,3,1
66,43,0.6092262678909289,0.23525851524114974,0.007175160194067624,0.8934267043286478,3,1
67,45,0.6441901947415221,0.1737291256492585,0.23773275485153444,0.8996091197993917,3,1
68,48,0.5743478454376134,0.20841983535468236,0.2152273686857936,0.8996091197993917,3,1
69,47,0.6474000523284714,0.19214142092919428,0.07117600914142766,0.8996914760909903,3,1
70,45,0.7332672835352085,0.16662381189472364,0.22398067056598492,0.8996914760909903,3,1
71,45,0.6462010426896834,0.2276158091414236,0.07143748540138586,0.9353453703739532,3,1
72,45,0.609532866780009,0.22446680556963158,0.06795124525519138,0.9897813657517596,3,1
73,45,0.6280936701499135,0.22607462239537884,0.11660900160324318,0.9897813657517596,3,1
74,44,0.6469914234251466,0.1944139475025073,0.26254111181322826,0.9848227692609367,3,1
75,48,0.6474380087103314,0.21211118368736576,0.021154796488934403,0.9848227692609367,3,1
76,48,0.6778468417082485,0.22301998503705608,0.0194816026232373,0.9848227692609367,3,1
77,46,0.6944147167408131,0.23273432149314136,0.10425845667782835,0.9848227692609367,3,1
78,43,0.693713479970179,0.20389622254435127,0.17693426320454916,0.9848227692609367,3,1
79,47,0.6739834627871172,0.20208318274543197,0.16930385327466146,0.9848227692609367,3,1
80,47,0.6695717147697772,0.2460386786961845,0.09146832085978648,0.9891680684405223,3,1
81,47,0.6845319841855358,0.24395452623571487,0.20527817935337994,0.9891680684405223,3,1
82,43,0.7355706521545079,0.237792191668851,0.06980770116563885,0.9891680684405223,3,1
83,45,0.6219807350749457,0.7064724803101713,-4.01714285455086,1.0439229190549593,3,1
84,50,0.687698272493768,0.2676101615101997,0.038817355974821326,1.111138997281338,3,1
85,43,0.7164824390000589,0.26082779954379753,0.02835830839711619,1.111138997281338,3,1
86,50,0.6989192092512659,0.272298888966439,0.06814425163195337,1.111138997281338,3,1
87,47,0.7104898111971084,0.3073068229185344,0.019325307556801622,1.111138997281338,3,1
88,47,0.7207685038083119,0.26072780959060327,0.03859512630713409,1.0549686683662793,3,1
89,45,0.7282612542606227,0.29280677742394906,0.13807289266178077,1.0552029414339825,3,1
90,48,0.8013644181582604,0.26797732406239644,0.03896062332705254,1.0598171253849953,3,1
91,45,0.7757524922664438,0.2753738759524465,0.03867542847759452,1.1163031829078072,3,1
92,45,0.7611979965908721,0.3060092481733258,0.019409379913497025,1.1163031829078072,3,1
93,46,0.7968261784085923,0.27045197589419745,0.13920269392149784,1.1163031829078072,3,1
94,49,0.749227137001262,0.30313312203419357,0.13920269392149767,1.1163031829078092,3,1
95,48,0.7926690920942463,0.3108539753394876,0.021764984356082137,1.118670508911487,3,1
96,49,0.7605009987583119,0.29416582737688485,0.07967644485649542,1.13515919371986,3,1
97,46,0.8137889096846804,0.2597918701857327,0.30106054790336517,1.13515919371986,3,1
98,47,0.8643225125320326,0.26807049129946786,0.05171253566235283,1.1352610724441126,3,1
99,47,0.7837997866953427,0.26739943253405596,0.24419925974877119,1.1352610724441126,3,1
100,47,0.8230202710080239,0.26428718620126207,0.1795014322935605,1.1352610724441126,3,1
