gen,nevals,avg,stddev,min,max,run,representation
0,50,-1.0099999999999998,0.0,-1.0099999999999998,-1.0099999999999998,7,4
1,48,-0.8903999999998083,0.3238783310653388,-1.0099999999999998,-0.013333333331737479,7,4
2,46,-0.5520333335866309,0.4971996343307638,-1.0150000000428947,-0.013333316366767402,7,4
3,44,-0.13313333347177214,0.32442096089911676,-1.0149999997469918,-0.013333316366767402,7,4
4,48,-0.13343333080314357,0.32523298002127343,-1.0150000178317327,-0.013333184544105262,7,4
5,44,-0.17335655931071112,0.36677890911694744,-1.0150000001901438,-0.011162533377449014,7,4
6,45,-0.1528159120300296,0.3464289613021885,-1.0150000001901438,-0.011162533377449014,7,4
7,45,-0.17249143475139483,0.36661235642996737,-1.0150000000428947,-0.011142864808308128,7,4
8,46,-0.1320923132778466,0.32511468017610584,-1.0150000569873643,-0.011142864808308128,7,4
9,45,-0.11219913756302907,0.3006025787695723,-1.0150000857603743,-0.011144032986320903,7,4
10,45,-0.06982611162709801,0.23886625859449187,-1.014999953088103,0.09743886106419943,7,4
11,49,-0.20321562543417623,0.45244395639079915,-2.015403215742014,0.13774900220047004,7,4
12,49,-0.07398894209760337,0.31886133025448155,-1.0150000413047724,0.18883344187784032,7,4
13,45,-0.34039336718007385,0.8767127478285204,-3.0166665242056485,0.2276727327308724,7,4
14,49,0.09407333339612674,0.2867083408976481,-1.0150000384078914,0.3493211784520355,7,4
15,45,0.15316468148209875,0.31808389576885715,-2.0159999982512917,0.3493211784520355,7,4
16,45,0.12596272081555152,0.4874716540938392,-3.005756315208995,0.41904126691229265,7,4
17,46,0.10131667039859918,0.5064162365175987,-2.0159999982512917,0.4190412669122932,7,4
18,47,0.03615784705428384,0.6611748100753013,-2.0160000004778844,0.44944121242963836,7,4
19,44,0.03474311880057321,0.7933600084602382,-3.0166666665649218,0.5199102599089351,7,4
20,43,0.14386683928066038,0.5210391495065677,-2.0160000020951587,0.5199102599089351,7,4
21,45,0.07330116046678983,0.6802586339657825,-2.016000003117952,0.5199102599089356,7,4
22,47,0.1306881271676764,0.595515898567366,-3.0166666716700092,0.5462659146534827,7,4
23,46,0.10207199592861432,0.6977399024691715,-3.016666667693851,0.5462659146534827,7,4
24,49,0.1063252987212343,0.6151716332300142,-3.0166666667104662,0.5462659146534827,7,4
25,43,0.11165354112669484,0.7523485565046638,-3.016666669822744,0.5460007863716291,7,4
26,44,0.03164334733140637,1.0655058997074267,-4.01714285966571,0.5461076437099357,7,4
27,49,0.17388244524761476,0.82044169830891,-3.0166666712217527,0.6420279188443545,7,4
28,43,0.3092152463495292,0.7774412975456567,-5.01749977202889,0.6420279188443545,7,4
29,45,-0.07724804675487475,1.2507748146358273,-4.01714285966571,0.6420279188443548,7,4
30,47,0.20636089960924725,0.8316185131589268,-4.017142859551281,0.6564028131454758,7,4
31,47,0.28749171772130916,0.638757159254839,-3.016666647977036,0.6568951458577149,7,4
32,48,0.09875314905099081,1.0574251231186818,-4.017142898668784,0.6564028131454758,7,4
33,43,0.29075871794772395,0.5099391927157807,-3.0166667594235212,0.6564028131454758,7,4
34,46,0.3366673767184682,0.5184353021722908,-3.0166666662424584,0.6564028131454758,7,4
35,47,0.27931051062116585,0.5826800896428547,-3.0166666666487245,0.6627140143331423,7,4
36,45,0.3218360877870615,0.6503027212469343,-4.005574150577657,0.6627140143331424,7,4
37,48,0.30679576541367537,0.5292066268523203,-3.0166666674234017,0.6890526205001398,7,4
38,46,0.3370982402381315,0.2058729859851399,0.000945305353998984,0.6890526205001398,7,4
39,46,0.39081882370756,0.18578480890915924,0.11810167472339633,0.6627140143331424,7,4
40,47,0.14643360274064818,1.0120007246953682,-5.017499998005205,0.6528087507532763,7,4
41,46,0.30964322932088933,0.5506365717675427,-3.0166667263911484,0.6627140143331424,7,4
42,42,0.316101424959664,0.6552218719061926,-4.017142859859442,0.6960878503359661,7,4
43,48,0.23694715464188362,0.8695127534808774,-4.0171428684236,0.7024237351369823,7,4
44,48,0.3912342395302219,0.30607552325261916,-1.0150000000428947,0.7024237351369823,7,4
45,46,0.40005897547657904,0.6621579904625478,-4.000030571690823,0.7396381691875579,7,4
46,46,0.1412583982810769,1.0797551022589127,-4.017142852882227,0.7396381691875579,7,4
47,47,0.34650106654705426,0.6694456130984161,-4.0127069208084825,0.7396381691875579,7,4
48,46,0.3791393634908321,0.549647402143073,-3.016666668975458,0.8383433343929367,7,4
49,47,0.19088934868497298,1.2622130918933794,-5.00265772815231,0.838915223311089,7,4
50,46,0.44013591785582934,0.5581466916389747,-3.0166665865280384,0.838915223311089,7,4
51,46,0.33827560789701216,0.8413998648254593,-4.017142763807447,0.8469774135244151,7,4
52,43,0.18952710205325718,1.032261725035096,-5.017499960992016,0.8829943940757968,7,4
53,47,0.19927498632944965,1.1200912877031235,-5.00182343212484,0.8829943940757968,7,4
54,47,0.12019521519506707,1.2675223845613235,-5.00194780323631,0.8829943940757972,7,4
55,43,0.3950257286417886,0.8225248451076067,-5.00188276368569,0.8829943940757972,7,4
56,45,0.09214714512309234,1.3525306207940986,-5.001883936917123,0.8829943940757972,7,4
57,47,0.18055631205530795,1.3469273116700502,-5.017500001336808,0.8829943940757972,7,4
58,49,0.07020195052517102,1.4341915476170026,-5.0175000191274615,0.9017337890064461,7,4
59,47,-0.008271058544081453,1.4675226263635308,-5.017500010494776,0.9110728354345697,7,4
60,47,0.05386803424779155,1.4885158562189797,-5.0018847093153145,0.9110728354345697,7,4
61,47,0.4845710142728587,0.3179805985414607,-0.013333333332761673,0.911809328624194,7,4
62,47,0.04197552432285681,1.5177669192288212,-5.001883936917123,0.911809328624194,7,4
63,45,0.370902018022819,1.1354258612947623,-5.001366107790581,0.9141664544541289,7,4
64,44,0.23887197634406607,1.3332412320373999,-5.017500000384548,0.9118093286241943,7,4
65,44,0.4050413890388513,1.1504646791974,-5.002348404343704,0.9118093286241943,7,4
66,41,0.33886665328125687,1.162993723904696,-5.001431883098676,0.9272148930847004,7,4
67,48,0.19684401652191358,1.2831378142665126,-5.000462307591386,0.9273482710120364,7,4
68,47,0.31090221125343764,1.1612584033671183,-5.000462307591386,0.9273482710120364,7,4
69,48,0.4805372690015623,0.4030140451685117,-1.0099999999999998,0.9273482710120364,7,4
70,49,0.5751031004327235,0.3391455161980108,0.013279078497720215,0.9273482710120364,7,4
71,48,0.3190415491361098,1.0528738598586578,-5.017498247318366,0.9273482710120364,7,4
72,46,0.17657837455582734,1.5358757506337404,-7.0041583526406495,0.9599473922537407,7,4
73,48,0.29274576199606456,1.0689278845557133,-5.015547098935595,0.9599473922537407,7,4
74,47,0.5733331983775021,0.42115202437024923,-1.0149999999984527,0.9624953690295304,7,4
75,45,0.3450043472113189,0.8531773080387107,-5.017499979648428,0.9624953690295304,7,4
76,47,0.46576328061671224,0.5142421695691274,-1.0149999999833863,0.9599518129565824,7,4
77,46,0.078502141294829,1.4627557348733247,-5.00192376556794,0.9599518129565837,7,4
78,48,0.10880304649533411,1.1398810222255693,-5.005379116993863,0.9599916390259418,7,4
79,48,0.2880997250227556,1.1873426657279347,-5.004371047637335,0.9599916390259418,7,4
80,47,0.34926863787847834,1.2403054998640253,-5.001732443122222,1.0082670988263607,7,4
81,44,0.35430619586101797,1.205021338467601,-5.001732443122222,1.0082670988263607,7,4
82,44,0.1675644746379929,1.500194956665093,-5.017499975108958,1.0082670988263607,7,4
83,47,0.041051908408604065,1.6227441679120196,-6.014073519767825,1.0082670988263607,7,4
84,47,0.2885483677240418,1.2322536939970021,-5.017499975108958,1.0082670988263607,7,4
85,43,0.08512420208361872,1.57061590117189,-6.00735579590075,1.0082670988263607,7,4
86,44,0.24363493860239338,1.3921909539682917,-6.003391587217979,1.0082670988263607,7,4
87,46,0.3170387809951726,1.0105397420224385,-4.017142939373919,1.0089725599480002,7,4
88,46,0.0016637069153501427,1.745897242186573,-5.003080653290324,1.0090210145079528,7,4
89,46,0.42030726418324965,1.0767755573043873,-5.001138351497389,1.0095493457199096,7,4
90,45,0.32717094577936806,1.1708531299441636,-5.001162886274176,1.014340078985391,7,4
91,48,0.20303265413573018,1.3660332709449703,-5.001190810157053,1.0537203081099686,7,4
92,46,0.5873564705068841,0.38800476702071385,-0.013333333332912832,1.0564458096191702,7,4
93,48,0.318665808420866,1.1548482310797568,-5.00118788107413,1.062728875223465,7,4
94,43,0.5614488592276973,0.38121735108966026,0.0023939795666503764,1.062728875223465,7,4
95,43,0.4974984968130201,0.7316842064386326,-3.016666589655235,1.0790847672351813,7,4
96,45,0.3402183639509894,1.4490596089424261,-5.017499970488387,1.0871397893849037,7,4
97,45,0.13043438407219876,1.6394344012830715,-5.001329435388,1.0814885104209824,7,4
98,45,0.09654273320863384,1.8114382100784285,-6.007264911664039,1.0814885104209824,7,4
99,44,0.5228022918531888,0.8921776282911726,-5.017499999804213,1.0790847672351813,7,4
100,42,0.09110761919745781,1.7596946205756256,-5.017499732721752,1.085858664717549,7,4
