gen,nevals,avg,stddev,min,max,run,wlasne_prawd
0,50,0.0,0.0,0.0,0.0,1,2
1,46,4.869800203325031e-13,5.964262823724049e-13,0.0,1.2174500508312578e-12,1,2
2,43,1.642785637382621e-10,3.077360557872453e-10,0.0,7.437258263850433e-10,1,2
3,47,1.9685957448166368e-09,5.163920598441243e-09,0.0,2.7555709041680806e-08,1,2
4,46,1.1576138257281784e-08,3.998747613863449e-08,0.0,2.6999651242604805e-07,1,2
5,44,3.825111525754018e-08,1.213390582905263e-07,0.0,7.53769510239039e-07,1,2
6,42,1.0110867510188558e-07,2.2708741872484734e-07,0.0,1.176115517785403e-06,1,2
7,46,2.584812284672397e-06,1.2612806801267812e-05,0.0,8.441758302967838e-05,1,2
8,45,1.3187213624541263e-05,7.026713386158555e-05,0.0,0.0004919391167286956,1,2
9,48,3.4452246428344515e-05,0.00010949117370847295,0.0,0.0004919391167286956,1,2
10,44,5.9777536050420836e-05,0.0001351105996668182,0.0,0.0004919391167286956,1,2
11,45,8.935712987991413e-05,0.0001627546649902139,0.0,0.0004919391167286956,1,2
12,46,0.0001703401230932847,0.00021312003885198832,4.915024371947655e-11,0.0005600222051664715,1,2
13,42,0.00017464664790695653,0.0002223078318651411,7.707376403764953e-19,0.0005792122851261632,1,2
14,44,0.0001691636515496426,0.00022963653028111266,4.9150185491666924e-11,0.0005802392602360235,1,2
15,44,0.00022741976608840918,0.00025928108045311855,7.909430741222584e-19,0.0005802392602360235,1,2
16,45,0.00028182896739181,0.0002598666736092783,7.707376403764953e-19,0.0007185844867700931,1,2
17,46,0.00023150205592496005,0.0002703860012320065,4.915024371930308e-11,0.0007185844867700931,1,2
18,44,0.0002782241895842809,0.00029037138612756334,4.9592509933065966e-15,0.0007185844867700931,1,2
19,46,0.0002859689972411372,0.00029758060718270226,4.9592509933065966e-15,0.0007185844867700931,1,2
20,42,0.0002687081300782281,0.0003076248640263524,4.9592509933065966e-15,0.0007185844867700931,1,2
21,45,0.0003080789827880535,0.00031823452023623574,9.261596161738989e-14,0.0007491775558286442,1,2
22,47,0.0002453460568294358,0.0003117472911585518,1.007410325069675e-14,0.0007185844867700931,1,2
23,46,0.00037745680368687446,0.00032575321506637006,8.050994550635364e-14,0.0007786592856663913,1,2
24,42,0.00037770198921709917,0.00033709214725097947,4.9592509933065966e-15,0.0007786592856663913,1,2
25,45,0.0004616790143647269,0.00032181933374298853,2.0069554515669895e-09,0.0007786592856663913,1,2
26,43,0.00040978237433652773,0.0003528028684101469,1.9439153744951387e-10,0.0007786592856663913,1,2
27,46,0.0003269884961120952,0.00035615304110141486,4.9592509933065966e-15,0.0007786592856663913,1,2
28,45,0.00044425590326014827,0.0003594870273510759,4.9592509933065966e-15,0.0007786592856663913,1,2
29,44,0.00033918755913025427,0.00037096735907145507,2.1520767955878895e-10,0.0007786592856663913,1,2
30,46,0.00043607062175192614,0.00036929168884020243,4.9592509933065966e-15,0.0007786592856663913,1,2
31,47,0.00043146445773431166,0.0003733135259842357,2.1520767955878895e-10,0.0007786592856663913,1,2
32,42,0.0003969084659591824,0.00037483966332105414,4.9592509933065966e-15,0.0007786592856663913,1,2
33,44,0.0004488517130354255,0.0003650799431915458,4.9592509933065966e-15,0.0007786592856663913,1,2
34,45,0.00042147203690633616,0.0003590152489491564,2.1520767955878895e-10,0.0007786592856663913,1,2
35,46,0.0003550541524024739,0.0003691726485821946,4.9074882940307005e-15,0.0007786592856663913,1,2
36,47,0.000455216293064509,0.00034255686414609387,1.4782727810461567e-09,0.0007786592856663913,1,2
37,45,0.000485551258716266,0.0003544293175974577,1.1065155267309532e-09,0.0007786592856663913,1,2
38,44,0.00047417963514211666,0.000368962505134265,4.9592509933065966e-15,0.0007786592856663913,1,2
39,45,0.0004508814261937588,0.0003705594461400792,4.9592509933065966e-15,0.0007786592856663913,1,2
40,46,0.0003773545190576328,0.0003696925794622398,4.9592509933065966e-15,0.0007786592856663913,1,2
41,42,0.0005716566534594291,0.00031831193606113214,4.9592509933065966e-15,0.0007786592856663913,1,2
42,41,0.0004674264823941437,0.00036438069520717284,4.9592509933065966e-15,0.0007786592856663913,1,2
43,46,0.00044984424820679206,0.00037381746753633,4.9592509933065966e-15,0.0007786592856663913,1,2
44,47,0.0004583721805897486,0.0003620868599138648,4.9592509933065966e-15,0.0007786592856663913,1,2
45,45,0.0003581140047889896,0.000381228983434632,4.9592509933065966e-15,0.0007786592856663913,1,2
46,42,0.0003701428417006148,0.00036922412856174,4.9592509933065966e-15,0.0007786592856663913,1,2
47,44,0.0005033773659381492,0.0003466218844374133,4.9592509933065966e-15,0.0007786592856663913,1,2
48,48,0.0003738142312594039,0.00036444261327982144,4.9592509933065966e-15,0.0007786592856663913,1,2
49,44,0.0004616049394089489,0.0003418221044312932,2.1520767955878895e-10,0.0009425153548806714,1,2
50,42,0.00043779958595354865,0.0003664103028727351,4.9592509933065966e-15,0.0007786592856663913,1,2
51,47,0.00048047137175546783,0.00036521268701945826,4.914558488180843e-11,0.0009425153548806714,1,2
52,39,0.0004995054613355499,0.0003695343551213748,4.9592509933065966e-15,0.0009516023894058479,1,2
53,42,0.0004400867050267385,0.00039642006461770184,4.9592509933065966e-15,0.0009516023894058479,1,2
54,45,0.0005296232532338896,0.0004338312873892426,4.9592509933065966e-15,0.0009630724399667372,1,2
55,45,0.0006793981805791743,0.0003976054486550442,4.9592509933065966e-15,0.0009630724399667372,1,2
56,42,0.0006323812545604751,0.00043398572809466,4.914564257247487e-11,0.0009808787869028206,1,2
57,44,0.0005232925390682976,0.0004612445107835495,4.9592509933065966e-15,0.0010020356654555217,1,2
58,41,0.0005575908133005985,0.0004509743645351159,1.0143155945576337e-09,0.0010020356654555217,1,2
59,46,0.000578574739745422,0.00046167313399866005,4.9592509933065966e-15,0.0010020356654555217,1,2
60,42,0.0006804649516105935,0.00043734258285524564,4.9592509933065966e-15,0.0010020356654555217,1,2
61,44,0.0006327735468497492,0.0004579468370360726,1.4156356114038227e-09,0.0010020356654555217,1,2
62,43,0.0006881979790566356,0.00044668585074850983,4.982679103820476e-15,0.0010020356654555217,1,2
63,46,0.0006835080648693724,0.0004423622248739336,4.982679103820476e-15,0.0010020356654555217,1,2
64,47,0.0006570371627428622,0.00045210844777707535,4.982679103820476e-15,0.0010020356654555217,1,2
65,44,0.0006161091733894136,0.00045194100668757267,4.982679103820476e-15,0.001018531553757356,1,2
66,46,0.0005344816705091679,0.00046898967672102005,4.982679103820476e-15,0.001018531553757356,1,2
67,44,0.0006097745808553909,0.0004709048371815098,4.914564257247487e-11,0.001018531553757356,1,2
68,43,0.0005350995987653117,0.0004814649885810583,4.982679103820476e-15,0.001018531553757356,1,2
69,45,0.0005024206859311407,0.0004839577288601883,4.982679103820476e-15,0.001018531553757356,1,2
70,47,0.0005194483627024886,0.0004942326246110226,4.9605867275998475e-15,0.001018531553757356,1,2
71,46,0.000551652869353199,0.000481938241070373,4.914564257247487e-11,0.001018531553757356,1,2
72,44,0.0005939798774927368,0.0004878992342027636,4.982679103820476e-15,0.001018531553757356,1,2
73,44,0.000667122685515524,0.0004641721204715949,4.982679103820476e-15,0.001018531553757356,1,2
74,45,0.0006356623616750892,0.00047497715595301923,4.982679103820476e-15,0.001018531553757356,1,2
75,50,0.00045550296654825776,0.00047906180387157166,4.982679103820476e-15,0.001018531553757356,1,2
76,42,0.0006480061632343369,0.00047339009953097376,0.0,0.001018531553757356,1,2
77,44,0.000621250268267229,0.00047658511421815774,4.982679103820476e-15,0.001018531553757356,1,2
78,43,0.0006185495738510276,0.00047727286635341326,4.982679103820476e-15,0.001018531553757356,1,2
79,44,0.0006768317555892069,0.00045236680851768385,4.982679103820476e-15,0.001018531553757356,1,2
80,45,0.0005982443244668286,0.00046462019578465217,4.982679103820476e-15,0.001018531553757356,1,2
81,45,0.0006774207925852111,0.00044746625536084693,4.982679103820476e-15,0.001018531553757356,1,2
82,44,0.0005962181743072739,0.0004814540831325253,4.982679103820476e-15,0.001018531553757356,1,2
83,46,0.0005445939939390279,0.0004925555174110335,4.982679103820476e-15,0.001018531553757356,1,2
84,39,0.0006071493828873207,0.0004793454573502789,4.982679103820476e-15,0.001018531553757356,1,2
85,44,0.0004959474681749686,0.00047222728035205605,1.0496023806705687e-09,0.001018531553757356,1,2
86,47,0.0005469105182035703,0.0004717722819668853,4.982679103820476e-15,0.001018531553757356,1,2
87,45,0.0005767987496953126,0.0004896581142004404,4.982679103820476e-15,0.001018531553757356,1,2
88,45,0.0006346133948412728,0.0004748072218110049,4.982679103820476e-15,0.0010535413622308554,1,2
89,45,0.0005607776151875304,0.0004885807259165897,4.982679103820476e-15,0.0010535413622308554,1,2
90,45,0.0006656675330562633,0.0004786732949119197,1.0496023806705687e-09,0.0010535413622308554,1,2
91,45,0.0005958085820686563,0.0004862936294841655,1.6834560644049359e-15,0.0010535413622308554,1,2
92,50,0.0008190142292095055,0.00041459120896594884,2.254036751178877e-10,0.0011005681793700129,1,2
93,45,0.0006144474709460867,0.0004969193434144271,1.6834560644049359e-15,0.0011034138393071736,1,2
94,43,0.0006160283552788852,0.000479792707044006,4.712905579741235e-14,0.0011034138393071736,1,2
95,41,0.000644194189609803,0.000517381248090919,1.6834560644049359e-15,0.0011228815465136582,1,2
96,46,0.0007198325693515477,0.0004916960375418941,1.6834560644049359e-15,0.0011276822655386163,1,2
97,44,0.0007609969725398991,0.00047648415959270217,1.468602898165167e-17,0.0011449784100840768,1,2
98,44,0.0007342217191112389,0.0004966099530280537,1.468602898165167e-17,0.0011449784100840768,1,2
99,48,0.0007585737166670993,0.00047440351046501366,1.468602898165167e-17,0.0011449784100840768,1,2
100,48,0.000763629031575892,0.0005132621830464191,1.2086827966825707e-09,0.0011449784100840768,1,2
