gen,nevals,avg,stddev,min,max,run,wlasne_prawd
0,50,0.0,0.0,0.0,0.0,2,2
1,41,1.704430071163761e-13,4.224393790862678e-13,0.0,1.2174500508312578e-12,2,2
2,46,1.1957198261041672e-10,2.7240476726547434e-10,0.0,7.437258263850433e-10,2,2
3,44,9.326147477910423e-10,2.1185936501959625e-09,0.0,1.3748352374274058e-08,2,2
4,44,1.9550558870977394e-09,3.6996660728147248e-09,0.0,1.3748352374274058e-08,2,2
5,45,3.7816225329345066e-08,1.4167996610417043e-07,0.0,7.283194122965266e-07,2,2
6,43,7.579375887490543e-07,2.6948699380495784e-06,0.0,1.4942461437191617e-05,2,2
7,39,3.5982993825864157e-06,8.347581470534731e-06,0.0,5.2984373027207566e-05,2,2
8,43,7.674611832386556e-06,1.6181220807964154e-05,0.0,9.008021920948165e-05,2,2
9,43,1.7700852997513104e-05,2.92628410390622e-05,0.0,0.0001279331831622641,2,2
10,45,3.0102016797250105e-05,4.2358445525134854e-05,0.0,0.00015128846630001937,2,2
11,45,5.013913965699167e-05,5.1429459295732643e-05,0.0,0.00018350196338727277,2,2
12,47,6.102680281372871e-05,6.322073311844165e-05,0.0,0.00018767922832821588,2,2
13,47,5.085980657289899e-05,6.62122979063454e-05,0.0,0.00018350196338727277,2,2
14,47,6.168277119114254e-05,6.39690048086289e-05,0.0,0.00019601832377674988,2,2
15,48,8.120901299237913e-05,7.936566799154951e-05,0.0,0.0003108943150760751,2,2
16,48,0.00017676731639968253,0.0003885928109688215,0.0,0.0024739857992580583,2,2
17,43,0.00019431711104581613,0.0003513901213715714,7.437258263845229e-10,0.00207523613530084,2,2
18,44,0.00023865906793409043,0.0004246129563489324,3.9558994222357175e-08,0.002133268296994717,2,2
19,43,0.00035752263678572185,0.0005610251306059417,0.0,0.002120829252706193,2,2
20,47,0.0005793777727093678,0.0008028642480053636,8.366274776352797e-09,0.004100885006797966,2,2
21,45,0.0008218072807779625,0.0010015441280355987,1.3811613665427289e-08,0.004100885006797966,2,2
22,43,0.0009955892284546272,0.0011221214631023989,4.759278180702832e-10,0.004100885006797966,2,2
23,39,0.00135591897910577,0.0011036360282742504,8.37806698378464e-09,0.004100885006797966,2,2
24,43,0.0011518196801265344,0.0010797184382156512,4.759278180694997e-10,0.004100885006797966,2,2
25,46,0.001128928447307934,0.0012641702048292365,1.0015490249030004e-08,0.004826548910534871,2,2
26,48,0.0008039221827467222,0.0012237702194669966,4.759278180694997e-10,0.004826548910534871,2,2
27,47,0.0009689680219345721,0.0012699169813240921,5.1717243603978346e-08,0.004826548910534871,2,2
28,47,0.0010436291660669728,0.0014846460004436194,4.046988423080571e-10,0.004826548910534871,2,2
29,45,0.0015008896771043334,0.001641051118556698,1.0015490249030004e-08,0.004826548910534871,2,2
30,45,0.0016313616545487175,0.0020947427750792067,4.759278180694997e-10,0.007315790197717352,2,2
31,43,0.0022798247470905988,0.002320989148719498,4.759278180694997e-10,0.007315790197717352,2,2
32,46,0.002672273141885639,0.002624422346194945,4.759278180694997e-10,0.007315790197717352,2,2
33,48,0.00231901607552744,0.0025455911848252712,4.759278180694997e-10,0.007315790197717352,2,2
34,46,0.0026092914088130877,0.002785377461904131,8.908314009358891e-10,0.007315790197717352,2,2
35,47,0.0014380780261532403,0.002065845868226276,6.464707514822459e-09,0.007315790197717352,2,2
36,47,0.0012775608845146233,0.0018515549101581115,4.759278180694997e-10,0.007315790197717352,2,2
37,45,0.0021905200544674566,0.0023003663969775093,1.0015490249030004e-08,0.007315790197717352,2,2
38,43,0.0020852005709068424,0.002704419241952966,8.908314009358891e-10,0.007315790197717352,2,2
39,43,0.0021841214715569903,0.0025512674100591063,6.415991196417204e-09,0.007315790197717352,2,2
40,47,0.002693381286331843,0.0027351256269909797,4.759278180694997e-10,0.007315790197717352,2,2
41,45,0.003475289352558712,0.003112117350736217,8.908314009355423e-10,0.007315790197717352,2,2
42,47,0.0026170386518243154,0.0031491719420769526,4.759278180694997e-10,0.007315790197717352,2,2
43,49,0.0024315931088187692,0.0029630973253442867,4.759278180694997e-10,0.007315790197717352,2,2
44,44,0.0034695841209336315,0.0033536328217205306,1.0015490249030004e-08,0.007315790197717352,2,2
45,43,0.0032916907347157877,0.003294118155035577,4.759278180694997e-10,0.007315790197717352,2,2
46,47,0.0019155972953230494,0.0026892966566966726,4.759278180694997e-10,0.007315790197717352,2,2
47,46,0.00279153613497054,0.003178008858622126,4.759278180694997e-10,0.0073937271786666476,2,2
48,50,0.002667769016464603,0.003142245146930012,4.759278180694997e-10,0.0073937271786666476,2,2
49,47,0.002157313133191049,0.0029872978988219286,4.759278180694997e-10,0.007315790197717352,2,2
50,48,0.0026676962512743965,0.0030053487203160778,8.197384013035546e-13,0.007315790197717352,2,2
51,49,0.002851425056398984,0.0031711990407673404,1.0015490249030004e-08,0.007315790197717352,2,2
52,45,0.0036933129908205088,0.003168888064536853,7.808926330865038e-08,0.007315790197717352,2,2
53,44,0.0034123126349057354,0.003361007992236782,4.759278180694997e-10,0.007315790197717352,2,2
54,44,0.0038246623947666403,0.003325209648896415,1.0015490249030004e-08,0.007315790197717352,2,2
55,45,0.004105841101664519,0.0034215812378478976,4.759278180694997e-10,0.007315790197717352,2,2
56,46,0.0029456762992007596,0.0032960082850897444,4.759278180694997e-10,0.007315790197717352,2,2
57,46,0.003037098083135729,0.0033057884779969576,4.759278180694997e-10,0.007315790197717352,2,2
58,46,0.0030404618082155222,0.0032933078252616508,1.0015490249030004e-08,0.007315790197717352,2,2
59,45,0.003547799057281963,0.0034171103420461836,4.759278180694997e-10,0.007315790197717352,2,2
60,46,0.004039841357980023,0.0031896606812541364,7.808926330865038e-08,0.007315790197717352,2,2
61,49,0.0034051117330577,0.003264329536897581,4.759278180694997e-10,0.007410683953403154,2,2
62,45,0.003491301185660681,0.0033385214101099483,4.759278180694997e-10,0.007410683953403154,2,2
63,46,0.002654462230249449,0.0031582879698097573,7.362482294536349e-10,0.007410683953403154,2,2
64,48,0.0027770457096312974,0.0034406052189833516,8.908314009358891e-10,0.007410683953403154,2,2
65,44,0.0038772875826532955,0.003526992023174917,1.063222113488501e-09,0.007410683953403154,2,2
66,46,0.004751040480835892,0.0033172174783385106,1.063222113488501e-09,0.007410683953403154,2,2
67,46,0.0036889189544978057,0.003407150690538914,1.063222113488501e-09,0.007410683953403154,2,2
68,43,0.004544263408110249,0.003329146888728834,1.063222113488501e-09,0.007730585851489441,2,2
69,45,0.0037754836068004064,0.003519408710653007,7.362482294536349e-10,0.007410683953403154,2,2
70,43,0.0035222469987682115,0.003475117366477028,1.063222113488501e-09,0.007410683953403154,2,2
71,48,0.00336068715893157,0.0033491210652341016,1.063222113488501e-09,0.007410683953403154,2,2
72,40,0.0043351662160171145,0.0035126932978178024,1.063222113488501e-09,0.007410683953403154,2,2
73,48,0.0041753236156159565,0.0033663603474612413,7.362482294536349e-10,0.007602691975103301,2,2
74,43,0.004147760701401431,0.0033732368748721157,2.290825893651115e-08,0.007602691975103301,2,2
75,44,0.003861035561121112,0.0034606147268669276,7.362482294536349e-10,0.007602691975103301,2,2
76,46,0.004651405136654329,0.003319960086672258,2.0862866511102225e-10,0.007602691975103301,2,2
77,45,0.004609680673761446,0.0034553691584860626,1.063222113488501e-09,0.007602691975103301,2,2
78,45,0.004066803354296881,0.003452132466981835,7.362482294536349e-10,0.007602691975103301,2,2
79,46,0.003957023345215418,0.0035652495071490015,7.362482294536349e-10,0.007602691975103301,2,2
80,43,0.004901454120620308,0.0034584359637006407,2.290825893651115e-08,0.007602691975103301,2,2
81,46,0.0038284715634126854,0.003571885838604592,7.362482294536349e-10,0.007602691975103301,2,2
82,46,0.004150342584287591,0.003494862459002334,1.063222113488501e-09,0.007602691975103301,2,2
83,42,0.004987303820528307,0.003374141540097263,7.362482294536349e-10,0.007602691975103301,2,2
84,46,0.003506663211134356,0.0036197002225592154,7.362482294536349e-10,0.007687879346968836,2,2
85,43,0.004632801953446513,0.0034767194733822697,1.063222113488501e-09,0.007687879346968836,2,2
86,47,0.004597786186509781,0.003596432103002164,8.627350553707859e-10,0.007687879346968836,2,2
87,45,0.0047780466033168325,0.0034837849559067,4.466471150638384e-10,0.007687879346968836,2,2
88,46,0.004429589530666321,0.0032954227832113787,4.466471150638384e-10,0.007687879346968836,2,2
89,45,0.005255972667143543,0.003101189700050964,3.6330242783686926e-08,0.007687879346968836,2,2
90,42,0.00508202107193793,0.0033583318622960397,4.466471150638384e-10,0.007687879346968836,2,2
91,44,0.004029708678402915,0.003604784343872471,4.466471150638384e-10,0.007687879346968836,2,2
92,42,0.004685410764254246,0.00344536997711656,8.627350553707859e-10,0.007687879346968836,2,2
93,48,0.005022440112225448,0.00321180590376185,4.466471150638384e-10,0.007687879346968836,2,2
94,46,0.005088819270594624,0.0032625893642794605,3.6330242783686926e-08,0.007687879346968836,2,2
95,45,0.004649810671186455,0.003445773402714212,8.627350553707859e-10,0.007687879346968836,2,2
96,45,0.005252086598709312,0.003292008088640619,4.466471150638384e-10,0.007687879346968836,2,2
97,42,0.0051948052860968565,0.003355869845171078,8.627350553707859e-10,0.007687879346968836,2,2
98,41,0.005890517954041934,0.00288791700611931,8.627350553707859e-10,0.007687879346968836,2,2
99,41,0.004974123955355344,0.003391276542201424,8.627350553707859e-10,0.007687879346968836,2,2
100,43,0.004955693544953867,0.003298000130430264,8.627350553707859e-10,0.007687879346968836,2,2
