gen,nevals,avg,stddev,min,max,run,wlasne_prawd
0,50,0.0,0.0,0.0,0.0,4,2
1,46,3.408860142327522e-13,5.466337170865303e-13,0.0,1.2174500508312578e-12,4,2
2,43,1.3441843254182055e-10,2.854739476647987e-10,0.0,7.437258263850433e-10,4,2
3,43,7.524267118525304e-10,1.975899513885296e-09,0.0,1.3748352374274058e-08,4,2
4,46,3.734110223447357e-09,1.762145234505424e-08,0.0,1.256339735189557e-07,4,2
5,44,2.321546228740049e-08,1.0367054969412933e-07,0.0,7.27294998330363e-07,4,2
6,42,1.1940043772431367e-07,3.229540441683216e-07,0.0,2.0011314867614774e-06,4,2
7,42,5.52276061499148e-07,1.9565955511939694e-06,0.0,1.3689990445534364e-05,4,2
8,47,4.255981893246269e-06,1.3954553151419953e-05,0.0,6.930175389616208e-05,4,2
9,47,7.044899371975436e-06,1.778056928072697e-05,0.0,8.444142942398064e-05,4,2
10,47,1.8690381754342926e-05,3.340893891843145e-05,0.0,0.00019128604864230027,4,2
11,47,3.779357090500788e-05,5.4182952783144526e-05,0.0,0.00028258055064125085,4,2
12,42,5.921142560715055e-05,6.260676410521561e-05,0.0,0.00025207029427771,4,2
13,44,7.789961145029597e-05,8.536014220086278e-05,0.0,0.0002929634487458291,4,2
14,43,0.00011346051294376613,9.340251117163738e-05,0.0,0.0002929634487458291,4,2
15,44,0.00013720278182747494,0.00011429245994637616,0.0,0.00031996671050941284,4,2
16,46,0.0001336303379570783,0.0001245260215529191,0.0,0.00031996671050941284,4,2
17,46,0.0001429214308181358,0.00012924164117530777,0.0,0.00031996671050941284,4,2
18,46,0.00015412399442992278,0.00013677572401446498,0.0,0.0003351472355021064,4,2
19,47,0.00017275360152997992,0.00012753706491726522,0.0,0.0003351472355021064,4,2
20,41,0.0001638656508823131,0.00013553819885594721,0.0,0.0003351472355021064,4,2
21,45,0.00017212379736656326,0.00014535512174089358,0.0,0.0005607854237796341,4,2
22,46,0.00018035959570561225,0.00013207893737977218,0.0,0.000383171229552923,4,2
23,44,0.00017217164805127794,0.00014942969110659458,0.0,0.000383171229552923,4,2
24,46,0.00019279592031999003,0.00016512561428822095,0.0,0.0006796183863951679,4,2
25,44,0.00025483852496144206,0.00016480151461998842,0.0,0.0006796183863951679,4,2
26,45,0.00024647874838490175,0.00020285904401312878,0.0,0.0007438091108302606,4,2
27,47,0.0002536663396630402,0.00024254139961428557,0.0,0.0007438091108302606,4,2
28,45,0.0003886515081087364,0.00026683882403435847,0.0,0.0007438091108302606,4,2
29,45,0.00035841182353347795,0.0003127618011178196,0.0,0.0007438091108302606,4,2
30,45,0.000469715437469519,0.0002934360123766782,0.0,0.0007408783581559268,4,2
31,45,0.00047422189163299003,0.00031012321173692046,0.0,0.0007723157878778836,4,2
32,46,0.0004768615215211798,0.0003200435243259846,0.0,0.0010898030003570814,4,2
33,45,0.000513579494340057,0.0003997655144595675,1.7785431010813147e-07,0.0012872538580997795,4,2
34,45,0.0005379851087961062,0.0004262617569838642,0.0,0.0012872538580997795,4,2
35,44,0.0005572604943118376,0.0004688287074140612,0.0,0.0013348912273456652,4,2
36,41,0.000864682695741175,0.0004940334700623217,0.0,0.001422589771829869,4,2
37,44,0.0008906548645007828,0.0005864922423515759,0.0,0.001422589771829869,4,2
38,47,0.0007079861615412389,0.0006013684175171821,0.0,0.001422589771829869,4,2
39,41,0.0007943312508711843,0.0006070068940967592,4.108923957539179e-08,0.001422589771829869,4,2
40,46,0.0009043726243711102,0.0006118753538413038,0.0,0.001422589771829869,4,2
41,47,0.0008630868083041549,0.0006369646165678922,0.0,0.001422589771829869,4,2
42,45,0.0008921293869569601,0.0006646516260367045,0.0,0.001422589771829869,4,2
43,48,0.0009781460829668715,0.0005972928352154944,0.0,0.001422589771829869,4,2
44,48,0.000904313555629391,0.0006218264626836833,0.0,0.001422589771829869,4,2
45,46,0.0009040301112942312,0.000624783023949426,0.0,0.001422589771829869,4,2
46,43,0.0011148081166570335,0.0005449650346979628,3.4017545694948524e-08,0.001422589771829869,4,2
47,44,0.0008873097728779312,0.0006490923590548888,0.0,0.001422589771829869,4,2
48,44,0.0009082487233119399,0.0006257907752819971,0.0,0.001422589771829869,4,2
49,43,0.0008206909398156296,0.0006537629595156364,0.0,0.001422589771829869,4,2
50,38,0.00102421610570735,0.0005883984616880824,0.0,0.001422589771829869,4,2
51,47,0.0009701455219860585,0.000609632247241634,0.0,0.001422589771829869,4,2
52,45,0.0009839161158168234,0.0006236123320076111,0.0,0.001422589771829869,4,2
53,42,0.001093890890197427,0.0005554932943595747,1.250906290076362e-07,0.001422589771829869,4,2
54,47,0.0008508816415489756,0.0006596430049675041,0.0,0.001422589771829869,4,2
55,47,0.0010449051969870285,0.0005665451772020585,1.250906290076362e-07,0.001422589771829869,4,2
56,49,0.0008138099571780599,0.0006503246822705596,0.0,0.001422589771829869,4,2
57,47,0.000836617513812942,0.000655689772495828,0.0,0.001422589771829869,4,2
58,45,0.0009920187064722098,0.0006059212936374883,3.4017545694948524e-08,0.001422589771829869,4,2
59,43,0.0010115655882425873,0.0006220546304832071,6.933366844223105e-09,0.001422589771829869,4,2
60,45,0.0008971249042162817,0.0006414495787944997,0.0,0.001422589771829869,4,2
61,45,0.0006068692174988144,0.0006604862279963124,0.0,0.001422589771829869,4,2
62,42,0.0009420101472178425,0.0006217494188788305,0.0,0.001422589771829869,4,2
63,46,0.0010719769506409161,0.0005563110687172981,0.0,0.0014269777933414859,4,2
64,45,0.0011338691112735494,0.0005161611810142593,3.4017545694948524e-08,0.0014269777933414859,4,2
65,45,0.0009246188642240665,0.0006427109393401855,0.0,0.0014269777933414859,4,2
66,47,0.001049161280581525,0.000586308569062539,0.0,0.0014269777933414859,4,2
67,42,0.0010691974226097736,0.0005776721806296562,2.984998466009357e-08,0.0014269777933414859,4,2
68,48,0.0008342180542011316,0.0006401844161559877,0.0,0.0014269777933414859,4,2
69,44,0.0009724097841863294,0.0005915425526227361,0.0,0.0014269777933414859,4,2
70,47,0.0010402922947502684,0.0006059834089629178,0.0,0.0014269777933414859,4,2
71,46,0.0007837682385053679,0.000650355644080205,0.0,0.0014269777933414859,4,2
72,46,0.0009295497256133747,0.0006077542616067359,0.0,0.0014269777933414859,4,2
73,45,0.0009024249251758269,0.0006402504175848411,0.0,0.0014269777933414859,4,2
74,47,0.0010603568771804142,0.0006053496571586429,0.0,0.0020840427924892994,4,2
75,48,0.0008262137464158306,0.0006911237053392054,0.0,0.0020840427924892994,4,2
76,44,0.0011844579098088746,0.0008021240020759964,0.0,0.0037614652300932624,4,2
77,47,0.0013536817863116694,0.0010077388894249994,0.0,0.0037614652300932624,4,2
78,45,0.0016958302160748233,0.0013467701852857524,0.0,0.004141018759654322,4,2
79,42,0.0022139877047175492,0.0015050290482457945,0.0,0.004141018759654322,4,2
80,48,0.0023356070918881247,0.0017628056269863904,0.0,0.004141018759654322,4,2
81,41,0.0027514219248619422,0.0018197407001838385,0.0,0.004824114119310884,4,2
82,45,0.0027182054172145156,0.0019041192246217365,0.0,0.004824114119310884,4,2
83,47,0.0031311760397698075,0.0018557993456121782,0.0,0.006383818395518238,4,2
84,43,0.0034765474703391795,0.0021902063202936597,0.0,0.006383818395518238,4,2
85,49,0.0032152120523056766,0.002680853412464309,0.0,0.006383818395518238,4,2
86,46,0.004340323856728651,0.00270034464942818,0.0,0.00639452836309978,4,2
87,47,0.0038842367112237246,0.0029600545293744745,0.0,0.00639452836309978,4,2
88,45,0.0043403522136796656,0.0028132412637224733,0.0,0.00639452836309978,4,2
89,45,0.004890628237465602,0.0026352896384536297,2.86709864692016e-07,0.00639452836309978,4,2
90,46,0.004047818149133487,0.0029523281869533887,0.0,0.0064380539702806145,4,2
91,47,0.004335628161206544,0.0028142481779348943,0.0,0.00639452836309978,4,2
92,46,0.003957717805039257,0.002993518977142871,0.0,0.006412720162733481,4,2
93,47,0.005059943297609162,0.0025156829356904483,0.0,0.006412720162733481,4,2
94,45,0.003606838557488459,0.0030837039308090346,0.0,0.006412720162733481,4,2
95,42,0.0043861664385496865,0.002789882268542432,0.0,0.006412720162733481,4,2
96,45,0.004320820397785417,0.0028066273691170684,0.0,0.006412720162733481,4,2
97,45,0.0048771998607347105,0.002599064603959353,0.0,0.006412720162733481,4,2
98,43,0.004644447326401981,0.0026419263362100947,0.0,0.006412720162733481,4,2
99,43,0.004396027536598056,0.002878458892928718,0.0,0.006412720162733481,4,2
100,45,0.004252577797855941,0.002830270680336004,0.0,0.006412720162733481,4,2
