gen,nevals,avg,stddev,min,max,run,wlasne_prawd
0,50,0.0,0.0,0.0,0.0,5,2
1,48,2.191410091496264e-13,4.677290357004888e-13,0.0,1.2174500508312578e-12,5,2
2,46,7.51460603351152e-11,2.228618181567279e-10,0.0,7.437258263850433e-10,5,2
3,46,5.81139981037392e-10,1.9182013110334556e-09,0.0,1.3748352374274058e-08,5,2
4,46,1.1130031954145234e-08,6.979739034276056e-08,0.0,4.993584515198746e-07,5,2
5,42,3.038110850590738e-07,1.9720007050318415e-06,0.0,1.4096733786222231e-05,5,2
6,46,5.185110986474024e-07,2.098089391012921e-06,0.0,1.4096733786222231e-05,5,2
7,44,1.2069328105360809e-06,2.8446040393525243e-06,0.0,1.5586139870007584e-05,5,2
8,44,3.0656963957611907e-06,4.690816992429004e-06,0.0,1.5586139870007584e-05,5,2
9,48,8.166522747020856e-06,1.0544888002426409e-05,7.707376403764953e-19,6.451575644779983e-05,5,2
10,46,4.732558492189369e-05,0.0001838288087295202,0.0,0.0013192446547801886,5,2
11,46,0.00010522880830231502,0.0002533297236559771,0.0,0.0013192446547801886,5,2
12,43,0.0002049421348477467,0.0003360310823209872,0.0,0.0013192446547801886,5,2
13,47,0.0004261842176937061,0.000496003905451832,2.7740601195386395e-08,0.0013225107553250079,5,2
14,47,0.0006625611839911338,0.0005701701165747607,0.0,0.0014425527096875146,5,2
15,44,0.0006959720691876362,0.0005871025756339089,0.0,0.0014425527096875146,5,2
16,46,0.0008178440683613658,0.0005904931766583569,1.9214237003936264e-18,0.0017782613694645622,5,2
17,48,0.001053881131361204,0.0005517166745158381,0.0,0.002096873343114091,5,2
18,45,0.0010169204480683473,0.000640735491556205,0.0,0.002096873343114091,5,2
19,44,0.0010926013633120628,0.0006577815024348884,2.9564469942565877e-18,0.0020022624531569884,5,2
20,48,0.001024050786734633,0.0007919954329565771,0.0,0.002076692427078729,5,2
21,45,0.0010294112351181745,0.0008354959400369615,0.0,0.0021391106604787525,5,2
22,45,0.0011690376282901776,0.0009029459001504844,0.0,0.0029531745187280187,5,2
23,45,0.0012105711901992916,0.0009210813242472438,0.0,0.0029531745187280187,5,2
24,45,0.0010503488601597026,0.0009612470873021904,0.0,0.0029531745187280187,5,2
25,48,0.0013563771896276332,0.0009327287797910193,0.0,0.0029531745187280187,5,2
26,49,0.0010144906145713537,0.0009669237904957778,0.0,0.0029531745187280187,5,2
27,43,0.0011550483310896057,0.0009704083113462537,0.0,0.0029531745187280187,5,2
28,41,0.0012215328157487552,0.0009549668758766836,0.0,0.0029531745187280187,5,2
29,45,0.0013091286457709741,0.0010062147577502062,0.0,0.0029531745187280187,5,2
30,42,0.0013366581624088558,0.0011121688687356869,0.0,0.0031581790701880642,5,2
31,47,0.001395138089493681,0.0010724187055848038,0.0,0.0029531745187280187,5,2
32,45,0.0012791103209937313,0.0011760523683337582,0.0,0.0029531745187280187,5,2
33,44,0.0014714372120823718,0.001215749453674819,0.0,0.0029590182227584626,5,2
34,45,0.001624596809060505,0.0012723416773707064,0.0,0.003042255628905877,5,2
35,46,0.0016035543961710056,0.0012395742594275374,0.0,0.003042255628905877,5,2
36,44,0.0015491772974703553,0.0013030531345114844,5.80314562856029e-08,0.0031110392165889303,5,2
37,46,0.0012580874673526023,0.0013414300904519018,0.0,0.003042255628905877,5,2
38,46,0.001558726227232283,0.0013564895736248703,0.0,0.003042255628905877,5,2
39,47,0.001505428813962533,0.0013140225893910101,0.0,0.003557342885558737,5,2
40,45,0.0016720782988155914,0.0014191296868202035,0.0,0.003557342885558737,5,2
41,44,0.0018931819254731823,0.00143140089735692,0.0,0.003557342885558737,5,2
42,49,0.0019239955639169385,0.0014377325203683436,0.0,0.003557342885558737,5,2
43,46,0.0016342246973610457,0.0016017472520651135,0.0,0.003557342885558737,5,2
44,43,0.0020390052460529298,0.0016446131303193767,0.0,0.003557342885558737,5,2
45,49,0.0018556632987771545,0.0016170338579469536,3.1426960612453548e-18,0.003557342885558737,5,2
46,47,0.0019314912273556912,0.0016887730296005867,0.0,0.003689689326628956,5,2
47,44,0.0021174257469113856,0.001649133854233193,0.0,0.003689689326628956,5,2
48,43,0.0018939176529403404,0.0017110491984257507,0.0,0.003689689326628956,5,2
49,46,0.0021021109245714757,0.001568575818561614,0.0,0.003689689326628956,5,2
50,43,0.0016728618301793555,0.0015964880107650749,3.1426960612453548e-18,0.003689689326628956,5,2
51,47,0.002000805796240297,0.0016003921166019362,0.0,0.003689689326628956,5,2
52,45,0.0020842048548469273,0.0017020701722058192,3.1426960612453548e-18,0.003689689326628956,5,2
53,44,0.001797183983300317,0.0017190846014114426,0.0,0.003689689326628956,5,2
54,45,0.0017578556841034625,0.0016275741988952706,0.0,0.003689689326628956,5,2
55,48,0.001622743899804452,0.0016095515551106609,0.0,0.003689689326628956,5,2
56,47,0.0017377694453928052,0.0016960508490442014,0.0,0.003689689326628956,5,2
57,44,0.002126960228653765,0.0016404490891872372,0.0,0.003689689326628956,5,2
58,46,0.0020534087870112626,0.0016813724559695935,0.0,0.003689689326628956,5,2
59,45,0.0024130965037414643,0.0016476203549970886,0.0,0.003689689326628956,5,2
60,48,0.0016927409545527848,0.001684010837579597,0.0,0.003689689326628956,5,2
61,43,0.0018479690835731942,0.0016795705565576253,0.0,0.003689689326628956,5,2
62,45,0.0022666353597462583,0.0017003995248424388,0.0,0.003689689326628956,5,2
63,47,0.0023583638439465563,0.0016237001154951708,0.0,0.003689689326628956,5,2
64,49,0.00185263720655711,0.0016693098288534164,0.0,0.003689689326628956,5,2
65,47,0.001875362704451711,0.001653993691456186,0.0,0.003689689326628956,5,2
66,46,0.002056013084125192,0.0016658861257381062,0.0,0.003689689326628956,5,2
67,43,0.0017795540154767503,0.0017304590790065734,0.0,0.003689689326628956,5,2
68,44,0.001753047161296917,0.0016730774143612838,0.0,0.003689689326628956,5,2
69,41,0.002663252881599449,0.0015508040879382713,0.0,0.003689689326628956,5,2
70,45,0.0024092413656898225,0.0015884267670331369,3.1426960612453548e-18,0.003689689326628956,5,2
71,48,0.002209686459261729,0.0016770059528694056,0.0,0.003689689326628956,5,2
72,45,0.002057718541132121,0.0017007302915898418,3.1426960612453548e-18,0.003689689326628956,5,2
73,44,0.0023585068631921196,0.0015560761831711737,0.0,0.003689689326628956,5,2
74,46,0.002563261335528601,0.001531916694526285,0.0,0.003689689326628956,5,2
75,46,0.002543239784621544,0.0015286995819485127,0.0,0.003689689326628956,5,2
76,46,0.002024950087185977,0.0017283426357268565,0.0,0.003689689326628956,5,2
77,49,0.001453628869489402,0.0016525503501040135,0.0,0.003689689326628956,5,2
78,46,0.002488727063232713,0.0016044819888500679,0.0,0.003689689326628956,5,2
79,46,0.001941895919390432,0.001771365788645891,0.0,0.003689689326628956,5,2
80,42,0.0022459220115277996,0.0016769255173556276,0.0,0.003689689326628956,5,2
81,43,0.0021813933109157612,0.00172607230531557,0.0,0.003689689326628956,5,2
82,44,0.0016822034824408487,0.0016715217004606567,0.0,0.003689689326628956,5,2
83,44,0.002244982060611514,0.0016347252395567406,0.0,0.003689689326628956,5,2
84,48,0.0019409014142295431,0.0016674148739887571,0.0,0.003689689326628956,5,2
85,46,0.0021380198515623203,0.0016644648963593676,0.0,0.003689689326628956,5,2
86,47,0.0019831607806853123,0.0016652399150219692,0.0,0.003689689326628956,5,2
87,45,0.0022695346566144903,0.0016436472136861665,0.0,0.003689689326628956,5,2
88,42,0.0024318745619018277,0.0016112001859911406,3.1426960612453548e-18,0.003689689326628956,5,2
89,47,0.0023857257413695244,0.001738779327939124,0.0,0.003689689326628956,5,2
90,47,0.0023441761462425527,0.0016904322909950648,0.0,0.003689689326628956,5,2
91,45,0.001714344685293706,0.0017942207232432695,0.0,0.003689689326628956,5,2
92,46,0.0024792790780874155,0.0016574736555778455,0.0,0.003689689326628956,5,2
93,38,0.0026514626660885123,0.001541256764850549,0.0,0.003689689326628956,5,2
94,46,0.0023838650944885045,0.0016340092352610139,0.0,0.003689689326628956,5,2
95,46,0.0021439025376729553,0.0017143646421057986,0.0,0.003689689326628956,5,2
96,46,0.002171002317322245,0.0017225738185377463,3.1426960612453548e-18,0.003689689326628956,5,2
97,47,0.0020034775782105537,0.001725715497840735,0.0,0.003689689326628956,5,2
98,47,0.002363188505319238,0.0016513984386799356,3.1426960612453548e-18,0.003689689326628956,5,2
99,44,0.0018883642039855516,0.0016973744915520514,3.1426960612453548e-18,0.003689689326628956,5,2
100,45,0.002237612513483221,0.0017082236728147048,0.0,0.003689689326628956,5,2
