gen,nevals,avg,stddev,min,max,run,wlasne_prawd
0,50,0.0,0.0,0.0,0.0,10,2
1,46,4.62631019315878e-13,5.909337508968192e-13,0.0,1.2174500508312578e-12,10,2
2,45,2.0190778914461104e-10,3.7456862213397893e-10,0.0,1.715727874615181e-09,10,2
3,47,7.247240951348942e-10,9.550250112572935e-10,0.0,6.54869339516643e-09,10,2
4,42,9.060963658370385e-09,5.518968107235587e-08,0.0,3.952644907205169e-07,10,2
5,45,6.009553612075706e-08,1.4869210544280297e-07,0.0,6.657213512952532e-07,10,2
6,40,2.502316801184496e-07,6.11335383047306e-07,1.587842727824935e-10,4.162619349335844e-06,10,2
7,48,1.7437917838219935e-06,4.407070373601781e-06,0.0,2.358076896957993e-05,10,2
8,43,5.976635340035508e-06,7.617218062084271e-06,0.0,2.6304630943247438e-05,10,2
9,43,1.1837444835440491e-05,9.825681737513477e-06,0.0,3.609294769650852e-05,10,2
10,44,2.1422598666612637e-05,3.749573411753404e-05,0.0,0.00027209291087566475,10,2
11,43,2.310138429678789e-05,4.169347805172651e-05,0.0,0.0003001758382194114,10,2
12,49,4.042688458112484e-05,7.321995221294405e-05,0.0,0.00030970768563996537,10,2
13,44,5.5753280724006445e-05,9.62720730644515e-05,0.0,0.00030970768563996537,10,2
14,47,9.346244781635799e-05,0.00012184174493784989,0.0,0.00030970768563996537,10,2
15,45,0.00012239135245732498,0.0001325347698094233,0.0,0.00031168581145366833,10,2
16,44,0.0001686114181150991,0.0001463054177998359,0.0,0.000344874398021193,10,2
17,43,0.00015791644296678665,0.00014041151191903533,0.0,0.0003445437618726748,10,2
18,46,0.0001614173948100179,0.000143385772469699,0.0,0.0003445437618726748,10,2
19,41,0.00020770026068900156,0.000140167516966234,0.0,0.0003743337475920321,10,2
20,43,0.0001914536031315305,0.0001473067716247385,0.0,0.0003743337475920321,10,2
21,44,0.00019490620247640506,0.00015543288070427703,0.0,0.00042009285974006246,10,2
22,47,0.00018529231487309438,0.0001522017844159247,0.0,0.00042009285974006246,10,2
23,46,0.00020544638750062439,0.00015798770902518777,0.0,0.00042167887256954514,10,2
24,43,0.00020515064983140575,0.00015669005438251037,0.0,0.00042167887256954514,10,2
25,46,0.00015357033268351922,0.00017033501412945962,0.0,0.00041431462315661734,10,2
26,47,0.00019281608988917033,0.00017040009967273593,0.0,0.00042167887256954514,10,2
27,46,0.0001786643673010672,0.00017103052566012317,0.0,0.00042167887256954514,10,2
28,46,0.00015629589655491872,0.00016256718362367997,0.0,0.00041431462315661734,10,2
29,43,0.00018110434505623914,0.0001667540706966452,0.0,0.00041431462315661734,10,2
30,44,0.00020354866015997607,0.00016153003493245982,0.0,0.00041431462315661734,10,2
31,42,0.00020207104913694626,0.00017730583274087506,0.0,0.00047111091005209847,10,2
32,46,0.00017214711415001333,0.00016471850901822647,0.0,0.00047111091005209847,10,2
33,43,0.00016792467099938416,0.0001734915109298847,0.0,0.00047111091005209847,10,2
34,46,0.0001645844294169863,0.0001602628747529823,0.0,0.00047111091005209847,10,2
35,45,0.0001706356192101952,0.00017119908520378242,0.0,0.0004889549714944786,10,2
36,45,0.000226147319633021,0.00016740026621631026,0.0,0.0004889549714944786,10,2
37,47,0.00020573931696954661,0.00018177137424090002,0.0,0.0004889549714944786,10,2
38,48,0.00020881044961028095,0.00018583802071100457,0.0,0.0004889549714944786,10,2
39,43,0.00022447679925141108,0.0001989062701730186,0.0,0.0004889549714944786,10,2
40,46,0.00018473608808891904,0.00018343716069427977,0.0,0.0004889549714944786,10,2
41,45,0.00021585242710206587,0.0001801453698743766,0.0,0.0004889549714944786,10,2
42,46,0.00020667136373287703,0.00017759954869764078,0.0,0.0004889549714944786,10,2
43,45,0.00023421661938245245,0.00018809939939329505,5.694425489090515e-11,0.0004889549714944786,10,2
44,43,0.00023167018624108406,0.00018886959174897522,0.0,0.0004889549714944786,10,2
45,46,0.00025222329311056624,0.00019282294835961246,0.0,0.0004889549714944786,10,2
46,43,0.0002966072407016999,0.00019390507862097317,5.694425489073169e-11,0.0004889549714944786,10,2
47,43,0.0002682701315284596,0.000203606797327413,5.6944254890121256e-11,0.0004889549714944786,10,2
48,44,0.0002571645030537025,0.00021701866839276375,0.0,0.0004889549714944786,10,2
49,46,0.000224820207268611,0.00021105402503451286,0.0,0.0004889549714944786,10,2
50,48,0.00021505349246183158,0.0001988026602256568,0.0,0.0005096816232950989,10,2
51,45,0.0002572686448341542,0.00020781970664334845,0.0,0.0005096816232950989,10,2
52,46,0.00027018689956765914,0.0002147872251731523,0.0,0.0005096816232950989,10,2
53,46,0.00026302611246807513,0.00020341727275759535,0.0,0.0005096816232950989,10,2
54,45,0.00026620747980869106,0.00020700625852531777,0.0,0.0005096816232950989,10,2
55,42,0.00027793009246926187,0.00021482330405454868,5.6944254890121256e-11,0.0005096816232950989,10,2
56,47,0.0002715855001582353,0.0002094706794109429,0.0,0.0005096816232950989,10,2
57,45,0.0002661373654207879,0.00021324102616611588,5.6944254891078615e-11,0.0005096816232950989,10,2
58,43,0.00023787280788541067,0.00021951586677410062,0.0,0.0005096816232950989,10,2
59,46,0.00026618356985787543,0.00021222379812516217,0.0,0.0005096816232950989,10,2
60,46,0.0002781770454783912,0.00021681645412553922,0.0,0.0005096816232950989,10,2
61,48,0.0002811995741450067,0.00020142078817566068,0.0,0.0005096816232950989,10,2
62,48,0.00019809267754350362,0.00019866796661920815,0.0,0.0005096816232950989,10,2
63,45,0.00020587084010974626,0.0001959888080163772,0.0,0.0005096816232950989,10,2
64,47,0.00022756318659960652,0.0001858974984650951,0.0,0.0005096816232950989,10,2
65,43,0.0002882932421304197,0.00019821497153259357,0.0,0.0005096816232950989,10,2
66,46,0.00030469262730050675,0.00020285087965950292,5.6944254890121256e-11,0.0005096816232950989,10,2
67,49,0.0002589982886831702,0.00021941587434153812,0.0,0.0005096816232950989,10,2
68,45,0.0002534071162101653,0.00022237659589832216,0.0,0.0005096816232950989,10,2
69,41,0.0002630626601778186,0.00021655511714641017,0.0,0.0005096816232950989,10,2
70,46,0.0003105953323352997,0.00021411993458381908,5.6944254890121256e-11,0.0005096816232950989,10,2
71,43,0.0002610703641025285,0.00021166546061274577,0.0,0.0005096816232950989,10,2
72,46,0.000294683766607336,0.00019754360129417166,0.0,0.0005096816232950989,10,2
73,44,0.00027607169575672276,0.00020506452092497674,0.0,0.0005096816232950989,10,2
74,45,0.0002714665415708261,0.0002188933884363493,5.6944254891078615e-11,0.0005096816232950989,10,2
75,45,0.00023236104448103807,0.00020817256511558422,5.6944254891078615e-11,0.0005096816232950989,10,2
76,47,0.00029716320153233306,0.00020702368475668137,5.6944254890121256e-11,0.0005096816232950989,10,2
77,43,0.00031201828355503195,0.00022322471096923165,0.0,0.0005096816232950989,10,2
78,46,0.00029896466418176626,0.00020044141102538366,0.0,0.0005096816232950989,10,2
79,44,0.0002782900655819794,0.00021721836864747957,0.0,0.0005096816232950989,10,2
80,46,0.00030140853701389475,0.00020731324486765196,0.0,0.0005096816232950989,10,2
81,41,0.00035403135943096507,0.0002003454253434305,0.0,0.0005096816232950989,10,2
82,46,0.00030986647960265957,0.00020762224019700687,5.6944254891078615e-11,0.0005096816232950989,10,2
83,45,0.0002813362947612562,0.00021208031573481434,5.6944254890121256e-11,0.0005096816232950989,10,2
84,45,0.0002909447100833354,0.00021550148947084167,0.0,0.0005096816232950989,10,2
85,44,0.0003177248538187717,0.00021255970080009666,0.0,0.0005096816232950989,10,2
86,48,0.00028374069233815885,0.00019158948172802502,5.707990355708884e-11,0.000521103173156817,10,2
87,43,0.0002532565630169412,0.00021980898528451402,5.6944254891078615e-11,0.0006319165490587209,10,2
88,47,0.00028969741298093444,0.00022491243367926515,0.0,0.0006319165490587209,10,2
89,44,0.00026563383736200963,0.00023098018634383719,5.694425489090515e-11,0.0006319165490587209,10,2
90,45,0.0003216027180123961,0.00024594982854078906,0.0,0.0009200132812744663,10,2
91,44,0.00029783140065702923,0.0002486775569871759,0.0,0.0006319165490587209,10,2
92,47,0.00034754017197396596,0.0002488360957025994,0.0,0.0007670951174098587,10,2
93,46,0.00031068028638659784,0.0002854963830406886,0.0,0.0011227446893690258,10,2
94,44,0.00048815913596140473,0.00036446538311094625,0.0,0.00157373456021614,10,2
95,45,0.0005638753745666873,0.00046248443399969435,0.0,0.001581902224758698,10,2
96,45,0.0005901795471394101,0.0005289569967637372,0.0,0.001581902224758698,10,2
97,40,0.0006638869158326499,0.0007655801965735048,1.490695939162872e-08,0.0033222120027581715,10,2
98,48,0.0008563233164640313,0.0009361302384172393,0.0,0.0033222120027581715,10,2
99,45,0.0007172686093261865,0.0009233462669674939,0.0,0.0033222120027581715,10,2
100,45,0.001139522376512743,0.001198513610405526,6.865579552279725e-08,0.0033222120027581715,10,2
