gen,nevals,avg,stddev,min,max,run,wlasne_prawd
0,50,0.0,0.0,0.0,0.0,3,2
1,46,2.678390111828767e-13,5.043241833064978e-13,0.0,1.2174500508312578e-12,3,2
2,46,9.306880710372408e-11,2.412865438605279e-10,0.0,7.437258263850433e-10,3,2
3,40,3.468294056863048e-07,2.4218942537188585e-06,0.0,1.730007897146636e-05,3,2
4,42,7.408596128794893e-07,3.3861740197599607e-06,0.0,1.730007897146636e-05,3,2
5,45,4.3341179445558e-07,2.4137530464291296e-06,0.0,1.730007897146636e-05,3,2
6,41,1.5120153550437586e-06,4.658597426809585e-06,0.0,1.730007897146636e-05,3,2
7,45,5.0198418671392125e-06,1.2738706697261813e-05,0.0,6.58535747462919e-05,3,2
8,46,1.1405857310047972e-05,1.6182959944331732e-05,0.0,6.58535747462919e-05,3,2
9,44,1.4680772475473919e-05,1.83551069500314e-05,0.0,7.525992525746832e-05,3,2
10,45,2.273356003954058e-05,2.082030217080262e-05,0.0,7.525992525746832e-05,3,2
11,48,2.912338729822453e-05,2.2678159601394233e-05,0.0,7.556783866701525e-05,3,2
12,42,4.5612318114983225e-05,2.4843877464616892e-05,3.972054645195637e-19,8.807819999939251e-05,3,2
13,48,4.5578138023093907e-05,3.260779581878865e-05,0.0,0.0001243774617881416,3,2
14,45,6.198347287311215e-05,3.38951792446656e-05,5.329070518200751e-19,0.0001243774617881416,3,2
15,45,6.251934465991121e-05,4.500627179873519e-05,0.0,0.0001265346198624953,3,2
16,45,7.827904020520132e-05,5.2354215780659285e-05,0.0,0.0002821525220222945,3,2
17,43,0.00010483653111802612,0.00012869950990748727,0.0,0.0009007897585537769,3,2
18,46,0.00011125358804928798,0.00011559704710821706,0.0,0.0006325290400994997,3,2
19,45,0.000120284499195584,0.0001475736878885481,0.0,0.0006656629930070654,3,2
20,44,0.00018130742440379408,0.00019200635799474503,0.0,0.0007910527805237182,3,2
21,45,0.00024100344693666852,0.0002581261927531673,0.0,0.0009007897585537769,3,2
22,46,0.00031955732323937476,0.00027156184217740976,0.0,0.0009669406660314459,3,2
23,45,0.00032087563901403513,0.0003135259516965281,0.0,0.0009669406660314459,3,2
24,45,0.0003692750940113119,0.0003635952632353381,0.0,0.0009669406660314459,3,2
25,45,0.000435940842269886,0.0003878581033853945,0.0,0.0016711819787492703,3,2
26,44,0.0005055101790746707,0.00039749008060795045,0.0,0.0015504992146790604,3,2
27,42,0.00045545392274093816,0.00043326955761499044,0.0,0.0015504992146790604,3,2
28,44,0.0004908058740813459,0.0004955788085764764,0.0,0.0016667758156665323,3,2
29,41,0.0006408752991375815,0.0005982908716890513,0.0,0.0022281681122716473,3,2
30,47,0.0004916517420596792,0.0006487034817559356,0.0,0.0022281681122716473,3,2
31,47,0.0007210872809371294,0.0007784682844130954,0.0,0.0022281681122716473,3,2
32,44,0.0006592075580403112,0.0008057577931972375,0.0,0.0022281681122716473,3,2
33,44,0.0008656354236940747,0.000817789996702678,0.0,0.0022281681122716473,3,2
34,43,0.0008476984111206474,0.0008994602212368021,0.0,0.0022281681122716473,3,2
35,47,0.0008626050697477601,0.000887240550007195,0.0,0.002323528698564818,3,2
36,43,0.0010352055472930136,0.0009663298753801711,0.0,0.0024431253306614682,3,2
37,44,0.0008217181829827057,0.0009197225410948729,0.0,0.002323528698564818,3,2
38,47,0.0011325779531749086,0.0009262112266632056,0.0,0.002323528698564818,3,2
39,46,0.0008947433271243413,0.0008693595657508534,0.0,0.002323528698564818,3,2
40,44,0.0009055359441904028,0.000881679473346226,0.0,0.002323528698564818,3,2
41,45,0.0010637041776452572,0.0009260818212525544,0.0,0.002444320106612682,3,2
42,48,0.0010406889821249472,0.0009376516962890372,0.0,0.002478238097385962,3,2
43,42,0.0013081323725319476,0.0009377093537192315,0.0,0.0025155734504959423,3,2
44,45,0.0013613240833610608,0.0010243275195019647,0.0,0.0027512660361357203,3,2
45,45,0.0013477734014315395,0.001164871476870801,0.0,0.002855632103648932,3,2
46,40,0.0015705825006603446,0.001136096363903904,0.0,0.002855632103648932,3,2
47,43,0.0012496957523532093,0.0012057107289811023,0.0,0.002855632103648932,3,2
48,46,0.001293269471885293,0.0012297557373211192,0.0,0.002855632103648932,3,2
49,47,0.001243792582395936,0.0012379851172109892,0.0,0.002855632103648932,3,2
50,45,0.001537421502496511,0.0012253052405913685,0.0,0.002855632103648932,3,2
51,45,0.0014834129383353184,0.0012777193826394586,0.0,0.002855632103648932,3,2
52,46,0.0014309259456954453,0.0012503893871011335,0.0,0.002855632103648932,3,2
53,44,0.0017749461957964185,0.0012386912819896906,0.0,0.002855632103648932,3,2
54,43,0.001592314304418291,0.0012469062774045918,0.0,0.002855632103648932,3,2
55,47,0.0014364390242152763,0.0012253060530306335,0.0,0.0028631437436340535,3,2
56,45,0.001665807955697604,0.0011474897225543618,0.0,0.0028631437436340535,3,2
57,46,0.001611662644228938,0.0012413970406868996,0.0,0.0028631437436340535,3,2
58,48,0.0017144406688299318,0.0012228568042838917,0.0,0.0029222013729290077,3,2
59,47,0.0013865135480579719,0.0013035087211689326,0.0,0.0028631437436340535,3,2
60,45,0.0018079380734494167,0.0012550317154144746,0.0,0.0028631437436340535,3,2
61,45,0.001542702881898001,0.0012398370240387674,0.0,0.0028631437436340535,3,2
62,46,0.001717137921388704,0.001215247272523577,0.0,0.0028631437436340535,3,2
63,45,0.001955108739831679,0.0012224446356607264,0.0,0.002875059682740177,3,2
64,46,0.0015564868108636028,0.0012625341213741887,0.0,0.002875059682740177,3,2
65,47,0.0014860392217282779,0.0012817752762331951,0.0,0.002875059682740177,3,2
66,47,0.0015350596935275807,0.0012623540485735176,0.0,0.002875059682740177,3,2
67,46,0.0016072153137544262,0.0012556871672395869,0.0,0.002875059682740177,3,2
68,45,0.0018390719322238173,0.0012686936926300423,0.0,0.002909669414615097,3,2
69,46,0.0018430512831031547,0.0013057972101148043,0.0,0.002909669414615097,3,2
70,46,0.0018238400621521545,0.0012704591819457196,0.0,0.002909669414615097,3,2
71,43,0.0017951961765301405,0.0013167414779879651,0.0,0.002909669414615097,3,2
72,42,0.0016067215808403576,0.0013293589854752163,0.0,0.002909669414615097,3,2
73,46,0.001578056076322502,0.001331196598246139,0.0,0.0029770817987815348,3,2
74,45,0.0013694374562100878,0.0013708204720997309,0.0,0.0029770817987815348,3,2
75,42,0.0017816313115052963,0.0013753112852210399,0.0,0.003252831182866583,3,2
76,46,0.0017766499996994492,0.001298676928715215,0.0,0.003252831182866583,3,2
77,45,0.0020384408896539996,0.0012498120493928669,0.0,0.0035420820841082566,3,2
78,48,0.0016620550164854794,0.001424787426100225,0.0,0.0035420820841082566,3,2
79,44,0.001979949168315489,0.0014072860869644745,0.0,0.0035420820841082566,3,2
80,43,0.002028437008582002,0.0014543433796846766,0.0,0.0035420820841082566,3,2
81,47,0.0019026951456876432,0.0015738060837052043,0.0,0.0035420820841082566,3,2
82,47,0.002190328483979966,0.0015221839329983698,0.0,0.0035420820841082566,3,2
83,46,0.001945507931453212,0.0016609119648408432,0.0,0.0035420820841082566,3,2
84,44,0.001851431034158813,0.0015915984395323607,0.0,0.0035420820841082566,3,2
85,44,0.0022424577756234567,0.0015363025534054866,0.0,0.0035420820841082566,3,2
86,40,0.0025540964080341625,0.001407776600433598,0.0,0.0035420820841082566,3,2
87,43,0.002252113516773316,0.00155360824897223,0.0,0.0035420820841082566,3,2
88,45,0.0023417894101083452,0.001514173436410543,0.0,0.003573818402203313,3,2
89,46,0.001943618896775492,0.0015565213901360699,0.0,0.003573818402203313,3,2
90,43,0.0021925968102498965,0.0015127916517062793,0.0,0.003573818402203313,3,2
91,49,0.0017308462796747858,0.0016457952562419524,0.0,0.003573818402203313,3,2
92,47,0.002497696286318341,0.0013861365095642674,0.0,0.003573818402203313,3,2
93,45,0.0021409149976624495,0.0015772689967966896,0.0,0.003573818402203313,3,2
94,45,0.0019719393195862605,0.0016691274776123627,0.0,0.003573818402203313,3,2
95,45,0.002154307564463983,0.0016083833961964438,0.0,0.003573818402203313,3,2
96,45,0.0019145342861100628,0.0015810241177204988,0.0,0.003573818402203313,3,2
97,47,0.0019649970093954553,0.0016482091885841334,0.0,0.003573818402203313,3,2
98,45,0.002224281455055203,0.0015873190709981303,0.0,0.003573818402203313,3,2
99,49,0.0021264791770728327,0.0015523963974999656,0.0,0.003573818402203313,3,2
100,44,0.0020859841577534864,0.0015412595678284797,0.0,0.003573818402203313,3,2
