gen,nevals,avg,stddev,min,max,run,wlasne_prawd
0,50,0.0,0.0,0.0,0.0,7,2
1,49,3.16537013216127e-13,5.340152826410137e-13,0.0,1.2174500508312578e-12,7,2
2,45,1.2736458313605803e-10,3.309587972629203e-10,0.0,1.715727874615181e-09,7,2
3,44,4.321177318104491e-07,3.015655539521303e-06,0.0,2.1541686857337543e-05,7,2
4,44,1.2889803609690084e-06,5.379399010289368e-06,0.0,3.038059189813463e-05,7,2
5,46,6.463969835918665e-06,1.084707062468124e-05,0.0,3.2790994891627065e-05,7,2
6,44,1.3565521176631016e-05,1.2590790806737622e-05,0.0,3.2796500072296556e-05,7,2
7,46,1.4932487169195445e-05,1.3584645234891742e-05,0.0,3.310177497147514e-05,7,2
8,47,1.8904546160746922e-05,1.3264768463288153e-05,0.0,4.196399546635278e-05,7,2
9,44,2.2576352500557774e-05,1.9124559757450568e-05,0.0,0.00010084925225313552,7,2
10,45,2.9746961228627526e-05,2.668614492799289e-05,1.5894665419480412e-13,0.000115042328744666,7,2
11,46,4.0750791495841044e-05,3.7230277442742724e-05,0.0,0.00012429290636582934,7,2
12,44,5.005849880354084e-05,5.258251231842834e-05,0.0,0.000198208340407716,7,2
13,45,9.158473382911837e-05,8.490646405196754e-05,0.0,0.0003848413298462717,7,2
14,45,0.00014642831543737472,0.00012399775940146067,0.0,0.0005511688954342618,7,2
15,46,0.00017298505958739018,0.00016950643982779638,0.0,0.0005511688954342618,7,2
16,44,0.0002464571706961038,0.00019701555358341157,0.0,0.0006490775531444468,7,2
17,46,0.00029228176781484835,0.0002444497171454927,0.0,0.0007678194182235908,7,2
18,48,0.00024815900489721406,0.00023929783742785395,0.0,0.0008357303066670301,7,2
19,47,0.0002709688708956751,0.00023006762053805983,0.0,0.0006937381707296738,7,2
20,46,0.00029604321359713516,0.00024367955005462537,0.0,0.0007642047898975794,7,2
21,46,0.0002743284831284908,0.00025273966094169865,0.0,0.0007642047898975794,7,2
22,46,0.00031405386541451344,0.0002729103517087878,0.0,0.0008843799830221432,7,2
23,44,0.0003439988026371808,0.00028433187617147595,0.0,0.0008843799830221432,7,2
24,44,0.00032861322273397623,0.00030129203856944304,0.0,0.0008843799830221432,7,2
25,44,0.00036448357183201715,0.0003412160809644744,0.0,0.0008843799830221432,7,2
26,41,0.0004308712644985876,0.00035258185456510155,0.0,0.0008843799830221432,7,2
27,43,0.0004030821144796475,0.0003464922970882728,5.3209074735858474e-06,0.0009171846931522787,7,2
28,49,0.0003789555756801441,0.0003295747217804957,0.0,0.0009171846931522787,7,2
29,47,0.0004672335602800702,0.00035278905724835666,0.0,0.0010920914532337146,7,2
30,44,0.0005534259705336118,0.0003705989817872353,3.089234900601789e-05,0.0010920914532337146,7,2
31,46,0.00046082200097484136,0.0003887548215431001,2.3677744307487958e-05,0.0010920914532337146,7,2
32,48,0.00046108074335656423,0.00039849419150003073,0.0,0.0010920914532337146,7,2
33,41,0.00047143188677563623,0.00040099304900831833,0.0,0.0011028917849765052,7,2
34,47,0.0004882079131233073,0.0004124830795212444,0.0,0.0012720027379576654,7,2
35,45,0.0005151817256177128,0.0004350569191321951,0.0,0.001595881733938787,7,2
36,46,0.0006006230536262055,0.0005126407702382607,0.0,0.001595881733938787,7,2
37,41,0.0007118931896133237,0.0005543008939282789,0.0,0.001595881733938787,7,2
38,43,0.0007698606364887279,0.0005775871563866212,1.8128397156743785e-05,0.001595881733938787,7,2
39,46,0.0008516186872059565,0.0006837336927459968,0.0,0.0017275280096695081,7,2
40,44,0.0009016819283651981,0.000697921701109029,0.0,0.0017275280096695081,7,2
41,47,0.0010505379283985083,0.0006936931461271501,0.0,0.0018028427484714853,7,2
42,43,0.0011440704953496028,0.0007342058020734546,0.0,0.0018028427484714853,7,2
43,41,0.0011475340618618721,0.0007175828322374218,0.0,0.0018045693469034773,7,2
44,46,0.001008243778713429,0.0007609162781960316,0.0,0.0018045693469034773,7,2
45,45,0.0011536304016009711,0.000779544922810793,0.0,0.00290346516675957,7,2
46,44,0.0014481317273230773,0.0008213100001450618,0.0,0.0030007584938660102,7,2
47,43,0.001509648729068459,0.001030251759664882,3.0936186752892335e-08,0.0030007584938660102,7,2
48,41,0.0017866435830987619,0.001314356114162886,0.0,0.0030007584938660102,7,2
49,46,0.0013868887212643184,0.0013369675998357736,0.0,0.0030007584938660102,7,2
50,43,0.0016477967177513254,0.0013392094688122911,0.0,0.0030007584938660102,7,2
51,43,0.001368472676291699,0.001349593996526422,0.0,0.0030007584938660102,7,2
52,47,0.0015313899118289764,0.001384826833154079,0.0,0.0030007584938660102,7,2
53,47,0.0017167420292068512,0.0012802841642604536,0.0,0.0030007584938660102,7,2
54,47,0.0017781008907871276,0.0013616211924668985,5.107081520665345e-16,0.0030007584938660102,7,2
55,49,0.0013621579827991902,0.001311234058811337,0.0,0.0030007584938660102,7,2
56,46,0.0017905913991175554,0.001347592501737731,0.0,0.0030007584938660102,7,2
57,43,0.0017388635026732368,0.0013638024224751793,0.0,0.0030007584938660102,7,2
58,44,0.0015280088209457352,0.0013446527106775149,0.0,0.0030007584938660102,7,2
59,47,0.0016477322188042758,0.0013918078978488971,0.0,0.0030007584938660102,7,2
60,45,0.001540597150847615,0.0013012564729324467,5.107081520665345e-16,0.0030007584938660102,7,2
61,43,0.0015200854194710575,0.001354944841603929,0.0,0.0030007584938660102,7,2
62,44,0.0016275059582963993,0.0013213856826735375,0.0,0.0030007584938660102,7,2
63,46,0.0019049906618990192,0.0013144659601945611,5.107081520665345e-16,0.0030007584938660102,7,2
64,47,0.0018872524205789064,0.0013223027064154234,0.0,0.0030007584938660102,7,2
65,45,0.0017093171470612498,0.001322254571723778,0.0,0.0030007584938660102,7,2
66,49,0.001665872371830791,0.001316316151907985,0.0,0.0030007584938660102,7,2
67,46,0.0017240026507243996,0.001297559609664465,0.0,0.0030007584938660102,7,2
68,42,0.0018373373418947695,0.0012761128305755326,0.0,0.0030007584938660102,7,2
69,47,0.002026088217861525,0.0012881837071028804,0.0,0.0030007584938660102,7,2
70,40,0.002002375992622375,0.0013258687345149946,0.0,0.0030007584938660102,7,2
71,44,0.0019474090274321956,0.001285761313498816,0.0,0.0030007584938660102,7,2
72,47,0.0019746663651307905,0.0013069582063951783,0.0,0.0030007584938660102,7,2
73,44,0.0017203050557634356,0.0013021737400684887,0.0,0.0030007584938660102,7,2
74,47,0.0018952684806629577,0.001330775985588071,0.0,0.0030007584938660102,7,2
75,46,0.0019930495388744193,0.001225191420764509,4.162944595824152e-05,0.0030007584938660102,7,2
76,44,0.0018115828581947355,0.0013055875384106461,5.107081520665345e-16,0.0030007584938660102,7,2
77,41,0.0015928991626379238,0.0013619833020358043,0.0,0.0030007584938660102,7,2
78,48,0.0012540211834302078,0.001306367411889352,0.0,0.0030007584938660102,7,2
79,46,0.0016159133729629755,0.00131479924365325,0.0,0.0030007584938660102,7,2
80,43,0.001988991063255218,0.00120107199178816,0.0,0.0030007584938660102,7,2
81,44,0.0019414978651571104,0.001276253189685614,0.0,0.0030007584938660102,7,2
82,45,0.0018533062916176923,0.001319066593122274,0.0,0.0030007584938660102,7,2
83,47,0.0017196262649015264,0.0013292997313833915,0.0,0.0030007584938660102,7,2
84,48,0.001977378136446981,0.0012532692604713181,0.0,0.0030007584938660102,7,2
85,49,0.0020103390976869947,0.0012831982472129811,0.0,0.0030007584938660102,7,2
86,45,0.0018525307322590362,0.0012872997785933372,0.0,0.0030007584938660102,7,2
87,43,0.002143765198756928,0.0012729939663814764,0.0,0.0030007584938660102,7,2
88,42,0.0021796589140417764,0.0012397025158761943,0.0,0.0030007584938660102,7,2
89,45,0.0020149793156306298,0.0013078333374488005,0.0,0.0030007584938660102,7,2
90,43,0.0017575807352728234,0.0013788823047424538,0.0,0.0030007584938660102,7,2
91,47,0.0020203162954984784,0.0012288068939519414,0.0,0.0030007584938660102,7,2
92,44,0.0018305359948722721,0.0013293904630285657,3.0936186752892335e-08,0.0030007584938660102,7,2
93,41,0.0019396286398449042,0.0013170549790319456,0.0,0.0030007584938660102,7,2
94,44,0.0018354410907474887,0.0013035465280782014,2.6912964103197845e-05,0.0030007584938660102,7,2
95,47,0.0020235894837603717,0.0013023484978092943,0.0,0.0030007584938660102,7,2
96,45,0.0020571525390015014,0.0013044224490399298,5.107081520665345e-16,0.0030007584938660102,7,2
97,47,0.001891346305839591,0.0012606733880590935,0.0,0.0030007584938660102,7,2
98,40,0.0019464409553605275,0.00135393685273163,0.0,0.0030007584938660102,7,2
99,46,0.001501240712987301,0.001344640732480087,0.0,0.0030007584938660102,7,2
100,47,0.0016661180561207741,0.0013004708102073046,0.0,0.0030007584938660102,7,2
