gen,nevals,avg,stddev,min,max,run,wlasne_prawd
0,50,0.0,0.0,0.0,0.0,8,2
1,42,1.704430071163761e-13,4.2243937908626784e-13,0.0,1.2174500508312578e-12,8,2
2,42,1.4641945535855526e-10,3.9389791350714033e-10,0.0,1.715727874615181e-09,8,2
3,46,9.745306289168104e-09,5.344760191798761e-08,0.0,3.7836725563624193e-07,8,2
4,47,4.271455999224182e-08,1.0023586746287925e-07,0.0,4.993584515198746e-07,8,2
5,43,1.0418663867106916e-07,2.0254908694261465e-07,0.0,9.656797429849917e-07,8,2
6,46,3.111243340667652e-07,6.912749066694085e-07,0.0,4.63814537669661e-06,8,2
7,46,8.409814928424529e-07,1.3114940314685067e-06,0.0,7.301669711233462e-06,8,2
8,45,2.524296881634489e-06,3.7155198993301782e-06,0.0,2.3033131740283953e-05,8,2
9,45,6.1511038554653035e-06,7.2017160106380685e-06,0.0,2.6891334633460018e-05,8,2
10,48,1.0576973846694232e-05,1.1056284600232147e-05,0.0,4.1373004970540295e-05,8,2
11,46,1.730002166663639e-05,1.2848414990582965e-05,0.0,4.1373004970540295e-05,8,2
12,46,2.4278758090324958e-05,2.5978126742361453e-05,0.0,0.00015276335785622177,8,2
13,45,3.61453921669133e-05,3.5111815355946066e-05,2.9120949014096075e-10,0.00015276335785622177,8,2
14,41,5.6654674412673795e-05,5.853031639528795e-05,3.130791973837108e-11,0.0003131264474647031,8,2
15,46,9.62855828764885e-05,8.386534972924477e-05,0.0,0.0003131264474647031,8,2
16,45,0.0001395730547676073,0.00012101075020931044,0.0,0.0003131264474647031,8,2
17,45,0.00020145784723666471,0.00013001582547102637,0.0,0.0005298382376702168,8,2
18,41,0.00022977978796731612,0.00013947930858640748,0.0,0.0005298382376702168,8,2
19,47,0.00020683442614607083,0.00015627327337662802,0.0,0.0005298382376702168,8,2
20,41,0.0002797721401375298,0.00020105420576805902,0.0,0.0005410762506166801,8,2
21,45,0.0003201010083167584,0.0002162679922363536,0.0,0.0005410762506166801,8,2
22,46,0.0003307351621418175,0.00023244468965001483,0.0,0.0005410762506166801,8,2
23,48,0.0002549338359564811,0.0002222988997410384,0.0,0.0005429761115949281,8,2
24,44,0.00028082812688376353,0.0002376253285426283,0.0,0.0005429761115949281,8,2
25,45,0.00031132629938939387,0.00023402289930015565,0.0,0.0005429761115949281,8,2
26,48,0.00034979545846877664,0.00022862177565902126,0.0,0.0006136605699004883,8,2
27,46,0.0003329443050988618,0.00023516941535084361,0.0,0.0006136605699004883,8,2
28,46,0.0003186686197876558,0.00024502354026112444,0.0,0.0006136605699004883,8,2
29,43,0.00038475285631519055,0.00022889525370670529,0.0,0.0006334889489842003,8,2
30,42,0.00032264710277454665,0.0002611153269334016,0.0,0.0006334889489842003,8,2
31,45,0.00039016144420368196,0.0002514162392271625,0.0,0.0006334889489842003,8,2
32,44,0.00037568442375024924,0.0002761817046709261,0.0,0.0006334889489842003,8,2
33,44,0.0003956309800277341,0.0002568603336401485,0.0,0.0006334889489842003,8,2
34,46,0.00032058815860778,0.0002613178074491542,0.0,0.0006334889489842003,8,2
35,48,0.000389461937884213,0.00025733950666812703,0.0,0.0006334889489842003,8,2
36,44,0.0004529208514084068,0.00025284279805421633,0.0,0.0006334889489842003,8,2
37,47,0.00042351226214702774,0.00025249011118130577,0.0,0.0006334889489842003,8,2
38,45,0.0004509883884055074,0.00024970063781409234,0.0,0.0006334889489842003,8,2
39,44,0.0004312769021534556,0.000249716858566905,0.0,0.0006334889489842003,8,2
40,43,0.00044273751811349076,0.00023851171118163765,0.0,0.0006334889489842003,8,2
41,46,0.0004378414959866046,0.0002300385740162871,2.5793165338187855e-07,0.0006351469237796881,8,2
42,46,0.0004668305564574029,0.0002521478675217653,0.0,0.0006381040658356148,8,2
43,42,0.00044096700461181826,0.00026869129682728264,0.0,0.0006381040658356148,8,2
44,46,0.0004405064395436213,0.0002669596430818948,0.0,0.0006417691849386059,8,2
45,48,0.0004414468148869967,0.00025154001003388303,0.0,0.0006381040658356148,8,2
46,46,0.0002981644749253166,0.00028013672367385327,0.0,0.0006381040658356148,8,2
47,44,0.0003636164651324391,0.0002683859170983378,0.0,0.0006381040658356148,8,2
48,43,0.00040245302546976653,0.00023385764070927133,0.0,0.0006381040658356148,8,2
49,44,0.00036339717709165753,0.00027239162318994564,0.0,0.0006381040658356148,8,2
50,42,0.00040555729533595173,0.00027370317095028434,0.0,0.0006381040658356148,8,2
51,44,0.0004761798939588921,0.00024306482703039559,0.0,0.0006381040658356148,8,2
52,42,0.00040319352075536693,0.000274339724019457,0.0,0.0006381040658356148,8,2
53,45,0.0004293019234520519,0.0002748260078450296,0.0,0.0006392289552221859,8,2
54,45,0.0004300429535377098,0.0002605739751169661,7.125609823863557e-07,0.0006392289552221859,8,2
55,45,0.0004596179821825438,0.00025299425153152546,0.0,0.0006392289552221859,8,2
56,48,0.0004536416163652212,0.00025919787271896477,0.0,0.0006659402212412754,8,2
57,47,0.0004227742136649065,0.0002682897082693813,7.125609823863557e-07,0.0006659402212412754,8,2
58,42,0.00041833431550404154,0.0002675316726267525,0.0,0.0006659402212412754,8,2
59,46,0.0003947942289707518,0.0002761265087117135,0.0,0.0006659402212412754,8,2
60,48,0.0004512725951552779,0.0002658302549504173,0.0,0.0006830708080870676,8,2
61,42,0.0004222371817681717,0.00028079038629602316,0.0,0.0006830708080870676,8,2
62,44,0.0003954092558681935,0.000298557702708858,0.0,0.0006830708080870676,8,2
63,47,0.0004258269776205648,0.00028395288526804216,0.0,0.0007430533459942956,8,2
64,39,0.0004668767871101126,0.00027813479953330716,0.0,0.0007430533459942956,8,2
65,44,0.0004608257462401464,0.00029615920019493907,0.0,0.0007555582483550326,8,2
66,43,0.0005059610170502437,0.0002806835932239775,0.0,0.0007555582483550326,8,2
67,48,0.0005115797548671198,0.0003108161689504277,0.0,0.0008248586773935662,8,2
68,44,0.0004543717970302133,0.0003379966606569217,0.0,0.0008248586773935662,8,2
69,42,0.0004044762939539453,0.0003551261562232892,0.0,0.0008418962940853555,8,2
70,47,0.0004918291994216156,0.0003357188374292876,1.4700345170993572e-07,0.0008418962940853555,8,2
71,45,0.0005580310318939992,0.00032601993005067567,0.0,0.0008830099700437405,8,2
72,46,0.0004953516122535149,0.0003583213505454683,0.0,0.0008830099700437405,8,2
73,45,0.0005693177483386809,0.00032048540583244303,4.813127725456494e-07,0.0008830099700437405,8,2
74,47,0.0005668914042989416,0.00033208939602661594,0.0,0.0008830099700437405,8,2
75,49,0.0005146058224271635,0.00036292571932213506,0.0,0.0008830099700437405,8,2
76,43,0.0005807821986800011,0.00033716711930142885,0.0,0.0011407341525191805,8,2
77,48,0.000606675678314078,0.0003831010576602154,0.0,0.0011407341525191805,8,2
78,45,0.0005618790289726366,0.00041029774114912325,0.0,0.0011407341525191805,8,2
79,44,0.0005661761577013621,0.00045241152494698405,0.0,0.0012090618472960402,8,2
80,45,0.0006695982906262906,0.0004877760607385501,0.0,0.0012090618472960402,8,2
81,45,0.0007372582535063821,0.0004714990808071641,9.73230940354145e-07,0.0012090618472960402,8,2
82,43,0.0006147749128745197,0.0005122564069298475,0.0,0.001209831763540772,8,2
83,46,0.0006548040088725196,0.0005038878069872942,0.0,0.001209831763540772,8,2
84,48,0.0006854660624690699,0.0004767787846795924,8.590848536604721e-07,0.001209831763540772,8,2
85,46,0.0007437707681741541,0.0004967276827956698,0.0,0.001209831763540772,8,2
86,41,0.0006875083189132127,0.000510010509637077,9.317037582546827e-07,0.001209831763540772,8,2
87,45,0.0007011369399409717,0.0005208007170233657,0.0,0.001209831763540772,8,2
88,44,0.0006495090893955767,0.0005296844985886282,0.0,0.001209831763540772,8,2
89,43,0.000787934630741872,0.0005176536798552993,0.0,0.001209831763540772,8,2
90,46,0.0007253797318414337,0.0005331780685302622,0.0,0.0012287658699617501,8,2
91,46,0.0007880068003534081,0.000530518297007557,2.4861309179979284e-09,0.0012287658699617501,8,2
92,46,0.0007096031446428712,0.0005437214481596268,0.0,0.0012287658699617501,8,2
93,44,0.0007526238765591946,0.000544055088780128,0.0,0.0012287658699617501,8,2
94,43,0.0008855237589036777,0.00048406271746302416,2.4885074978223525e-09,0.0012287658699617501,8,2
95,42,0.0006182025801338738,0.0005576516432383467,0.0,0.0012287658699617501,8,2
96,43,0.0007170305276846474,0.0005554936228872953,0.0,0.0014195514415014847,8,2
97,48,0.0007082532976656038,0.0005710273195401786,0.0,0.0014195514415014847,8,2
98,47,0.0008393107834988605,0.000535029869915263,0.0,0.001462517878292896,8,2
99,43,0.000971696693222982,0.0005337928252417888,0.0,0.001462517878292896,8,2
100,44,0.0011049244914994238,0.0004809241494327655,0.0,0.0015178860538918447,8,2
