gen,nevals,avg,stddev,min,max,run,wlasne_prawd
0,50,0.0,0.0,0.0,0.0,9,2
1,42,3.895840162660025e-13,5.679114144619224e-13,0.0,1.2174500508312578e-12,9,2
2,44,1.8388193616226088e-10,3.683599600922504e-10,0.0,1.7157278746143797e-09,9,2
3,43,5.633879993131304e-10,4.960177498583702e-10,0.0,1.715727874615181e-09,9,2
4,44,7.995911150445133e-10,6.156737488938055e-10,0.0,1.715727874615181e-09,9,2
5,45,2.2376056749958248e-09,8.553295366409013e-09,0.0,6.187825558002716e-08,9,2
6,46,2.5950531520213928e-08,1.0673916296782447e-07,0.0,6.93866709390774e-07,9,2
7,42,5.945861655399297e-08,1.538470877906785e-07,0.0,6.93866709390774e-07,9,2
8,45,1.709055551295908e-07,2.403630681715821e-07,0.0,6.93866709390774e-07,9,2
9,44,4.94029000423864e-07,1.0248784772999705e-06,2.5908210467537577e-11,7.300914514493939e-06,9,2
10,45,9.504520821131602e-07,2.189639351981707e-06,2.5908210467537577e-11,1.1535716020024024e-05,9,2
11,40,7.442330194895884e-06,3.670159136939852e-05,1.7220764840699486e-10,0.00026293968511809085,9,2
12,44,4.000520966752876e-05,0.00011783301651102525,1.2909454943690725e-12,0.0007097733789774733,9,2
13,43,6.516660645775648e-05,0.00012877922058806827,8.197384011300828e-13,0.0007097733789774733,9,2
14,44,0.00017875362259575233,0.0003055667073333356,2.5908210467537577e-11,0.0011393713277506393,9,2
15,48,0.0003259879145402015,0.0003784348272726859,1.2909454943690725e-12,0.0011467333081558156,9,2
16,46,0.0003993589907692939,0.00045976897634699153,9.97490668324736e-10,0.0011467333081558156,9,2
17,45,0.0004924507778874786,0.00047753749598997077,9.94989787125829e-09,0.0011467333081558156,9,2
18,48,0.0005896333708260724,0.0005906824001367049,2.608263376475313e-11,0.0028276019217064585,9,2
19,48,0.0007092667329386946,0.0005752577594888425,3.08086081863574e-10,0.0028276019217064585,9,2
20,46,0.0006880980021527164,0.0006145014338928235,1.95143269857616e-07,0.0028276019217064585,9,2
21,45,0.00048034025967489465,0.0005992022085678399,2.6082633765100065e-11,0.0022327658149062955,9,2
22,46,0.0007357085265156191,0.0006342434984968245,3.741246437788295e-08,0.0022327658149062955,9,2
23,45,0.000842499339360898,0.0007188364181893443,2.6082633765100065e-11,0.0022327658149062955,9,2
24,46,0.000899417535596405,0.0008031737717979369,7.985718725513852e-09,0.0028276019217064585,9,2
25,42,0.0010908434551455213,0.0009111413590176196,2.6082633765100065e-11,0.0028276019217064585,9,2
26,45,0.0009481019660378992,0.0010065213781872001,7.152935331214157e-09,0.0028276019217064585,9,2
27,46,0.0010297739760049916,0.0010097408438158016,2.608263376475313e-11,0.0028276019217064585,9,2
28,44,0.0010058156203303042,0.0011611736316789146,6.634783174348284e-09,0.003233784453908119,9,2
29,47,0.0010039708478322125,0.0011863029547509337,2.6082633765100065e-11,0.003064124260748623,9,2
30,43,0.0010055262944888438,0.001199182211348108,2.6082633765100065e-11,0.0031621240999320202,9,2
31,46,0.0013558424603973098,0.0012920786241099962,2.6082633765100065e-11,0.0031621240999320202,9,2
32,45,0.0013643021196672776,0.0013223504720116755,2.8301312403027237e-07,0.0031621240999320202,9,2
33,43,0.0018180629579553945,0.0012967506156022113,2.6082633765100065e-11,0.0031621240999320202,9,2
34,41,0.0015369235243731043,0.0012565432464763844,2.6084536744016934e-11,0.0031621240999320202,9,2
35,46,0.001604524395547638,0.001329316412147156,2.6082700798274078e-11,0.0031621240999320202,9,2
36,47,0.001642556006415664,0.0013742795375908644,7.985310585952544e-09,0.0031621240999320202,9,2
37,46,0.0015363957582315332,0.001373643406471024,2.6084536744016934e-11,0.0031621240999320202,9,2
38,43,0.0012483493227515776,0.0014047433834928507,2.6084536744016934e-11,0.0031621240999320202,9,2
39,45,0.0016447722632740097,0.0014336480424766585,2.6084536744016934e-11,0.0031621240999320202,9,2
40,47,0.001765174426818584,0.0013724923325055666,2.6084536744016934e-11,0.0031621240999320202,9,2
41,44,0.002178888947499809,0.001341607984690609,1.296154927878049e-07,0.0031621240999320202,9,2
42,46,0.0018465083357438394,0.0014217072639785239,1.296154927878049e-07,0.003205002338299537,9,2
43,46,0.0016184527497629013,0.0014515283089339647,2.6084536744016934e-11,0.003205002338299537,9,2
44,46,0.0015069932084647512,0.001422383184948454,2.6084536744016934e-11,0.003205002338299537,9,2
45,44,0.001849796755682093,0.0013830032665871144,2.6084536744016934e-11,0.003253083104126801,9,2
46,46,0.0015446246833169587,0.0014446629938389083,2.6084536744016934e-11,0.003253083104126801,9,2
47,45,0.001631637532516655,0.0013678376323742172,1.6162217734678442e-10,0.003290921776561455,9,2
48,46,0.0017082099869429772,0.0013697493858313,2.6082633765100065e-11,0.003290921776561455,9,2
49,44,0.0013374955214155606,0.001367109440157319,2.6084536744016934e-11,0.003290921776561455,9,2
50,45,0.0014346059671426787,0.0013651749693981072,1.296154927878049e-07,0.003290921776561455,9,2
51,47,0.0017099091727872503,0.0013993784416540549,6.638338224216895e-09,0.003253083104126801,9,2
52,40,0.0019273803455069224,0.0013952014292933875,9.757077804043683e-08,0.003290921776561455,9,2
53,46,0.0014883625914067398,0.0014183488037315664,2.8301312403027237e-07,0.003290921776561455,9,2
54,44,0.0016003893476317316,0.0013770832978397575,1.7424815592177166e-07,0.003253083104126801,9,2
55,44,0.0015262539153952151,0.0014766534296464656,2.6084536744016934e-11,0.0032732430782493084,9,2
56,42,0.0017504036291596972,0.001433996814783073,1.296154927878049e-07,0.0032732430782493084,9,2
57,43,0.0013571133745203833,0.001414498746107563,2.6082633765100065e-11,0.0032732430782493084,9,2
58,46,0.00134659544293773,0.0013758066354966883,9.757077804043683e-08,0.0032732430782493084,9,2
59,48,0.0014530366239734133,0.0013543314572511892,5.537039470304279e-08,0.0032732430782493084,9,2
60,45,0.001370910297549752,0.001396608316280906,2.6082633765100065e-11,0.0032732430782493084,9,2
61,43,0.0014539790517127287,0.0013678690649407306,2.608263376475313e-11,0.0032732430782493084,9,2
62,45,0.0015461348109247557,0.0013105627132139963,2.608263376475313e-11,0.0032732430782493084,9,2
63,44,0.001615412334325374,0.001461422587527102,2.6082633765100065e-11,0.0032732430782493084,9,2
64,45,0.0016275147387766317,0.0013896266936075337,2.917542126542383e-07,0.0032732430782493084,9,2
65,45,0.0013943954728379729,0.0014199646197472142,1.3908218440447296e-07,0.0032732430782493084,9,2
66,44,0.0019471362585004289,0.0014731077791149535,9.757077804043683e-08,0.0032732430782493084,9,2
67,46,0.0014949911758458502,0.0014699708133751959,7.984528694866711e-09,0.0032732430782493084,9,2
68,43,0.0016455549387417376,0.0014038591017173747,2.6082633765100065e-11,0.0032732430782493084,9,2
69,45,0.001772581413962704,0.001545956892224247,2.917542126542383e-07,0.0032732430782493084,9,2
70,46,0.0015174184495165006,0.0014417174782532757,2.6082633765100065e-11,0.0032732430782493084,9,2
71,42,0.0019071918297801844,0.001461430593321104,2.6084536744016934e-11,0.0033052090811146804,9,2
72,43,0.0016677040430873253,0.0014896867728919926,2.6082633765100065e-11,0.0033052090811146804,9,2
73,44,0.0018615516201773883,0.0015032043646986666,3.0744279275372636e-07,0.0033052090811146804,9,2
74,42,0.0012770155409450668,0.0014965338296988899,9.757077804043683e-08,0.0033052090811146804,9,2
75,47,0.0017386843470821914,0.001468191484994178,6.300469926943587e-08,0.0033052090811146804,9,2
76,46,0.001693669065970341,0.0014109421742152458,2.8779890274437706e-07,0.0033052090811146804,9,2
77,47,0.001489592418654807,0.001415483471226222,2.60826337649266e-11,0.0033052090811146804,9,2
78,41,0.0015828867782983586,0.0013778300249278324,2.60826337649266e-11,0.0033052090811146804,9,2
79,44,0.0019350423049998237,0.0014355697892549193,7.983973578442433e-09,0.0033052090811146804,9,2
80,46,0.0017951476928410094,0.0015151765439832578,2.60826337649266e-11,0.0033052090811146804,9,2
81,44,0.0017021900034382925,0.0014000868733915542,6.300469926943587e-08,0.0033052090811146804,9,2
82,43,0.0017757607930966482,0.0014121404876769547,2.60826337649266e-11,0.0033052090811146804,9,2
83,45,0.0017693857920470892,0.0013789914477083118,2.60826337649266e-11,0.0033052090811146804,9,2
84,47,0.0016360747237394546,0.0014409655260949898,2.60826337649266e-11,0.0033052090811146804,9,2
85,44,0.0016675021059551916,0.0014847851275646851,2.60826337649266e-11,0.0033052090811146804,9,2
86,45,0.0018981998357898294,0.0013827844551049157,3.0744279275372636e-07,0.0033052090811146804,9,2
87,42,0.002027426003373213,0.0015190367196854246,2.60826337649266e-11,0.0033052090811146804,9,2
88,46,0.0020373466498849278,0.001487861605901555,2.60826337649266e-11,0.0033052090811146804,9,2
89,43,0.0023241156623231684,0.0013782500213178677,2.60826337649266e-11,0.0033052090811146804,9,2
90,45,0.0021953261582444,0.0014468832418198894,2.9175421265423875e-07,0.0033052090811146804,9,2
91,45,0.0020550945135494564,0.0014739037265283567,4.594419271191775e-07,0.0033052090811146804,9,2
92,48,0.0019010812121505656,0.001444909152331354,7.983973578442433e-09,0.0033052090811146804,9,2
93,47,0.0017146954873488015,0.0014790368431123382,6.300469926943587e-08,0.0033052090811146804,9,2
94,41,0.0017884333649185358,0.0014999143677298563,2.60826337649266e-11,0.0033052090811146804,9,2
95,44,0.0021041497188842174,0.0014361330987924749,2.60826337649266e-11,0.0033052090811146804,9,2
96,45,0.001992047119387684,0.0014380721576518775,2.60826337649266e-11,0.0033052090811146804,9,2
97,43,0.0017040511918916174,0.0015373736568967224,2.60826337649266e-11,0.0033052090811146804,9,2
98,50,0.0020987765468142862,0.0014383372615403163,2.60826337649266e-11,0.0033052090811146804,9,2
99,46,0.0022258537769000194,0.0014266892830670373,2.60826337649266e-11,0.0033052090811146804,9,2
100,48,0.002237715439034932,0.0014119565781380418,6.300469926943587e-08,0.0033052090811146804,9,2
