gen,nevals,avg,stddev,min,max,run,wlasne_prawd
0,50,0.0,0.0,0.0,0.0,6,2
1,43,2.9218801219950186e-13,5.199523784265935e-13,0.0,1.2174500508312578e-12,6,2
2,44,1.0483366585557954e-10,2.577775317632029e-10,0.0,7.437258263850433e-10,6,2
3,41,5.6362271621457605e-09,3.4538350946609724e-08,0.0,2.4697272729548727e-07,6,2
4,40,8.852245799741848e-07,4.790228690158528e-06,0.0,3.2790994891627065e-05,6,2
5,47,3.5761536403859236e-06,9.700698269899774e-06,0.0,3.9057509840954566e-05,6,2
6,41,9.724155832625738e-06,1.3453900720733565e-05,7.707376403764953e-19,3.9057509840954566e-05,6,2
7,46,1.8317882310450908e-05,1.46323376741226e-05,8.197384011300828e-13,4.336864195593968e-05,6,2
8,46,2.7132641736633974e-05,2.4286807641045893e-05,1.2174500508312578e-12,0.00016388315959208128,6,2
9,46,2.89218274804844e-05,3.546216871532603e-05,8.197384011300828e-13,0.00016388315959208128,6,2
10,41,4.6177787853349165e-05,4.620133052800026e-05,1.2909454943690725e-12,0.00016388315959208128,6,2
11,47,7.512722288267031e-05,6.343790848848229e-05,1.2909454943690725e-12,0.00020283728569106633,6,2
12,44,7.803184487887454e-05,7.210375930505129e-05,1.2909454943690725e-12,0.00020283728569106633,6,2
13,43,0.00011911414746650792,7.582207377707011e-05,1.2909454943690725e-12,0.00020695279811339438,6,2
14,45,9.408580171998592e-05,9.102325788513137e-05,1.2909454943690725e-12,0.0002216805552103101,6,2
15,46,0.00012405978562636,8.690901509001424e-05,5.208861813271268e-12,0.00023609279881010902,6,2
16,45,0.00011930727787316617,9.353010353029707e-05,2.0889730845750618e-12,0.0002416708151807776,6,2
17,46,0.00011291437339904154,9.557712843233886e-05,2.5638626384753502e-08,0.0002416708151807776,6,2
18,45,0.0001341545188912152,9.398499386074195e-05,5.208861813271268e-12,0.000242337810015807,6,2
19,45,0.00012212787310169959,0.0001020051876242776,4.9301478791694846e-12,0.0002416708151807776,6,2
20,47,0.00012804272153300043,9.499538701689442e-05,2.5776855239889578e-11,0.0002416708151807776,6,2
21,46,0.00011009700801564961,9.871947178245872e-05,2.0889730845750618e-12,0.0002416708151807776,6,2
22,47,0.00013631204584510774,9.483615595632721e-05,1.698132861438251e-11,0.0002473835288808593,6,2
23,43,0.00013289502133416792,0.00010031894316607635,5.208861813271268e-12,0.00026108716437664735,6,2
24,45,0.00014444483771909678,0.00010585316314620097,2.0889730845750618e-12,0.00026108716437664735,6,2
25,42,0.00014938857300809123,0.0001014430548411271,2.0889730845750618e-12,0.00026108716437664735,6,2
26,47,0.00013426289794725795,0.0001108273482171004,2.5776855239889578e-11,0.0002654891306931992,6,2
27,45,0.00012238646568381886,0.00010584900789089505,2.5619009452979168e-11,0.0002654891306931992,6,2
28,40,0.00014970054434312763,0.00011043639854759403,2.5619009452979168e-11,0.0002654891306931992,6,2
29,45,0.00013519381706466108,0.00010775645912521016,3.3495775815614055e-09,0.0002654891306931992,6,2
30,47,0.00013996857566889658,0.00010849193243162744,1.316650950504035e-09,0.0002654891306931992,6,2
31,45,0.00012190742085406203,0.00010829741085365674,2.5776855239889578e-11,0.0002654891306931992,6,2
32,42,0.0001307462510966856,0.00011038853839670531,2.5776855239889578e-11,0.0002654891306931992,6,2
33,45,0.00012593813016629774,0.0001125625698900054,1.1347478199492325e-09,0.0002654891306931992,6,2
34,44,0.00013001777425819034,0.00011048656309186105,1.316650950504035e-09,0.00026749815648872694,6,2
35,50,0.00010227311192071708,0.00010695381028920793,1.1347478199492325e-09,0.0002654891306931992,6,2
36,44,0.0001100752533699728,0.0001052193625602587,1.1078640358044717e-08,0.0002654891306931992,6,2
37,44,0.00017195753974440356,0.00010070644725949556,1.0029705876103367e-11,0.0002654891306931992,6,2
38,46,0.00011746506546557972,0.0001138606438145592,1.4740820382551573e-09,0.0002735296457617426,6,2
39,44,0.00017253188742649112,0.0001111194353416435,3.85812900389388e-09,0.00030033939512224807,6,2
40,45,0.00016013307648817462,0.00011359447973409657,8.261654565020941e-11,0.00030033939512224807,6,2
41,43,0.00016723210008755176,0.00012280586691096681,1.314974365483874e-09,0.00030033939512224807,6,2
42,43,0.00016667358947332377,0.0001212762522677115,7.820831657860077e-11,0.00030033939512224807,6,2
43,43,0.0001972495592387102,0.00012606268072059336,5.3701551399814545e-08,0.00030033939512224807,6,2
44,47,0.0001598098517277981,0.00012488465794832296,2.1069827313500207e-11,0.00030033939512224807,6,2
45,45,0.00015557127074745754,0.000132662629045275,1.4740820382551573e-09,0.00033778183205864225,6,2
46,47,0.00017023641654206304,0.0001284372192042937,1.4740820382551573e-09,0.00033778183205864225,6,2
47,45,0.0002134789313774604,0.00012284956052254907,7.080854626416324e-08,0.0003453562910893442,6,2
48,42,0.00021032280669431476,0.00013277523463991241,8.643274198860456e-08,0.00035455027953837056,6,2
49,45,0.0001965808640750734,0.0001495006282286869,8.643274198860456e-08,0.00035455027953837056,6,2
50,44,0.0002322647189636617,0.0001461841791531667,8.643274198860456e-08,0.00036661654258548013,6,2
51,46,0.00019230000487178864,0.0001512965392542933,1.347563376867617e-09,0.00036661654258548013,6,2
52,40,0.0002566532972732141,0.00014435907261538104,1.347563376867617e-09,0.0003825497333880219,6,2
53,48,0.0002184775254363739,0.00016304621631414284,1.347563376867617e-09,0.0003842538025655887,6,2
54,45,0.00023955832087249704,0.0001555363087501469,8.643274198860456e-08,0.000383473060937216,6,2
55,45,0.00024606965723158303,0.00015710788061890687,1.0775399727789732e-08,0.00040694607709942926,6,2
56,48,0.00022610971179184953,0.00017103071974029484,1.0928184538572045e-09,0.00040694607709942926,6,2
57,40,0.00026571770189608883,0.00016008150442067267,9.882474045586413e-09,0.00040694607709942926,6,2
58,44,0.0002498389746397299,0.00016919221070117458,2.3258553539882874e-07,0.00040694607709942926,6,2
59,44,0.000278798029455818,0.00016410927561887788,1.2753156076913792e-09,0.0004334438295994634,6,2
60,42,0.0002849308899311961,0.00016832409317552374,1.2753156076913792e-09,0.0004334438295994634,6,2
61,49,0.000265662747556077,0.00017567568209370834,3.479074340524698e-08,0.0004334438295994634,6,2
62,44,0.00024895634185014085,0.00018159415609533887,1.2768137713799628e-09,0.0004334438295994634,6,2
63,41,0.0003177488174402806,0.00015980691484626346,1.2753156076913792e-09,0.00043345287999520385,6,2
64,48,0.0002767424769669082,0.00019027187913078073,1.2753156076913792e-09,0.0004370183014317364,6,2
65,47,0.0003165951855424293,0.0001661081392343642,1.8309564135824526e-06,0.0004353317867208519,6,2
66,47,0.0002770698508471734,0.0001899266998503096,1.2753156076913792e-09,0.0004353317867208519,6,2
67,41,0.0003051575682523031,0.0001709494532839031,4.1951818709829845e-09,0.0004353317867208519,6,2
68,46,0.0003056972656018707,0.00018210519151467595,1.0979483358007067e-09,0.00046700598502183135,6,2
69,42,0.00033060109789677405,0.0001708166485060547,1.2743466737806105e-09,0.00046700598502183135,6,2
70,48,0.00034683371594119045,0.0001557990740700512,2.5117436177578978e-08,0.00046700598502183135,6,2
71,46,0.00033425236494879503,0.00016940604093301456,1.2854019436493274e-09,0.0004879971824140724,6,2
72,46,0.0003315752344795594,0.00018766039967160034,1.918782673045677e-08,0.0004879971824140724,6,2
73,45,0.0003513828980646187,0.00017765252690449607,6.958142363446489e-09,0.0004916088365099098,6,2
74,43,0.0003109350945957823,0.00020414505486935638,1.300333368312441e-09,0.0004916088365099098,6,2
75,43,0.00032939944051610804,0.00019773143375776666,1.2131268966641797e-07,0.0004916088365099098,6,2
76,49,0.0002625618353862713,0.00021067730034422905,1.2818220733750728e-09,0.0004916088365099098,6,2
77,43,0.0003410569519035385,0.00018407050167794882,1.2854019436493274e-09,0.0004916088365099098,6,2
78,47,0.0003868113755959303,0.00017603451612837167,2.975462508848313e-08,0.0005103813155789785,6,2
79,46,0.00033604520666125445,0.00020770257282319362,1.7437668652659834e-08,0.0005061602551754503,6,2
80,49,0.0003569057494149778,0.00020064788187456814,3.473758244464916e-08,0.0005061602551754503,6,2
81,44,0.00034950806711224594,0.00020808160731134522,1.5266737905201306e-08,0.0005061602551754503,6,2
82,47,0.00029001294504048616,0.00021745158485132838,1.381247278396402e-09,0.0005061602551754503,6,2
83,45,0.0003077079954403994,0.0002137939093963187,1.1172021884256735e-09,0.0005061602551754503,6,2
84,44,0.00034835512050823225,0.0002008959868187194,1.381247278396402e-09,0.0005061602551754503,6,2
85,42,0.0002966578410930564,0.00021907398396626507,1.381247278396402e-09,0.0005061602551754503,6,2
86,48,0.0003136185626655492,0.0002174394738710354,1.1172021884256735e-09,0.0005061602551754503,6,2
87,43,0.00031453448071277655,0.00022350373663258274,1.3670848139548549e-08,0.0005061602551754503,6,2
88,44,0.0003233837692266063,0.00021621195041772546,1.381247278396402e-09,0.0005061602551754503,6,2
89,46,0.0003485915262468449,0.000212030701270853,1.381247278396402e-09,0.0005061602551754503,6,2
90,39,0.00034446709095232065,0.00021055535409972596,1.381247278396402e-09,0.0005061602551754503,6,2
91,46,0.0003336716792182143,0.00021560958587678287,1.381247278396402e-09,0.0005061602551754503,6,2
92,43,0.0003410700616856724,0.00021603061818939922,1.1172021884256735e-09,0.0005061602551754503,6,2
93,44,0.0003578565533345509,0.0002014931036386058,1.2997321420526068e-07,0.0005061602551754503,6,2
94,48,0.00030319544901486216,0.00022539716120242184,1.1172021884256735e-09,0.0005061602551754503,6,2
95,39,0.0003738580775800841,0.00019813620402928068,1.1172021884256735e-09,0.0005213228604687717,6,2
96,44,0.0003728351422362346,0.00020867349194281113,1.1172021884256735e-09,0.0005213228604687717,6,2
97,43,0.0003231679700663233,0.00021862193568213142,1.2997321420526068e-07,0.0005213228604687717,6,2
98,48,0.00035501265797208294,0.00020350768361574888,1.2997321420526068e-07,0.0005213228604687717,6,2
99,45,0.00035391032477547803,0.00020795177808467373,1.381247278396402e-09,0.0005213228604687717,6,2
100,45,0.00032393244111792867,0.00020305843735486523,1.1172021884256735e-09,0.0005213228604687717,6,2
