gen,nevals,avg,stddev,min,max,run,representation
0,50,-1.0099999999999998,0.0,-1.0099999999999998,-1.0099999999999998,10,1
1,49,-0.8106666666663471,0.39866666666730494,-1.0099999999999998,-0.013333333331737479,10,1
2,48,-0.4723000016425955,0.49727980906206115,-1.0150000000428947,-0.013333318611476526,10,1
3,43,-0.3728333317370871,0.4793355646705755,-1.0150000000428947,-0.013333318611476526,10,1
4,48,-0.2931866598847994,0.4914237035146173,-2.0159999999841025,-0.013333106378293956,10,1
5,48,-0.23319989103586583,0.41399673465619474,-1.0150000001088093,-0.013333097888087687,10,1
6,45,-0.27235012910258727,0.43773205917859764,-1.0149999803170695,0.0031050779000184954,10,1
7,46,-0.39269551004648046,0.525588580226933,-2.0160000029780027,0.0031050779000184954,10,1
8,47,-0.3107831103073784,0.45967615914422544,-1.0150000007328617,0.023277797842581875,10,1
9,48,-0.2653502022061544,0.44231053630843503,-1.0150002219511083,0.07892855088417405,10,1
10,48,-0.39245253502457345,0.5797503942161907,-2.01600001021322,0.17872413744979163,10,1
11,47,-0.2829430245851118,0.6417593242133308,-2.0159999999841025,0.195277042197234,10,1
12,48,-0.3773838223718478,0.7569880866670209,-2.0160000083858236,0.19527704219723407,10,1
13,48,-0.22565365521105157,0.8883124200730341,-4.017142850972648,0.2439956273925597,10,1
14,49,-0.05477002276810111,0.46776144108364953,-2.0065793203614493,0.24889034106342875,10,1
15,46,0.1054433132458367,0.3173249698695921,-2.0160000407878758,0.3972355320803179,10,1
16,42,0.11406100700424669,0.599635822484792,-4.017142854285272,0.4362490576567593,10,1
17,48,0.2344440479542731,0.11496043086228089,0.021435625274803118,0.47406274029843787,10,1
18,49,0.2528364032925344,0.11935652181554489,0.020948790898233337,0.47406274029843787,10,1
19,45,0.2587600408037654,0.13322623781603177,0.018834485800543997,0.5018114205995029,10,1
20,45,0.14796039889026089,0.6612343288167002,-3.016666842637115,0.4898803909409434,10,1
21,43,0.17976774299274773,0.7729862580016561,-4.014390641671296,0.5018114205995029,10,1
22,44,0.17425834005369786,0.7718542906979291,-4.007932330552276,0.5018114205995029,10,1
23,46,0.18556749225857025,0.8679661257406169,-4.009059103413766,0.5392937489938565,10,1
24,47,0.3841139071751958,0.14674084872319682,0.0488365635992942,0.5750406399736091,10,1
25,44,0.3158363309624562,0.5065029058503522,-3.0166666706085365,0.7610957913501195,10,1
26,47,0.437370469910267,0.14654988127918644,0.01725702984890074,0.7610957913501195,10,1
27,44,0.3155944281011633,1.0645568736097168,-7.003844690536572,0.7610957913501195,10,1
28,45,0.33481775881058234,0.9338485893116361,-6.0005176870535655,0.762912592481634,10,1
29,48,0.4945197618581194,0.21437798640148453,0.05729118486647829,0.7875887064788586,10,1
30,47,0.5644743534737955,0.1954094531716093,0.005678832531875494,0.7875887064788586,10,1
31,43,0.5744003402091651,0.18113288950346706,0.1994423707019511,0.8322157262766373,10,1
32,48,0.5310686015149819,0.23568473046336452,0.109232062095131,0.8322157262766373,10,1
33,47,0.5505617132465627,0.2552282260601987,0.019214148090077775,0.9275750146692114,10,1
34,45,0.5966694636860804,0.22851486200723745,0.13891800787751232,0.9275750146692114,10,1
35,47,0.5283747490197883,0.22536741102956734,0.13891800787751232,0.9275750146692114,10,1
36,46,0.5546422955446894,0.23081060705751966,0.07717901822464046,0.9275750146692114,10,1
37,46,0.6111917696066015,0.26824779257275005,0.03341362032059693,0.9275750146692114,10,1
38,45,0.5834835492239815,0.26709605070242476,0.04498140136889133,0.9275750146692114,10,1
39,47,0.5853131608639326,0.26901564140343226,0.028644296231208632,0.9285593094635709,10,1
40,50,0.555015592568128,0.24091060726956764,0.0617801191137432,0.932102476574741,10,1
41,48,0.3768403948184376,0.9415832144320647,-6.0177777731137825,0.932102476574741,10,1
42,49,0.5394096957481758,0.24506148395859065,0.031895187382006036,0.932102476574741,10,1
43,46,0.5387973653624353,0.2503348700011488,0.01141047281052403,0.932102476574741,10,1
44,47,0.5475032720496045,0.26603542622417037,0.05519375897530156,0.932102476574741,10,1
45,41,0.6473926138175504,0.26754516337176504,0.09184883594331779,0.932102476574741,10,1
46,48,0.5759165323040417,0.2750856143113979,0.11932914504351813,0.9459035113323818,10,1
47,48,0.6065541074274933,0.27030060051429855,0.12663742345038942,1.0034791533089844,10,1
48,47,0.6004274848150932,0.26949991930676154,0.06338405266690485,0.9508530035907297,10,1
49,48,0.5427542623047623,0.27741899055933184,0.03679210737733829,0.935194397425902,10,1
50,49,0.6305937349921366,0.2374091315189474,0.06609559276637184,0.9358275497259663,10,1
51,50,0.5506064865865644,0.24458445899463993,0.026301268977202755,0.9336521196601679,10,1
52,45,0.5624168296001817,0.2739364916789255,0.006495716185126408,0.9343599270194897,10,1
53,44,0.5959878535253899,0.28289716250463176,0.003550080607929653,0.9284276865759923,10,1
54,50,0.55968260140787,0.25536460236870795,0.05899039754878564,0.9268137785059746,10,1
55,46,0.5743658993751161,0.2920695371106786,0.08766243973855531,0.9247827736932767,10,1
56,46,0.5369579177041861,0.2632236001917331,0.07828585032911427,0.9179788276626918,10,1
57,48,0.584735021532093,0.24109594295142775,0.09824643090953994,0.927348111735176,10,1
58,43,0.6098018032222974,0.2752798511404516,0.07060030120052806,1.0258705321171904,10,1
59,48,0.6077639951193513,0.29847548582010414,0.0012082214406767123,1.0258705321171904,10,1
60,47,0.5449008335820218,0.2760301437745749,0.006037825145258178,1.0258705321171904,10,1
61,43,0.6065986185593102,0.2694867174072492,0.011421889293921874,1.0258705321171904,10,1
62,41,0.6799215792049934,0.2556229442165219,0.17747514843818887,1.0258705321171904,10,1
63,46,0.7175577383754311,0.3027597708787423,0.17391811559225318,1.0537796995430668,10,1
64,49,0.6594552846901006,0.30964347607010817,0.05273844333326531,1.0543888796348317,10,1
65,45,0.6305188877459318,0.2534003975541978,0.17830523675957893,1.0355450350998183,10,1
66,47,0.6025941188593851,0.2556933894209916,0.1466146722081435,1.0258705321171904,10,1
67,48,0.6624140413212516,0.26524218397566446,0.10975809665977629,1.0258705321171904,10,1
68,44,0.6850623865598756,0.2818792723608785,0.014393837384369345,1.0258705321171904,10,1
69,48,0.6349421986673042,0.27107421234450635,0.016002011662288256,1.0258705321171904,10,1
70,46,0.6429528539190895,0.25095428953602583,0.034589161486336,1.0258705321171904,10,1
71,45,0.5547289359443952,0.32038150704102086,0.023534107627206903,1.0258705321171904,10,1
72,49,0.6017897791721485,0.32175730225147814,0.0042954954511279855,1.0258705321171904,10,1
73,41,0.7247514849843641,0.288156908778505,0.14148691663066879,1.0258705321171904,10,1
74,43,0.7093890475457282,0.3138225099577645,0.07725705900353978,1.0258705321171904,10,1
75,44,0.6658354648964984,0.29584881474592206,0.03343300148191514,1.1145341583579162,10,1
76,41,0.6943319351014888,0.31117815783642605,0.15422162565146064,1.1145341583579162,10,1
77,46,0.7692473154418604,0.2994353242424014,0.05275850163562254,1.149478589022795,10,1
78,44,0.7449140901321087,0.3060883951854674,0.13737942624374166,1.1145341583579162,10,1
79,46,0.5964998133174703,0.28890210441315217,0.050974375301011524,1.1145341583579162,10,1
80,45,0.66445023772808,0.2792852787925953,0.13062234387205016,1.1145341583579162,10,1
81,47,0.5498681095940112,0.5848579670500069,-3.0034713563759663,1.1145341583579162,10,1
82,45,0.7396351806770365,0.2808909672743563,0.07094437116898003,1.1497533384573067,10,1
83,42,0.7775936363348892,0.32472651968989913,0.0527969700414633,1.1497533384573067,10,1
84,44,0.7472354310110118,0.3253820121520207,0.13829648387877289,1.116106327156486,10,1
85,43,0.7994652667501002,0.30872948615937307,0.03665669110664599,1.116106327156486,10,1
86,46,0.6512764263628837,0.3050702489408676,0.059588803537975035,1.1159628190296191,10,1
87,46,0.6483427930192387,0.3124481600315445,0.04286216807923206,1.1159628190296191,10,1
88,46,0.6992545239565234,0.31218998769258605,0.11640021814364088,1.1159628190296191,10,1
89,46,0.7843578952875743,0.30385498438335157,0.12271012300924558,1.1159628190296191,10,1
90,46,0.7558800181753412,0.3209670154609046,0.13061843629537828,1.149709455266206,10,1
91,44,0.8257508441408113,0.3126318536464206,0.05577523256046239,1.1179000932200105,10,1
92,45,0.8706459081197145,0.2804873658430776,0.13061843629537828,1.149478589022795,10,1
93,40,0.9157550544063544,0.27054972405151145,0.16051281746072563,1.149478589022795,10,1
94,45,0.792139707333376,0.2968589559061091,0.11637572282996297,1.1494785890227959,10,1
95,45,0.7390829121736705,0.3083908652710396,0.11637572282996297,1.1502313911087367,10,1
96,48,0.7023206858984414,0.33871618022605254,0.08365847816174257,1.1502313911087367,10,1
97,43,0.8483858973173234,0.3300059329694845,0.1792408840557598,1.1502313911087367,10,1
98,45,0.8737508721138567,0.2940251426190751,0.1401159288560362,1.1502313911087367,10,1
99,47,0.8015344824691235,0.3525334066617523,0.11637572282996325,1.1617259504156237,10,1
100,46,0.8350573220596478,0.34000658970707287,0.05712671021972958,1.162221254848378,10,1
