gen,nevals,avg,stddev,min,max,run,representation
0,50,-1.0099999999999998,0.0,-1.0099999999999998,-1.0099999999999998,9,9
1,46,-0.6910666493327795,0.46492125635059833,-1.0099999999999998,-0.013333202202318682,9,9
2,45,-0.5275533859272132,0.5426502017914391,-2.016000082936292,0.2183301927894156,9,9
3,46,-0.4375090258023142,0.5360273460751801,-1.0150002965018328,0.3070065074236545,9,9
4,45,-0.14176452814566207,0.538050136591672,-2.01599999835603,0.34434227785071686,9,9
5,45,-0.17972822497346874,0.556337355156825,-1.0199999999999994,0.5142814874394506,9,9
6,46,-0.0874927003226645,0.6852715792188445,-2.016000032403344,0.5143285833807961,9,9
7,46,-0.043148343544244676,0.7109890419594107,-3.016666665960224,0.5143285833807961,9,9
8,50,-0.021314365654346062,0.6612065073740417,-2.0160000886947507,0.5145789137638868,9,9
9,43,0.21498850991511292,0.42865714861665133,-2.0160000886947507,0.5145789137638868,9,9
10,47,0.024816065380627413,0.6828040466029395,-2.0160000831919174,0.5145370512091344,9,9
11,43,0.22274977881168842,0.6496692247635846,-4.017142764116478,0.8113964124686199,9,9
12,47,0.17723865740955236,0.6353412162480132,-3.0166666914640574,0.8113964124686199,9,9
13,45,0.2748921154990356,0.7704235315049833,-5.017499990306573,0.7058422269101706,9,9
14,46,0.19921296137677846,0.7328549391942134,-3.0166665788697844,0.8113964124686199,9,9
15,45,0.20552797467458567,0.8436394564746357,-4.017142822361547,0.7327716819118394,9,9
16,47,0.006683006878132482,1.1016524677797228,-4.017142900360221,0.8113964124686199,9,9
17,46,0.2569748565225275,0.6093674348816668,-3.020000045234953,0.8123082668511129,9,9
18,46,0.1631142572927293,0.6429580076918835,-2.016000067769548,0.8193337308453911,9,9
19,47,0.08364969645011458,1.0298699231595845,-4.017142877956423,0.8188057481911859,9,9
20,49,0.23441812807961032,0.5282220302187146,-2.0199999993888094,0.8193337308453911,9,9
21,46,0.3503458608048464,0.4491417811830857,-2.0160000668870817,0.857909224966277,9,9
22,48,0.2679039242838542,0.4777840033862492,-2.016000067769548,0.8193337308453911,9,9
23,47,0.26994923191500014,0.7766669775784153,-3.0166666759312686,0.7683772295634828,9,9
24,42,0.2371841314887105,0.8024921061225041,-3.0166666739312147,0.8194029865136628,9,9
25,48,0.3946919929453315,0.2325342947229318,0.06222892074718684,0.8623982278994153,9,9
26,48,0.29266607202325745,0.711271347944289,-3.0166666759312686,0.8266251745675012,9,9
27,43,0.28811307954419263,0.9269481399343483,-5.019999989240541,0.8137079032944232,9,9
28,43,-0.08756500884036546,1.310570641943243,-5.017499960857473,0.8050209596165486,9,9
29,44,0.10425744122732594,0.9650424754603193,-4.017142834621092,0.8112474589130203,9,9
30,47,0.38944228166417294,0.3942735648193734,-2.0159999998489266,0.858199131075242,9,9
31,48,0.3896006349084237,0.5319988757015234,-3.0199999890607545,0.9126887429035523,9,9
32,49,0.46227786817861855,0.20738330814078598,0.09127188328632609,0.9126887429035523,9,9
33,44,0.44386998669211025,0.19731997360342077,0.1543992437540818,0.9126887429035523,9,9
34,46,0.44681432067562804,0.22498566610061643,0.1498452944877396,0.9126887429035523,9,9
35,43,0.40895174309770693,0.5378986652171512,-3.0166666677703087,0.9198738659622735,9,9
36,46,0.42845953055551533,0.4679345776904655,-2.015999923005231,0.9474322666022674,9,9
37,44,0.49348089087343,0.24665394280197073,0.07467041833805772,0.9198738659622735,9,9
38,48,0.4194840165802124,0.6771364676758279,-4.01999999933113,0.9136870499107892,9,9
39,49,0.4939097795382254,0.22746305008751563,0.07572156835076752,0.9057870695677311,9,9
40,48,0.514450676154624,0.21728418473763658,0.07575513413696411,0.8809554728153929,9,9
41,45,0.5176030502546773,0.20464282727191863,0.1778251278838204,0.8809554728153929,9,9
42,48,0.5306880019125991,0.2293884043652652,0.1593454540445005,0.9162019400621236,9,9
43,50,0.4191750132812879,0.21514119557251185,0.09962459145066875,0.898334625421699,9,9
44,44,0.4964149830331297,0.19378245300294586,0.12404178306406762,0.7744617416633115,9,9
45,47,0.4603890338746781,0.2069081649761329,0.06366027307650368,0.7764007301507704,9,9
46,43,0.4382842177859242,0.5403050980820795,-3.016666587951203,0.8512642064927195,9,9
47,46,0.4257148179462324,0.9470263750753593,-6.020000002614061,0.9545379994730389,9,9
48,48,0.40782564210774064,0.6673087284135973,-4.01714285597202,0.9062180130205905,9,9
49,44,0.5168502882787589,0.24939908705512603,0.11671293881427061,0.9764924614713681,9,9
50,46,0.5245163482391233,0.24626630300970265,0.02655871782549284,1.000368751427583,9,9
51,45,0.509303497557141,0.23241943644884835,0.1601867015682407,0.9308250916953186,9,9
52,45,0.46612338000631404,0.25617371739949296,0.14125688660712127,0.9335070761434283,9,9
53,47,0.5120673849915073,0.2520850070033366,0.0853782375046447,1.016846325091744,9,9
54,46,0.40493008098967453,0.5568980688991683,-3.016666657096901,1.0014957336848056,9,9
55,45,0.5501127811577424,0.2629568944384015,0.16715961437735316,1.016846325091744,9,9
56,49,0.18631200585929908,1.232814237577807,-6.017777807717396,1.0071987033115493,9,9
57,49,0.5497602226987737,0.2860992241269102,0.15156305623673696,1.0044458954774613,9,9
58,47,0.5321941126149023,0.27609619305661565,0.09950935543300064,1.0033830833700306,9,9
59,46,0.4598844087769849,0.6884932171688671,-4.017142865185266,0.9816754953861538,9,9
60,47,0.5797476253569617,0.27613507659096853,0.09293893263905739,0.9920251791831098,9,9
61,49,0.4809442328192457,0.2738317042244576,0.07505666047012279,1.0258039526166238,9,9
62,46,0.44503680038356275,0.32938071635461913,-1.0150000812353415,1.0214678181768073,9,9
63,46,0.46632074985500266,0.24473507859001423,0.12486526790853252,0.9250204526498086,9,9
64,48,0.49663286102491644,0.2377570923414575,0.11452154407899841,0.9321946837413329,9,9
65,49,0.4841165509899383,0.24267842614898968,-0.013333202202318682,0.8909665992194783,9,9
66,45,0.5335197172175401,0.23992057245850532,0.104999890715379,0.9760699319280584,9,9
67,43,0.5285343713379593,0.8258580240636696,-5.019999928003229,0.9760699319280584,9,9
68,46,0.45053704473955997,0.8209482124642237,-5.0174988447897615,1.011096135846742,9,9
69,45,0.6771823537248796,0.2641994627918756,0.09294361744947244,1.0196048500832906,9,9
70,47,0.5416958380230537,0.30971831821708357,0.12410567406083998,1.0561487023526879,9,9
71,47,0.498600551464787,0.31085294286282217,0.14248116152040996,1.043628191013812,9,9
72,46,0.4881975709246856,0.2897641483745978,-0.013333351129619296,0.9961422017092747,9,9
73,46,0.5226983495266194,0.2601113776795448,0.07687714172959478,1.0633841279301586,9,9
74,45,0.5694183545766685,0.23204662333728937,0.12898510046762388,0.9955706233076156,9,9
75,45,0.5193243225554511,0.2519478252370924,0.14979317501632922,1.0744324702242491,9,9
76,46,0.5489017218842271,0.2910412165121756,0.13493624339574925,1.0768452568630005,9,9
77,45,0.3693909869758672,0.6932174262411803,-4.017142865381251,1.0768452568630005,9,9
78,45,0.49881140838532273,0.2872844893181758,0.08391169533270054,1.0768452568630005,9,9
79,46,0.5755474442960011,0.28809840590004326,0.08177157289655371,1.1488988410126553,9,9
80,46,0.29569465269441264,1.2592063054749083,-7.017999990629683,1.1488988410126553,9,9
81,46,0.5136294747485932,0.3180968033069175,0.11927512952481961,1.1488988410126553,9,9
82,47,0.542362150693845,0.298937120317878,0.08690264559575595,1.1488988410126553,9,9
83,47,0.42905592525409403,0.8347867952603106,-5.02,1.05590284983714,9,9
84,44,0.5477560220637485,0.2951909026971725,0.11735220511563582,1.05590284983714,9,9
85,45,0.42468858761506395,0.55881196840565,-3.0166666568962515,1.0558788566500634,9,9
86,46,0.5268963091875603,0.24672034184204128,0.15804944770552026,0.9975775556560147,9,9
87,48,0.4642538309656804,0.31873040633763744,-1.014999999554456,0.8887858432672725,9,9
88,47,0.5312401178321075,0.2530209773491352,0.10915244488417068,0.9497658243118141,9,9
89,47,0.4539121282048552,0.54609979638139,-3.0166667785072314,0.9167373453982147,9,9
90,48,0.440320547852332,0.23621862935617646,0.08663458835252595,0.9547400210035079,9,9
91,48,0.32452306867331443,0.78774879869568,-5.01750007760135,0.9547400210035079,9,9
92,49,0.45792634867175175,0.2175973046762617,0.09893861991597741,0.9049017451847029,9,9
93,47,0.49915913289413333,0.212983612945342,0.14233115144431258,0.9049017451847029,9,9
94,47,0.5250492744887433,0.22908178090130518,0.18199239157446492,0.9828836041305978,9,9
95,49,0.5061059731663882,0.2357348756460642,0.07482936150045333,0.9898068023637004,9,9
96,47,0.5296309458360007,0.26768210448948104,0.12839452000716872,1.0030911581983077,9,9
97,41,0.5931567967972419,0.26696575668165623,0.09492610837730311,1.0009911262850715,9,9
98,45,0.45388741037390923,0.6944219617808952,-4.017142878950329,1.0009911262850715,9,9
99,48,0.4182095915109545,0.557832578558388,-3.0166666031337943,0.9924264187099238,9,9
100,46,0.5025006931009637,0.27944291343658934,0.07916951537469094,0.9924264187099238,9,9
