gen,nevals,avg,stddev,min,max,run,representation
0,50,-1.0099999999999998,0.0,-1.0099999999999998,-1.0099999999999998,8,0
1,46,-0.9502000002240905,0.23669521804797897,-1.0099999999999998,-0.01333328263859036,8,0
2,46,-0.8708333316590792,0.5283643825868594,-2.01,-0.013333266632006575,8,0
3,43,-0.32393126136050826,0.4719114546173752,-1.0149999957937752,0.16882842634258646,8,0
4,46,-0.0005242381584348099,0.15639474739471945,-1.0099999999999998,0.1798278283179912,8,0
5,49,0.02548113370618308,0.316738709066213,-1.0099999999999998,0.35924200324537225,8,0
6,47,0.1898651611870207,0.08032102795174313,-0.01333335210450976,0.35924200324537225,8,0
7,48,0.2623186463487231,0.10488879477308882,-0.01999999999999945,0.3685339326147412,8,0
8,48,0.3465456545919953,0.0515788412533333,0.1366446057738832,0.4928656471155247,8,0
9,48,0.3409407108522852,0.20562056780941002,-1.015000038067273,0.4928656471155247,8,0
10,47,0.38501244439508986,0.10576454547328203,0.05737675148890853,0.4961553352940271,8,0
11,47,0.4183876438222775,0.22230418482449868,-1.0135204850973127,0.4961553352940271,8,0
12,45,0.4421013369928159,0.1164871160838937,0.06806659571464428,0.617508897912717,8,0
13,46,0.4577661739546192,0.14363625287256446,0.016830411505149658,0.6512528551779908,8,0
14,47,0.5153710785258068,0.14722275811858535,0.016145695776224902,0.6509622409457526,8,0
15,45,0.5164850334326343,0.16552315695947908,0.17275792827056172,0.6996204148751299,8,0
16,45,0.5401529917583563,0.37733152821966537,-2.001601870081385,0.6996204148751299,8,0
17,46,0.5728870456230843,0.17090962986424127,0.0015361402135834906,0.7334326739044902,8,0
18,46,0.5451749409547741,0.40531067387446895,-2.0022864739435664,0.7334326739044902,8,0
19,48,0.5903555677615671,0.20176100886678802,0.1065329929008,0.7420791153810935,8,0
20,49,0.5815328971866063,0.417421560557219,-2.002229521538692,0.7529960550938067,8,0
21,46,0.5939294671486556,0.21355614668305029,0.13484083154807744,0.8042204992813703,8,0
22,47,0.6403053038092521,0.20063022255079938,0.13527263691034194,0.804333767864157,8,0
23,46,0.6205921517729304,0.23673927789214153,0.038815460794364647,0.8083965483341098,8,0
24,48,0.5734888346036567,0.2680441816648532,0.01940819259522172,0.8721928920024451,8,0
25,46,0.6392690935466753,0.25654352868789154,0.1043774260096332,0.872343958984637,8,0
26,47,0.6854093751803058,0.2538714633870749,0.002349262396559106,0.8724418059133368,8,0
27,46,0.7255407452281548,0.25495279097551904,0.012897021538086171,0.8724418059133368,8,0
28,47,0.7239026006271518,0.26709519312234986,0.042372149849502015,0.9629484973746665,8,0
29,50,0.6108356160518826,0.32637614223545064,0.007774633342441819,0.9629484973746665,8,0
30,47,0.6625605793263335,0.3184294415327629,0.11487937717961756,0.9629484973746665,8,0
31,50,0.6336330798224904,0.34618628081189445,0.05668262999214396,0.9631132213924497,8,0
32,46,0.7282031151943831,0.32603643608207494,0.13775030321365725,0.9828980926620517,8,0
33,44,0.7102517953738077,0.33864021433208125,0.0653998019081541,0.9828980926620517,8,0
34,49,0.6846927004187109,0.35192445788115784,0.0653998019081541,0.9828980926620517,8,0
35,45,0.7377360516087778,0.33167080501916785,0.0653998019081541,0.9844500296285672,8,0
36,43,0.691018599913933,0.37317122928632207,0.11963958663351436,0.9999732322991566,8,0
37,46,0.6457037149093836,0.37397615961190595,0.08346438818570696,0.9999732322991566,8,0
38,43,0.750307863976714,0.3337397914246785,0.11947980690561076,0.9999762044138363,8,0
39,47,0.755585324493834,0.34896139887064,0.044100027188936776,1.0000833990451257,8,0
40,43,0.7478738805474636,0.3575765251832521,0.11694818791535287,1.0562930464523306,8,0
41,46,0.7767714197780209,0.3479583724354535,0.0447893912128321,1.0562930464523306,8,0
42,48,0.8103753578211965,0.33540858760952946,0.12354530110124408,1.0562930464523306,8,0
43,47,0.6943416049882736,0.4169102046270529,0.02633285641780319,1.0568774020615086,8,0
44,46,0.680643285759849,0.4052179709254244,0.1162183416767454,1.0568774020615086,8,0
45,48,0.9004482782480259,0.3265871639516845,0.11437555467061102,1.0729482733070639,8,0
46,45,0.7568546409155426,0.4123388191020965,0.10043901877596711,1.0729482733070639,8,0
47,46,0.7595342922502418,0.4161770067049875,0.10601742016864878,1.0729790615457862,8,0
48,45,0.7026575555729337,0.4417425057352832,0.017304694728958545,1.1492633593763424,8,0
49,43,0.8105140432493105,0.39432711732089254,0.08519848070268017,1.1492633593763424,8,0
50,48,0.7642465462969532,0.4263632618268667,0.10252554914875452,1.1492633593763424,8,0
51,47,0.7596876066282,0.44718991348468207,0.08227233257794986,1.1980679945761707,8,0
52,41,0.834179808752726,0.43304323467648775,0.14641635568658332,1.198393978812047,8,0
53,43,0.7560697899290645,0.4730854067738587,0.14497821400993643,1.198393978812047,8,0
54,47,0.781781632598133,0.47009865436483655,0.10647407409522587,1.198393978812047,8,0
55,47,0.7934796401247237,0.48208534728514413,0.089061063036121,1.1999069441102854,8,0
56,45,0.8055067159319879,0.47972743576546356,0.14732344553045684,1.198393978812047,8,0
57,45,0.8928063800332153,0.4625057436837365,0.11569779882553587,1.1984904518772033,8,0
58,45,0.8020044557509167,0.486189422764047,0.16054254968887655,1.1984904518772033,8,0
59,48,0.877965587366853,0.46407394474069297,0.16082436173932532,1.1993086831641884,8,0
60,46,0.8894333104995902,0.46405927179411904,0.08916847106107184,1.222872991150706,8,0
61,48,0.7503772678818038,0.507090373256382,0.11782099599817729,1.222872991150706,8,0
62,45,0.7615348419176873,0.49556472501808724,0.15396755436054096,1.2242556179935882,8,0
63,43,0.8684977837004806,0.4705349736004838,0.16524076637729665,1.2225534435497165,8,0
64,46,0.7476360151365536,0.5045641813326668,0.16391761653286516,1.2237647754339185,8,0
65,46,0.9193543954670447,0.4587802437867608,0.10848947663369313,1.2642651918823575,8,0
66,46,0.7799574653949527,0.5070386922605922,0.1276502432196494,1.2642651918823575,8,0
67,47,0.7976442087279072,0.51335717408454,0.13645013347402682,1.2642651918823575,8,0
68,44,0.8787854574053782,0.48913435379632353,0.18370613301964017,1.269404088613416,8,0
69,44,0.9371032896962329,0.4877967522960091,0.13238684076490825,1.269404088613416,8,0
70,43,0.8309888681946299,0.5282243844729492,0.12379331125728178,1.269404088613416,8,0
71,44,0.8133017024419462,0.5294365876806204,0.10859343276452713,1.269404088613416,8,0
72,47,0.8148589961081725,0.5326463624407665,0.12708515523768318,1.2696594573328825,8,0
73,46,0.919364664718934,0.5103239806549057,0.11154884833206434,1.2697452088165764,8,0
74,47,0.8818976318445354,0.5169013028865478,0.0723300478858104,1.2713620987138838,8,0
75,46,0.7972098823204798,0.5313884416846308,0.07219707747913201,1.2712764774869512,8,0
76,46,0.7466277530353257,0.543833712792172,0.12714996297855155,1.2712764774869512,8,0
77,45,0.8988933619940095,0.5111200833987722,0.1130965587663985,1.2699196889370714,8,0
78,46,0.7721413021584681,0.5400109349934924,0.07240074574269045,1.269958698272418,8,0
79,45,0.8361256049505793,0.5311022624277163,0.14108801373384752,1.2742689531733224,8,0
80,46,0.8159296583909513,0.5346224729424862,0.13572044570363528,1.2742689531733224,8,0
81,50,0.8822349418208644,0.5197321752034936,0.1130965587663985,1.2742689531733224,8,0
82,49,0.7046442972442218,0.5276035358130035,0.14380215169653232,1.2742689531733224,8,0
83,46,0.8036190173941042,0.530631769210803,0.1341846118200791,1.2747837736281455,8,0
84,43,0.8899936193144655,0.5126649756735049,0.11402408545919966,1.2747837736281455,8,0
85,48,0.7791943778539716,0.5350709796634342,0.12759435063459612,1.2747837736281455,8,0
86,46,0.7913725092151407,0.54203839180882,0.1143728771839526,1.2750407243018276,8,0
87,47,0.8676769798356357,0.5200327912994355,0.1323459773812212,1.2750407243018276,8,0
88,46,0.8170658711824805,0.537625319659729,0.12731790827010564,1.2782699015786072,8,0
89,46,0.7536678485778827,0.5404493877621555,0.07280688378515653,1.2798280529687058,8,0
90,50,0.6592203663502765,0.5235302391397693,0.1351056164724682,1.2798280529687058,8,0
91,45,0.723449161762712,0.5350181774221705,0.13849919683453274,1.2850171939129686,8,0
92,45,0.8987743599469082,0.5056524104777348,0.12345068469651564,1.2850171939129686,8,0
93,45,0.8473013401750551,0.5305818177392125,0.12702488631129488,1.2850240999882063,8,0
94,48,0.844215117880572,0.5370316773836945,0.07153815730765102,1.2866090689145175,8,0
95,46,0.857230918186724,0.525421763865249,0.12719578101540174,1.2866090689145175,8,0
96,45,0.7817524656905919,0.5434865547898067,0.12719578101540174,1.2866090689145175,8,0
97,46,0.7362626435793754,0.5474982664891784,0.09968299211741505,1.2856323108065488,8,0
98,44,0.793188503798808,0.5333958346374011,0.1272331149232236,1.2856566972886865,8,0
99,47,0.8292567885800287,0.5358716991567235,0.1476564992411844,1.2856566972886865,8,0
100,47,0.7800827850467779,0.5471505253864731,0.12730627047256643,1.2858747089113496,8,0
