gen,nevals,avg,stddev,min,max,run,representation
0,50,-1.0099999999999998,0.0,-1.0099999999999998,-1.0099999999999998,1,9
1,46,-0.5116666423627875,0.498333357637214,-1.0099999999999998,-0.013333202202318682,1,9
2,46,-0.36209763705518117,0.5292822928284328,-2.015999999168232,0.21833106456863624,1,9
3,49,-0.5179604066170471,0.5546715832289526,-2.015999999715319,0.21836040979243057,1,9
4,45,-0.4034933414063576,0.5231720179769633,-1.015000042391821,0.34371300605190813,1,9
5,48,-0.31622106721845333,0.7228297853424493,-3.0166666739277064,0.5140990610142516,1,9
6,48,0.03118709786476131,0.5434560884834101,-2.015999938910494,0.6028318234400849,1,9
7,45,0.018562405948827666,0.8361289633519573,-4.017142806956059,0.5832250096568227,1,9
8,47,-0.2336436265450856,1.3174977051635643,-6.017777778845028,0.6146940569367773,1,9
9,48,-0.02106945946701725,0.9671094566685584,-3.016666683029095,0.5813516308050313,1,9
10,49,0.18739175023887408,0.5387382243608564,-2.016000033307092,0.7030185320611985,1,9
11,46,-0.21050570324897439,1.1688399075869642,-4.017142958209297,0.6898101900313051,1,9
12,48,-0.11602329413492202,0.9799370211436194,-3.0166666739312147,0.6423877186023221,1,9
13,47,0.07187762703578371,0.9072804896742254,-4.01714277248265,0.7173851272671289,1,9
14,47,-0.04380112624534485,1.1465471036021697,-4.017142804431521,0.8129768196504336,1,9
15,42,0.13701614353770075,1.0106070504305802,-5.017499979742205,0.8129768196504336,1,9
16,47,0.1992486798099459,0.6630835361582285,-3.0166665788697844,0.8123082668511129,1,9
17,48,-0.3836634610500127,1.5069966028401165,-4.017143121795819,0.8129768196504336,1,9
18,47,-0.058278713395262825,1.2561048918878128,-6.017777833185352,0.7059840837857206,1,9
19,45,0.024187845198693117,1.012266886248968,-4.017142917267772,0.8123082668511129,1,9
20,43,-0.05869093071486457,1.2377255025400133,-4.017142868192807,0.8129768196504336,1,9
21,48,-0.12443949527074227,1.1961385041845984,-4.017142834621092,0.8128254675368665,1,9
22,44,0.09999983986129647,1.0223154671677994,-4.017142834210634,0.8193337308453911,1,9
23,47,0.12179373602588603,0.8414447667476779,-4.017142893664234,0.8046348767328564,1,9
24,42,0.27313406285011554,0.6736862172256185,-4.017142834621092,0.8193337308453911,1,9
25,47,-0.12669302992012077,1.3509624734950716,-5.017499979742205,0.8046348767328564,1,9
26,46,0.28476009579055406,0.5408024360907377,-3.016666638549763,0.8194578649981564,1,9
27,46,0.22289702756180915,0.5330532484363844,-3.0166666103326816,0.7060141091212715,1,9
28,48,0.19822337992814076,0.6505182575852139,-3.016666602939035,0.8137708843379653,1,9
29,44,-0.15129463667919052,1.2676481095876433,-5.017499991739604,0.8137708843379653,1,9
30,47,0.2595086222644665,0.6803776274377931,-4.017142881427272,0.8194029865136628,1,9
31,49,0.07008806552971039,1.0929199414710187,-5.017499976129255,0.8188057481911859,1,9
32,46,0.2659727181674756,0.3835533457560103,-1.015000003352805,0.729581746685387,1,9
33,47,0.15402510473335304,0.8478631612549478,-4.017142906841038,0.8137079032944232,1,9
34,42,0.28462228672907014,0.7582019303930795,-4.01999994539732,0.8137079032944232,1,9
35,48,-0.24164712950363268,1.3193432876718558,-4.017142975017408,0.729581746685387,1,9
36,48,0.17008269466130418,0.8791669349491118,-4.020000043342165,0.7187868667199622,1,9
37,44,0.3134517741178628,0.3794531316830687,-1.0149999979238657,0.8242115282410406,1,9
38,45,0.3217745872581147,0.6492572216220251,-4.017142893735553,0.7328393089462182,1,9
39,43,0.3011677056802888,0.79163048059608,-5.017500018770701,0.7533106729466196,1,9
40,45,0.14943000629750536,1.0732533343828545,-5.020000019329564,0.7533106729466196,1,9
41,48,0.3873138662198559,0.28865298797527983,-1.0150000812353415,0.7303152843460875,1,9
42,42,0.3056575440471545,0.6847375917353188,-4.019999887129316,0.8242115282410406,1,9
43,42,0.30546888051746274,0.6602747786477775,-3.0166666710935623,0.8384610680140892,1,9
44,45,0.2519381254810053,0.8103492434525609,-4.017142857513223,0.8260369090992848,1,9
45,45,0.3539729581164639,0.39925583643494506,-2.016000033694529,0.7535920806102262,1,9
46,48,0.25746637672371686,0.7025728626715134,-3.0166666445668278,0.7567780913218392,1,9
47,45,0.39145241986887575,0.45277208783755074,-2.015999948761769,0.8242115282410406,1,9
48,46,0.1626463642944043,1.2363154392862752,-7.018000014316788,0.8384610680140892,1,9
49,42,0.4718855395398422,0.2178306869854385,0.09927673393826014,0.8316915677430188,1,9
50,47,0.3223722179272843,0.6870131177340936,-4.019999882269347,0.8561528624321266,1,9
51,45,0.3453991744987159,0.4547555096272882,-2.016000033307092,0.8384445622514695,1,9
52,47,0.31268954733567017,0.8013888731147427,-5.0199999485703115,0.8384610680140892,1,9
53,42,0.08394833040980423,1.3531030269761044,-7.017999970538393,0.8384610680140892,1,9
54,44,0.3286379744182815,0.6573137024444905,-4.017142829397172,0.8384610680140892,1,9
55,46,0.4049800544489311,0.3147872275337741,-1.0067113619351056,0.8530234771225452,1,9
56,45,0.23257910393391512,1.0447809881490553,-6.017777795218457,0.7348563085854471,1,9
57,48,-0.06347989469018206,1.17818148268348,-4.020000018172164,0.7348563085854471,1,9
58,47,0.24387271184959014,0.8889592168340704,-4.017142907408664,0.7346481351000973,1,9
59,47,0.3219743190955478,0.6209721553491855,-3.016666601978453,0.7571595887783101,1,9
60,41,0.5048432120973613,0.194379316131717,0.09127188328632609,0.8646997450695504,1,9
61,50,0.27970333225657024,0.9051302719734429,-4.017142866730936,0.8242115282410406,1,9
62,47,0.0008611159398011253,1.1907046073913605,-5.020000009681657,0.8369751625437216,1,9
63,48,0.054658176670091596,1.2951763815502084,-5.017500009393488,0.8334846388001126,1,9
64,48,0.4019656133120128,0.21852901471728842,0.06267939003446667,0.756241194258434,1,9
65,45,0.2352620340739522,1.055899856950093,-5.017500045472051,0.7544951963016847,1,9
66,46,0.33088298464820903,0.5235991727988186,-3.016666676263546,0.8120828928703502,1,9
67,48,0.2785916070303941,0.8075382527166779,-4.017142728415651,0.8333197762432039,1,9
68,48,0.17402611665270143,0.920291608626469,-4.017142846620219,0.7523843586968486,1,9
69,42,0.47793067031200187,0.19332024816012705,-0.01333333283630947,0.8199690926605717,1,9
70,45,0.2800821082736858,0.47278858645109867,-2.0160001270477377,0.7252857387949031,1,9
71,43,0.28456247057264217,0.7585852982637368,-4.017142797109771,0.8113964124686199,1,9
72,44,0.19513438367201488,0.9075255323938479,-4.019999925882897,0.7721913494906162,1,9
73,44,0.43920755643419457,0.18577729560294107,0.06314326365268182,0.7721913494906162,1,9
74,47,0.029477559480216877,1.055815195184968,-4.017142857680521,0.7502051572019156,1,9
75,44,0.31831553754509995,0.5152794750004888,-3.0166666305413004,0.8137562771947615,1,9
76,49,0.09149880691815035,1.0125201102528314,-4.016077955536904,0.824276580054365,1,9
77,47,0.37533116989609433,0.29575096225111325,-1.0099999999999998,0.8224878267149849,1,9
78,44,0.23671755387448157,0.8572179339504964,-5.017499926547877,0.9041245301038776,1,9
79,47,0.3173890932539528,0.5238182419104519,-2.016000035511669,0.8273881655790852,1,9
80,44,0.4072534714503053,0.2825959277755415,-1.0149999979238657,0.8273881655790852,1,9
81,45,0.47098825654063636,0.1960306545725647,0.06648164407144828,0.8332562971239506,1,9
82,48,0.32732664953910917,0.5277342904161184,-3.0166666496165755,0.840103536915481,1,9
83,43,0.3212087063067682,0.9257913937235007,-6.017777779273284,0.7567040213394888,1,9
84,47,0.4861158491243399,0.2157278496013942,0.10384903282721648,0.840103536915481,1,9
85,48,0.1834451591392432,1.0081179192474534,-5.017500032022582,0.7607127155742981,1,9
86,48,0.47344787980318664,0.2230807463364008,-0.013333323120638074,0.9397507481896838,1,9
87,46,0.47219872432717674,0.30746736166054056,-1.0150000445617409,0.9511895312127066,1,9
88,48,0.5066261004288937,0.21893526024777896,0.10281810005916575,0.8278378379656968,1,9
89,47,0.47087054905071035,0.4107745745348585,-2.015999966063294,0.8997823220906145,1,9
90,45,0.4353663158596094,0.6752494896066581,-4.017142849802207,0.8353703556587845,1,9
91,43,0.3680870554127339,0.601975307015928,-3.019999961439762,0.8353703556587845,1,9
92,45,0.28760602172425165,0.9279053130052033,-5.017500018770701,0.8353703556587845,1,9
93,49,0.5218467921014325,0.2019193999092046,0.06221129325490112,0.8227802464132304,1,9
94,48,0.40499460245689967,0.7014516501286977,-4.019999971864913,0.827052279224604,1,9
95,46,0.3522961457553134,0.54413323250615,-3.016666709344955,0.8273881655790852,1,9
96,46,0.3637649517778206,0.6941940288967176,-4.017142870444623,0.9063020672030104,1,9
97,47,0.4675659141659442,0.23194899032570512,0.08215679483710545,0.8213190644329378,1,9
98,46,0.39982196894217936,0.4030558544893797,-2.0160000457615834,0.7622502725520356,1,9
99,47,0.4861307304592801,0.19736431623670178,0.1635474069126605,0.8246824791896868,1,9
100,46,0.5129242200537607,0.22492667425390506,0.11338982056930472,0.9123937438930132,1,9
