gen,nevals,avg,stddev,min,max,run,representation
0,50,-1.0099999999999998,0.0,-1.0099999999999998,-1.0099999999999998,9,0
1,40,-0.9902666550999463,0.3729318620216608,-2.01,-0.013332994243775284,9,0
2,46,-0.6717999691105515,0.5851750177891604,-2.01,-0.013332994243775284,9,0
3,47,-0.0916691723013211,0.2713479742915552,-1.0150000196804927,0.04651891390696149,9,0
4,42,-0.11902681855061725,0.3314185946582265,-1.0149999809709545,0.15100673502764458,9,0
5,47,-0.07384261418552115,0.31697506990229535,-1.0200000838185406,0.15100673502764458,9,0
6,46,0.04201333929313149,0.22145561337845376,-1.0150000689193062,0.2156163790949238,9,0
7,43,0.12133391338705123,0.054158478087523616,-0.013333519545802855,0.2156163790949238,9,0
8,45,0.15688821230676372,0.06361088616954459,-0.01999999999999945,0.303131436395888,9,0
9,47,0.1759285790985592,0.07778109539501182,-0.013333547480878014,0.303131436395888,9,0
10,46,0.23501988995393966,0.04822130345641912,0.1160813415291758,0.35723100423927984,9,0
11,45,0.23873008780630228,0.09747203209025508,-0.013333204035057913,0.401308802576466,9,0
12,44,0.24567428042530362,0.20724646361979307,-1.016254278314326,0.4020298488986601,9,0
13,48,0.30870117705267086,0.11372533444542711,-0.013333340656515168,0.4020298488986601,9,0
14,48,0.25029261385054874,0.23264638186884906,-1.0124857327278147,0.4209072109187854,9,0
15,48,0.29833303027470515,0.23270371858665564,-1.019999999593209,0.529772925527496,9,0
16,42,0.314541973776864,0.2302814613131218,-1.0249999962715564,0.529772925527496,9,0
17,46,0.32370630045242216,0.3012916221009024,-1.0200000174055506,0.530312491113211,9,0
18,46,0.3435948247875586,0.259122734596336,-1.0117097064118372,0.5369621994051749,9,0
19,47,0.43330102889143474,0.14450899617259538,0.0858016159053635,0.5369621994051749,9,0
20,47,0.4229548733337557,0.1463704645879155,0.07946332891268819,0.5485806370170255,9,0
21,49,0.46408586084673686,0.14502388650890632,0.08355054845886244,0.5485806370170255,9,0
22,45,0.4592971556854406,0.14214297231453873,0.08546651476231391,0.5757001594498464,9,0
23,49,0.4793984737538133,0.12084791996265495,0.10284124837896641,0.5798269857031805,9,0
24,49,0.41141399886229246,0.19201288610957326,0.015638946397390073,0.5798269857031805,9,0
25,48,0.47313862417305524,0.15788395014710616,0.06850848645994123,0.5957747743739128,9,0
26,48,0.4607031815828025,0.18207444428048616,0.07632161697390455,0.5957747743739128,9,0
27,46,0.50053198859082,0.16675846228791055,0.08729717814459079,0.597991590448167,9,0
28,44,0.4604292079501008,0.202703810288996,0.014699353902101336,0.597991590448167,9,0
29,45,0.5140835164281016,0.1469408383084007,0.0731464995595222,0.716724866945609,9,0
30,47,0.5563286588502001,0.11066941798516161,0.18199436497078644,0.7167892530558725,9,0
31,46,0.5794163269111352,0.15371639626093517,0.08969484289086341,0.7167892530558725,9,0
32,48,0.6486612225293762,0.1445818890924533,0.13876783612124297,0.7802811322037726,9,0
33,47,0.6339451146410922,0.18658856487042663,0.09914060498501447,0.7802514790155264,9,0
34,46,0.6197294327888043,0.21465769827076003,0.07667328881785733,0.8392462547499466,9,0
35,47,0.6074782092382127,0.25765796858087936,0.004769772043541366,0.8392462547499466,9,0
36,44,0.6758014683279822,0.21922058710406336,0.10306981614174071,0.9263362268774994,9,0
37,49,0.6879171162348595,0.2629695273118762,0.12749458103532602,0.9263362268774994,9,0
38,45,0.7046989233431443,0.2844283024602071,0.04485243880015575,0.9264739414949729,9,0
39,47,0.8076481596725266,0.21177678683449205,0.12640273191706203,0.9264726935963983,9,0
40,41,0.7908480484638041,0.24749201210252175,0.18738746943840506,1.0118480691945901,9,0
41,43,0.7904016325009837,0.26253941528404073,0.15412504534425467,1.0118480691945901,9,0
42,46,0.8122786285647814,0.2738575421125375,0.14711175002900634,1.0120367014111595,9,0
43,47,0.8332240083559356,0.2829964957491676,0.131318600451211,1.0120367014111595,9,0
44,47,0.8566441607087125,0.28904320407991346,0.14446348147086363,1.0574369036948676,9,0
45,43,0.7880548961891577,0.3397161826698654,0.11653586850757726,1.0120367014111595,9,0
46,47,0.7800450314121007,0.3243247484814166,0.15833676623919218,1.0141350509079612,9,0
47,46,0.8357025008553072,0.30490600319988614,0.1249160823807464,1.0168485823914317,9,0
48,47,0.7964154528112475,0.3271234976271094,0.07902527591149024,1.0171811933684818,9,0
49,43,0.845970754840926,0.3173355489921471,0.07883576003959034,1.018274042849325,9,0
50,45,0.8347674403996095,0.32302228625438223,0.13970376057562858,1.018274042849325,9,0
51,49,0.8746205768209683,0.2718911885784107,0.19414764149130778,1.0194403070026627,9,0
52,45,0.7393422847577589,0.39503699206831283,0.1014040250505606,1.0194403070026627,9,0
53,47,0.8392878475641665,0.3168699411468303,0.12417995593145888,1.0194835401585844,9,0
54,49,0.8628252291602766,0.28348659513179447,0.1085273065721876,1.0222980006147828,9,0
55,43,0.9109121314298197,0.21778024295456738,0.22630788742134494,1.023040612034026,9,0
56,46,0.9281841609087731,0.21227348978358418,0.13872326965460344,1.0770356495213267,9,0
57,47,0.936340651499719,0.22620365630384856,0.1083707544728998,1.0933582378877205,9,0
58,45,0.9007644187149181,0.3034494578640835,0.013644374498788978,1.0933582378877205,9,0
59,46,0.854158359057007,0.37054083707028845,0.013675712002016536,1.0954926005802292,9,0
60,42,0.8946285765671628,0.34927465778812583,0.09244850083574846,1.1370048395692867,9,0
61,47,0.8212996028226088,0.39558982971260165,0.10286524462505865,1.1370048395692867,9,0
62,45,0.9166995761932522,0.346804269186323,0.06185681368965719,1.1370048395692867,9,0
63,48,0.8762342729089769,0.38847701792292677,0.08954457181147754,1.180134327118582,9,0
64,44,0.9395740506709248,0.3644470508986596,0.16493419945751586,1.1826998399167985,9,0
65,47,0.9006741403945462,0.4205196738745009,0.0810788866374677,1.2085513152635337,9,0
66,45,0.9925086394990847,0.37422174633887023,0.08322274737008604,1.2085515271654155,9,0
67,48,0.8913366268314634,0.42924873988100287,0.09163437966675078,1.3324626282046714,9,0
68,45,0.879520970047273,0.46078410757020277,0.08232128156393667,1.3325075224190788,9,0
69,43,0.9911618779782035,0.40004214621735706,0.10012136920816246,1.3325075224190788,9,0
70,47,0.9777322836994234,0.44929919769387305,0.10551880077053698,1.3446147915746698,9,0
71,45,1.1424938876376691,0.38763689065028184,0.1227551517955495,1.3510533126361775,9,0
72,46,1.1690673615056986,0.36932403118921653,0.10559114593928189,1.3796372057648518,9,0
73,48,1.1575936689215103,0.39333540519273535,0.07803005790590296,1.3796372057648518,9,0
74,44,1.1234154630296624,0.4193218431713982,0.12419795638347617,1.3796372057648518,9,0
75,44,1.1659561568446837,0.41250792766639666,0.12414854625438496,1.3920290344917436,9,0
76,49,1.2222342782011522,0.3583114053602569,0.13705922444421095,1.4044792757598203,9,0
77,47,1.2444174819629297,0.36174777596468627,0.11613640621959764,1.5064199853275908,9,0
78,47,1.3254731487871825,0.3068338568750851,0.09801861967371647,1.5096331704985442,9,0
79,46,1.2920971127904894,0.396936577017912,0.10516037448341588,1.525062560344074,9,0
80,47,1.3222032824756882,0.4331432794611621,0.12460400866194257,1.531112581381437,9,0
81,49,1.3248356370231837,0.416637154882294,0.13298927661261087,1.531112581381437,9,0
82,47,1.2470307884898664,0.5318453419150624,0.10127340798060401,1.5527153970219176,9,0
83,47,1.2732468382968392,0.5085271677437848,0.13821842481598687,1.5580543962156208,9,0
84,45,1.356981783772039,0.44284239778856566,0.04286480301639768,1.5975745042376603,9,0
85,45,1.2397923320527198,0.5684574167523284,0.07283721594124629,1.6149904676383913,9,0
86,49,1.1960025923320756,0.5970714885996113,0.1105492170019093,1.6150622951180311,9,0
87,47,1.2639144419351913,0.5857939504864619,0.04258089123778246,1.620119236373643,9,0
88,45,1.3121554651201703,0.5842230800524941,0.04250956468108477,1.6684238656202124,9,0
89,46,1.2931144495842708,0.5969461051605884,0.10950566134897381,1.6831743412089142,9,0
90,46,1.1700732923317194,0.6779730410677165,0.08674413440658608,1.754501403029587,9,0
91,45,1.2994798718346596,0.6366611581120271,0.10181243233066109,1.754501403029587,9,0
92,47,1.390272692618219,0.6164974144079104,0.10074103119135316,1.7927704045048627,9,0
93,47,1.5053257398281104,0.5556343617510598,0.11950428599464981,1.7927704045048627,9,0
94,48,1.174156633316211,0.7533937301950978,0.1135349180659736,1.7930585872900102,9,0
95,45,1.5083766050569665,0.5676397422644867,0.11544311315873333,1.8002837238877236,9,0
96,45,1.4940292101393728,0.5919621496599684,0.08306319242641552,1.8002837238877236,9,0
97,46,1.2951759592221603,0.7295977051433126,0.08124933238173876,1.8002837238877236,9,0
98,49,1.5665914890833952,0.5101368126577392,0.21062739342418813,1.8247041838321856,9,0
99,46,1.4077552943911271,0.6782534817900271,0.12852216450236886,1.8247041838321856,9,0
100,49,1.3551326678193742,0.6985890220281221,0.13791282814505348,1.8247041838321856,9,0
