gen,nevals,avg,stddev,min,max,run,representation
0,50,-1.0099999999999998,0.0,-1.0099999999999998,-1.0099999999999998,9,1
1,43,-0.8106666666663471,0.39866666666730494,-1.0099999999999998,-0.013333333331737479,9,1
2,47,-0.4122999994678123,0.4886336839560621,-1.0150000000428947,-0.013333318611476526,9,1
3,47,-0.3530999958689598,0.4733859152782066,-1.0150000000428947,-0.013333250652603693,9,1
4,42,-0.29279998672774166,0.44814525106890657,-1.0149999997469918,-0.013333159285639214,9,1
5,50,-0.2928999906976245,0.44830580330212827,-1.0150000035116378,-0.013333250652603693,9,1
6,47,-0.17310000522001814,0.3660726998069009,-1.0150000000428947,-0.013333293046354106,9,1
7,45,-0.27296666356893023,0.43801741443895303,-1.0150000001901438,-0.013333159285639214,9,1
8,45,-0.29154638376723685,0.49226575792709193,-2.0159999997547913,0.06351965298777826,9,1
9,45,-0.189257425467835,0.3863513892641206,-1.0150000082361408,0.10860686419547391,9,1
10,39,-0.2374070678121436,0.5198603363043319,-2.0159999893113913,0.11829467329742972,9,1
11,45,-0.3495868698933466,0.7435080690100874,-3.0166242348662893,0.1732059191025007,9,1
12,46,-0.35851331452522783,0.9105150983917187,-3.0166666667321977,0.16347983972105504,9,1
13,47,-0.22864626699849733,0.8766904372093846,-4.017142859454412,0.2723076322068208,9,1
14,47,-0.152692059977295,0.7894600217338115,-3.0166666662363992,0.2723076322068208,9,1
15,47,-0.26532801311109716,1.2140078764900788,-5.00851740396556,0.3746517600429124,9,1
16,46,0.16318207136131696,0.4629231943245163,-3.0166666580680186,0.4028693525958313,9,1
17,47,-0.16873544533090798,1.4480046535913726,-6.017777777929484,0.4471544075539066,9,1
18,39,-0.4697474296514922,2.0996218503002475,-8.018181817213618,0.44801865451194306,9,1
19,47,-0.12166261699498365,1.746512515764643,-7.018000000429267,0.5216876666685449,9,1
20,48,-0.29252470409641823,1.921656603702899,-7.018000001245826,0.5059278531780362,9,1
21,47,0.08099364348194069,1.267508611046607,-7.018000001435595,0.5059278531780362,9,1
22,48,0.028886253385366406,1.2358021587280448,-6.007354856999587,0.5727279676407983,9,1
23,45,0.3497531299084356,0.15441279291109886,0.00841275689529019,0.5727279676407983,9,1
24,46,0.36622587456104305,0.12663700268659003,0.025233635724144686,0.6450639791304437,9,1
25,46,-0.02829976198897943,1.5345160856381197,-7.01799999930139,0.5727279676407983,9,1
26,47,-0.3286024139461368,2.3560669119946605,-9.018333334454896,0.6201585027379627,9,1
27,46,0.19054578070459421,1.180853280845807,-8.018181819274028,0.6201583063435905,9,1
28,46,0.11864114113160128,1.4577532398853454,-10.018461537548124,0.6363100617680525,9,1
29,46,-0.37901105734825646,2.2956012979769405,-8.018181818981677,0.6736925818377506,9,1
30,46,0.025864459728266585,1.8630282956753101,-10.018461538037801,0.6736925084407515,9,1
31,47,0.07563683961096025,1.5642155285155688,-8.018181818981677,0.673692623324367,9,1
32,48,0.4018235943325694,0.21687546570035157,0.0008998146759921664,0.6449366000715876,9,1
33,48,-0.06872866771614893,2.1116902572318743,-9.008754296474883,0.7461002592379755,9,1
34,45,-0.2973035632607408,2.445187207781669,-9.00887438410025,0.7474880734463453,9,1
35,44,-0.6954689461987751,3.095471790791818,-12.018666666784567,0.7474880734463453,9,1
36,48,-0.4647044393463733,2.794063040302545,-9.018333333674077,0.8168752456403731,9,1
37,47,-0.32734587237962004,2.5840351655331206,-10.016556137424825,0.8170359256111588,9,1
38,48,-0.42902399267767,2.706482426949855,-10.018461538342748,0.8822900155235751,9,1
39,44,0.049663901899923875,1.9704268316688398,-10.008106674315517,0.8168752456403731,9,1
40,41,-0.8108502965505562,3.322380551126018,-10.017045332891003,0.8170359256111588,9,1
41,43,-0.09967217398157092,2.268005302294611,-9.018333333221538,0.8170359256111588,9,1
42,43,-0.36875815361154984,2.5673923612719305,-9.00068405129648,0.817051578974687,9,1
43,41,-0.46230316371895663,2.899760737316879,-11.018571431622705,0.8173660351338419,9,1
44,47,0.5059078542891524,0.25962283695904936,0.002981019344340831,0.8173660351338419,9,1
45,49,-0.42632582377680495,2.617222877386463,-9.0183333331508,0.8312848551668023,9,1
46,45,0.12044508078128277,1.6797967537447331,-8.003550513539006,0.8169158990373226,9,1
47,50,-0.06545598891794378,2.0339515398209063,-9.018333333708219,0.8169158990373226,9,1
48,48,-0.23077526963052372,2.392492506211323,-9.0101776820703,0.8171183702231912,9,1
49,46,-0.038083686263554954,2.0276933567204707,-8.018181818141736,0.8153726703711675,9,1
50,47,0.12557377821022564,1.6746343484110624,-8.018181817491561,0.8153726703711675,9,1
51,43,-0.11491159916972178,2.183475877280289,-9.01833333349093,0.8248868733322748,9,1
52,46,0.12171239422226358,1.6926171540195547,-9.0183333339612,0.8271514101545028,9,1
53,46,0.4809785418810863,0.2707375887546524,0.006239561429615411,0.8271521498473723,9,1
54,45,0.11171644658820166,1.6092726356260485,-9.003751694006388,0.8655231435089185,9,1
55,50,-0.21119409061918315,2.173648576309561,-8.018181818309468,0.8655231435089185,9,1
56,45,0.49176262851476354,0.28548053425460806,0.010365164398319953,0.865628016585428,9,1
57,47,0.29904042352755167,1.3560397049708572,-9.018333333486865,0.865628016585428,9,1
58,43,-0.26461662274613534,2.3419399131467844,-8.018181818101233,0.865628016585428,9,1
59,48,0.10052375585121247,1.4926778555970102,-8.002968668318035,0.8665726163176272,9,1
60,47,-0.07147794818558548,2.19432136132355,-9.018333333258424,0.8687850003576674,9,1
61,49,0.130446797069257,1.6833711076968616,-8.003133679464403,0.8710552339166934,9,1
62,42,-0.21063692231016623,2.3919114201327125,-9.018333333904916,0.8710552339166934,9,1
63,47,0.04574195334317631,2.0533611534437437,-8.018181817559118,0.8710552339166934,9,1
64,42,0.3360103749346643,1.226361183882639,-8.018181817660317,0.8710552339166934,9,1
65,43,-0.5950441797278362,2.8926878412981347,-10.018461539012092,0.8710552339166934,9,1
66,48,0.24885220567743782,1.5186787131866175,-8.018181817882086,0.8851077717021757,9,1
67,50,-0.5904895101587154,2.9495495563952745,-10.002220060482559,0.9061688629829315,9,1
68,44,-0.12641943473107906,2.137889861752381,-8.000322862899694,0.8790476219106694,9,1
69,45,0.38916474266182177,1.098654367011273,-7.018000000402836,0.896823863174922,9,1
70,45,0.0007383708471606854,2.134059750553709,-9.014322078419129,0.8968490563921918,9,1
71,47,0.23921138206927445,1.710504372094294,-8.018181818122413,0.8998328489285832,9,1
72,44,0.20271415938205709,1.6094153802558195,-8.011911659350341,0.9053410230886215,9,1
73,49,-0.32656558597539104,2.6550675635415413,-9.018333333332038,0.9126390183307665,9,1
74,50,-0.07569771500373629,2.113039876185047,-9.01833333384125,0.9432048408419327,9,1
75,49,0.07349022882807937,1.903321635807614,-8.018181818440521,0.9252301270829104,9,1
76,46,-0.204212428404851,2.488302739623884,-8.018181817979995,0.9252301270829104,9,1
77,47,-0.04360840167730125,2.0349641540412375,-8.018181818000436,0.9165902132406504,9,1
78,45,-0.13321384640771605,2.2726298842806805,-8.018181818113982,0.9218752776841924,9,1
79,42,0.44773793891823144,1.380936716460917,-9.01833333359664,0.9252301270829104,9,1
80,45,-0.0007658395672526064,2.097995687471194,-8.010858423964777,0.926118282390681,9,1
81,50,0.13838339628842283,1.79476078012484,-9.018333333722962,0.9218752776841931,9,1
82,47,0.3938672028855749,1.236221332842042,-8.018181818543608,0.926118282390682,9,1
83,49,0.024854315523838526,1.88867813534035,-8.018181817763637,0.9308577442182808,9,1
84,48,0.07205320418647593,1.9027666209429837,-8.018181818122413,0.930857744218281,9,1
85,46,0.24614079854669366,1.4090987336653176,-7.017999998337652,0.9308577442182808,9,1
86,46,-0.12282356079717692,2.222744592434443,-9.018333333722962,0.9308577442182808,9,1
87,46,-0.27974540654331703,2.4694653768341284,-8.014403279622845,0.9308577442182808,9,1
88,47,0.2956423310511124,1.5147427130201798,-7.018000000391473,0.9321050881066907,9,1
89,46,0.2739231128851779,1.4534105667956243,-8.007148496817901,0.9321050881066907,9,1
90,46,-0.0711222200643838,2.081905894598912,-8.010048915369843,0.931425984615113,9,1
91,47,-0.511847508343653,2.77588182107305,-9.01119777703849,0.9433141552915275,9,1
92,46,-0.19448037920962544,2.240485405925742,-8.008851741091476,0.9433141552915275,9,1
93,48,0.14144177534308178,1.6694159324239846,-7.018000000550994,0.9433141552915275,9,1
94,44,0.3161655977197873,1.6225512858122242,-8.003230046637809,0.9433141552915275,9,1
95,47,0.0194830548768992,2.104232240052906,-8.003894606661868,0.9804301750038834,9,1
96,45,0.1561807349840879,1.7019994631315445,-8.018181818000526,0.9806631362504878,9,1
97,48,0.4361255093655537,1.2483408263221865,-8.018181818336803,1.0311175332257898,9,1
98,46,-0.03366795750651997,2.125609248414774,-9.002283863099638,0.9832731960926115,9,1
99,45,0.022396525659928182,2.3064270235426374,-9.018333333487362,0.9832731960926115,9,1
100,43,0.2376029571654976,1.622208761259646,-8.018178834198087,1.0280602569265191,9,1
