gen,nevals,avg,stddev,min,max,run,representation
0,50,-1.0099999999999998,0.0,-1.0099999999999998,-1.0099999999999998,8,1
1,47,-0.8106666666663471,0.39866666666730494,-1.0099999999999998,-0.013333333331737479,8,1
2,43,-0.4322333330912347,0.4922671600611327,-1.0150000000428947,-0.013333318611476526,8,1
3,46,-0.3731333271229759,0.4797356520975233,-1.0150000000428947,-0.013333318611476526,8,1
4,46,-0.25303332527118605,0.42655098802461966,-1.0149999997469918,-0.013333307716814072,8,1
5,50,-0.2729666593719118,0.4380174161903012,-1.0150000001122885,-0.013333307716814072,8,1
6,47,-0.2730666571513139,0.43818620853250806,-1.0149999971576031,-0.013333307716814072,8,1
7,45,-0.33305332349886707,0.5072751211586816,-2.0160000001846905,-0.013333307716814072,8,1
8,45,-0.272330714066366,0.4388692446619434,-1.0150000249672164,0.007565320674363089,8,1
9,47,-0.23018609903417542,0.41553857265377153,-1.0150000001122885,0.012582845608885923,8,1
10,44,-0.28217055488737003,0.6077484169447316,-3.0166666751013396,0.0951029994121811,8,1
11,48,-0.2585249244983606,0.5508090840989482,-2.0158771496299486,0.18044348348222236,8,1
12,47,-0.13350826295205617,0.5257638233648554,-2.0159999980636347,0.2087728506936688,8,1
13,47,-0.25671739304337765,1.000292395143442,-4.017142853615434,0.23397863006111783,8,1
14,44,0.06699714821971163,0.43139900304774426,-2.015999996702947,0.36663755706636564,8,1
15,45,-0.13560323415009135,0.9193367613565402,-3.016666665409603,0.3586534966083144,8,1
16,48,0.10385987488724328,0.3567985013943266,-2.0160000066549206,0.422361717209996,8,1
17,48,-0.24108606084971013,1.3459361224466637,-6.017777778845193,0.4682782782156127,8,1
18,45,0.10253032212857675,0.8813698375961625,-6.017777778486151,0.4682782782156127,8,1
19,50,0.23884507408801395,0.10664041604290958,0.011257936733942275,0.422361717209996,8,1
20,45,-0.16960258973672246,1.677089178424459,-8.018181817752625,0.4488347094875777,8,1
21,48,0.1600802303549613,0.7461603847962639,-5.000048761262423,0.5164906963352385,8,1
22,47,-0.11548906063008976,1.5154112021644728,-7.009283686680252,0.5239293634203586,8,1
23,41,0.06670515904415476,1.248577394068481,-6.017777777177794,0.5239293634203586,8,1
24,47,0.021663965233415638,1.2018404015135888,-5.017500000793687,0.5264310195779929,8,1
25,46,0.22673770229637133,0.7609181081977376,-5.017500000793687,0.5164906963352385,8,1
26,47,-0.08470983516950945,1.4029295284761536,-5.017500000395882,0.5164906963352385,8,1
27,43,0.38472886696848607,0.12095713574623107,0.06377495509666785,0.5239293634203583,8,1
28,44,0.25140888100690306,1.0453749695148091,-7.004044646665446,0.5755721972416836,8,1
29,48,0.3511444166325611,0.16111388340949553,0.005067421597827643,0.5755721972416836,8,1
30,47,0.2683868931450484,0.7668193153281205,-5.002543064900175,0.5755721972416836,8,1
31,45,0.39344425582628473,0.1585197627580597,0.04155049362774431,0.5755721972416836,8,1
32,45,0.23340225909922147,0.9025167324695689,-5.017499999748446,0.5756074895119606,8,1
33,46,0.4318279468447599,0.16510379015870724,0.06276141496510632,0.6021190541628373,8,1
34,47,0.4654099299693821,0.12567164382839047,0.0006927253988555415,0.5876719700948178,8,1
35,46,0.4185868188437885,0.16569396862151178,0.002699127026266373,0.5876719700948178,8,1
36,44,0.32531729999817005,0.7776901665815928,-5.017500000187114,0.61585931752214,8,1
37,42,0.24547941403185716,0.9912714735670718,-5.017499999635933,0.7007495959090325,8,1
38,42,0.2131561085946725,0.9879333592368011,-5.017500000256627,0.7007495959090325,8,1
39,45,0.2556910304126261,1.0853901395542396,-5.017499999807353,0.7008304546111245,8,1
40,46,0.20454336802045886,1.083765322204073,-4.017142857052056,0.7075887079892588,8,1
41,49,0.3569352847739005,0.6535059508730728,-4.017142857608199,0.7086376711871061,8,1
42,46,0.39424781618506977,0.788618385463701,-5.017500000317412,0.7075887079892588,8,1
43,47,0.3178637140419778,1.1004592207965027,-5.01749999991814,0.7079276402798981,8,1
44,45,0.4595360141975587,0.6610149998581931,-4.017142858618128,0.7282938808389064,8,1
45,47,0.4800767278854734,0.6634334289216803,-4.0171428584534885,0.7351322666421451,8,1
46,45,-0.15176838766399675,1.777644948847096,-6.0177777774834675,0.7235318873459772,8,1
47,48,0.43259069013313095,0.7978842823888447,-5.004399965017867,0.7236964034968468,8,1
48,47,0.42640203969808055,0.6723716742385758,-4.0171428584534885,0.7236964034968468,8,1
49,46,0.28422883703221763,1.2012217141513422,-6.006361840857893,0.7547805713553506,8,1
50,46,0.4147616726291358,0.8066910267277388,-5.008589111680228,0.7548204474164397,8,1
51,46,0.2799993004698138,1.1895432024022983,-5.017499999989661,0.755362369599277,8,1
52,48,0.1892993924841658,1.1720697348401015,-5.0175000013539135,0.7559861406743672,8,1
53,45,0.2656733833877544,1.2700754881241403,-5.017500000499476,0.7584198773277309,8,1
54,46,0.5826444470470431,0.21744776769473084,0.002557958040985489,0.8568195472471998,8,1
55,47,0.4134134450670088,1.0335993590041432,-5.0174999998602,0.8568195472471998,8,1
56,48,0.5115900350867182,0.24636300489273524,0.04047476197516932,0.8683486382880826,8,1
57,45,0.016625689391060003,1.8159002312038905,-7.017999999766835,0.8683486382880826,8,1
58,44,0.32093473099430525,1.0241457175272912,-5.000414746955551,0.8683486382880826,8,1
59,48,0.21753390096503455,1.5353479912557686,-7.007843509418173,0.8683486382880826,8,1
60,49,0.4661096269594546,1.0834608700368418,-7.003752719005525,0.8702512807094183,8,1
61,45,0.35278665013017324,1.3186614791516873,-6.003804079602209,0.8724741469378571,8,1
62,45,0.41660327771520556,1.3250752459935897,-6.014538755413986,0.8925404729172722,8,1
63,48,0.6099874451955657,0.20796896452802197,0.005325416326619439,0.8925732439906082,8,1
64,47,0.3145855394794208,1.5110610025135585,-7.005418143644226,0.8926409706269997,8,1
65,45,0.23379144125015966,1.8523778063273348,-8.005772463193892,0.9174986624222691,8,1
66,45,0.5271634217264125,1.100184721558165,-7.0040604633708705,0.9174986624222691,8,1
67,45,0.31470747407734845,1.7016750012737039,-7.017999999102054,0.9180658514260774,8,1
68,46,0.6438523069290253,0.27227902366398604,0.039839556649975995,0.9186022670092859,8,1
69,46,0.5408510080407316,0.9653029987690126,-6.017777777302538,0.9444574751980613,8,1
70,48,0.46178889187735733,1.0995691602603737,-7.017999999542471,0.9775625147685467,8,1
71,49,0.4432562562565986,1.0966574608603699,-7.000353558556407,0.9408156107365523,8,1
72,44,0.04662314098099186,1.9568224003067352,-7.017999999533978,0.9408464809522129,8,1
73,47,0.2584831894482323,1.5022401068336078,-7.01799999994322,0.9408464809522129,8,1
74,48,0.185123010638927,1.6826170619455416,-7.003393669269692,0.9458794110383327,8,1
75,47,0.44607281583753156,1.0970865018992402,-7.018000000035152,0.9458794110383327,8,1
76,46,0.46220967186308615,0.9748771509094802,-6.017777777444972,0.94976009893387,8,1
77,44,0.3295428138799455,1.4215512245240898,-7.000291497084488,0.957055184662445,8,1
78,49,0.27334235452001465,1.4157023510057096,-7.018000000045547,0.9570991040120256,8,1
79,47,0.40838275406604585,0.8155396650344453,-5.0174999999358585,0.9470382692121749,8,1
80,45,0.6863914505178805,0.2774050110707321,0.07697816737309215,0.9839360896204913,8,1
81,43,0.5312658955814047,0.8415289482029134,-5.0174999997947465,0.9839360896204913,8,1
82,48,0.5950890098687668,1.1139481382233267,-7.018000000334164,0.9839360896204913,8,1
83,41,0.5080742624481404,1.1132660576838682,-7.017999999969953,0.9839360896204913,8,1
84,46,0.059187293527147196,1.9630966479578027,-7.018000000037196,0.9839360896204913,8,1
85,46,0.3549234032774683,1.332393922050463,-6.0177777774688765,0.9839360896204913,8,1
86,43,0.5241298765407829,1.1134262025979151,-7.017999999216355,1.0164992936883228,8,1
87,45,0.07528209354494797,2.1125724465069458,-8.01818181975526,0.9840112490331973,8,1
88,45,0.5120694775010448,0.972859665786586,-6.0177777774688765,0.9866487001627616,8,1
89,45,0.25563962610651336,1.7876904457228293,-8.014564771641036,0.9866487001627616,8,1
90,46,0.6399973164312892,0.2898236350945598,0.03128981532281965,0.9907891162991794,8,1
91,48,0.5614226721661069,0.9721911879112164,-6.017777777593417,0.9970634344730199,8,1
92,48,0.6366106785083108,0.22969014851163802,0.0011771957254118443,0.9959221205081059,8,1
93,47,0.4689077568489763,1.2405489445168436,-8.018181818027884,0.9959221205081059,8,1
94,47,0.4822110827453756,1.1068106558190076,-7.017999999130841,0.9989228287089196,8,1
95,46,0.5182220936463622,0.9744123831150574,-6.0177777777778365,0.9989228287089196,8,1
96,47,0.6429545608699175,0.28859637019427287,0.010476348469182405,1.0043904113337796,8,1
97,47,0.6252535260911141,0.30210621751093136,0.01952896957897059,0.9989228287089196,8,1
98,43,0.7069535529880753,0.2746540802219164,0.02038179539884401,0.999033047032337,8,1
99,45,0.6463827295188049,0.2852365413094074,0.06022083941992541,0.999033047032337,8,1
100,44,0.4934024583101185,0.9768500348753958,-6.0177777776316335,0.9990330470323372,8,1
