gen,nevals,avg,stddev,min,max,run,representation
0,50,-1.0099999999999998,0.0,-1.0099999999999998,-1.0099999999999998,2,9
1,46,-0.6511999948927651,0.47840000680964684,-1.0099999999999998,-0.01333322975899473,2,9
2,44,-0.5239720326264024,0.5077110366512408,-1.014999999218015,0.21830864110251655,2,9
3,46,-0.3884017801496604,0.5126345683237887,-1.0150001766614076,0.23178209141816852,2,9
4,50,-0.42428042620284456,0.7079430447088503,-2.0160000235897075,0.21833106456863624,2,9
5,49,-0.13869588454863332,0.5776321238640804,-2.01600003141198,0.40178747652623054,2,9
6,45,-0.1138639408542393,0.7212724619186648,-3.016666648135734,0.40178747652623054,2,9
7,43,0.08488108513559185,0.6247351918330797,-3.0166666892155196,0.44467614024532104,2,9
8,48,0.053321283388755344,0.6999328206556986,-3.016666639627621,0.44467614024532104,2,9
9,48,0.11059642845019636,0.5410080221772566,-2.01600003141198,0.600493481382115,2,9
10,46,0.13764249342894558,0.7272878042757532,-3.016666726541127,0.5226705464664858,2,9
11,49,0.09436020611119109,1.0875751745723146,-6.017777719829103,0.7302798541389173,2,9
12,49,-0.038385426928637584,1.0594728471676826,-5.017499930990233,0.704722966155867,2,9
13,48,0.08455428571106552,0.973709147320925,-4.01714288375399,0.7058574836124418,2,9
14,47,0.32139703184423335,0.2711804537309325,-1.0149998891028684,0.8044347149480443,2,9
15,45,0.20395035969197167,0.9084056240074795,-5.0175000181530764,0.805742315403311,2,9
16,46,0.20210969006269816,0.6256319224716945,-3.019999833263286,0.8101915067929074,2,9
17,44,0.21873741559704438,0.929833414347044,-4.017142877956423,0.7863173627780642,2,9
18,44,0.3722592328912976,0.40181943411029114,-2.016000067769548,0.8044347149480443,2,9
19,45,0.18643154416573002,1.0070604161612857,-4.017142887489227,0.805742315403311,2,9
20,47,0.27918221582207764,0.7873978379944274,-5.017499977070162,0.805742315403311,2,9
21,47,0.3820114674391261,0.27149140220437873,-1.014999999554456,0.6947512700720965,2,9
22,46,0.19156413398020183,0.9995338102991583,-4.017142892006522,0.7058277287950792,2,9
23,47,0.29789993532732023,0.5459555452939995,-3.0166666194397647,0.8194578649981564,2,9
24,48,0.24014580717886486,0.9113811849999993,-5.017500010711683,0.8120828928703502,2,9
25,45,0.3928236046157594,0.2012014894035579,0.07481839162552543,0.8137079032944232,2,9
26,46,0.03560676410589801,1.164666942247046,-4.017142927411117,0.8194578649981564,2,9
27,46,0.024173827123617295,1.1466716883941575,-4.017142881427272,0.8194578649981564,2,9
28,45,-0.08316655669490074,1.3111326372274892,-5.017499977070162,0.8194578649981564,2,9
29,47,0.026396759288156116,0.977756624133744,-4.017142873023196,0.8123082668511129,2,9
30,43,0.17573452670748807,0.8382335903368039,-3.0166666540853937,0.8129768196504336,2,9
31,48,-0.08310400998050309,1.1158584100753002,-4.017142865492273,0.7059840837857206,2,9
32,43,0.02611610246849879,0.9311466212592057,-3.016666667738795,0.8129768196504336,2,9
33,46,-0.11222982666352214,1.470744299936992,-6.017777756208783,0.8194578649981564,2,9
34,44,0.3251720163421663,0.5200376198058996,-3.0166666800114004,0.8194578649981564,2,9
35,43,0.10241874141376157,1.042726962330102,-4.017142868384188,0.8120828928703502,2,9
36,47,0.19403660325663527,0.8221693338422823,-4.0171428452903335,0.8137079032944232,2,9
37,48,-0.2619880544414111,1.33961604186194,-5.017499938174655,0.8137562771947615,2,9
38,45,-0.03836400346699491,1.236858402333062,-4.017142958209297,0.8137562771947615,2,9
39,46,0.15394595871223837,0.7173605040008612,-3.0166666848839077,0.7058277287950792,2,9
40,50,-0.08979448707033652,1.1829233875192904,-5.017500067279259,0.8137562771947615,2,9
41,47,-0.019347651689579998,1.1759783934788601,-5.01750000530026,0.7060120813355271,2,9
42,47,0.1455105635668015,0.7957176413432022,-4.017142868192807,0.7059840837857206,2,9
43,47,0.16722770005727786,0.8723295666499654,-4.017142865224392,0.8137562771947615,2,9
44,46,0.04484904859545767,1.0015926787237133,-4.017142868384188,0.8199690926605717,2,9
45,44,-0.01104570841062523,1.291726647425668,-5.017499938174655,0.8199690926605717,2,9
46,48,0.05534843171710193,1.154227848636625,-5.017499958410074,0.7276207654688039,2,9
47,48,0.2713579463838891,0.5485890057411202,-3.0166666218409754,0.7276207654688039,2,9
48,49,0.21748013548631984,0.628656715097536,-2.0199999989949933,0.8120828928703502,2,9
49,47,0.29593112952696093,0.33354014443170793,-1.0150000057058493,0.8123082668511129,2,9
50,47,0.14884803047476913,0.8469020152553292,-3.016666661861122,0.8128254675368665,2,9
51,48,0.15245867658056983,0.9570089877652495,-4.017142893664234,0.8129768196504336,2,9
52,47,0.1539717653411263,0.963039416845222,-5.017500069840227,0.8129768196504336,2,9
53,45,0.11066097063916581,1.0582239804848443,-5.017500005862802,0.8129768196504336,2,9
54,45,0.0020276036089746418,1.0965585839150818,-4.017142972773596,0.8129768196504336,2,9
55,46,0.04988424630877995,1.097864259584343,-5.017499961615581,0.8129768196504336,2,9
56,47,0.3052151375043304,0.6196763106222831,-3.016666661861122,0.8129768196504336,2,9
57,48,-0.08106927271685369,1.4701900042809248,-7.018000055315032,0.8129768196504336,2,9
58,45,0.266724602139063,0.7854406911699198,-5.017499965357872,0.8113964124686199,2,9
59,45,0.15655377685070923,0.8698938123551223,-5.0174999683495205,0.7239177821046128,2,9
60,45,0.2547789060373211,0.6903255363350617,-4.017142837485472,0.7275354758606384,2,9
61,50,0.14328824634941356,0.7672066110594741,-4.017142867652291,0.7492844375035042,2,9
62,49,0.09990250996009843,0.9584720707157764,-4.017142902772012,0.7567040213394888,2,9
63,42,0.33140876979859357,0.7857675357117551,-5.017500062091821,0.7567040213394888,2,9
64,46,0.26309095171278085,0.7298758636259007,-4.017142895027896,0.7778008090693771,2,9
65,43,0.41263035343933724,0.2033794701550835,-0.01333333054952009,0.7778008090693771,2,9
66,45,0.4428620000793402,0.19328516557626702,0.07492948798903899,0.7778008090693771,2,9
67,46,0.3232571608246053,0.6791652368444809,-4.0171428633295365,0.7519762442313033,2,9
68,47,0.4018526461572258,0.20417810122411031,0.07492948798903899,0.7546466497142839,2,9
69,44,0.3343306822332798,0.5288316752400986,-3.016666594860427,0.7546673388248395,2,9
70,49,0.1590720402935454,0.9981309132134002,-4.017142883684159,0.8348183702508599,2,9
71,44,0.3160458875448168,0.6145414299027806,-3.016666671257912,0.727687515156702,2,9
72,46,0.41496687593327614,0.1915660184886503,0.05996854832368877,0.8188057481911859,2,9
73,43,0.3446097138551061,0.5189107669059508,-3.0166665788697844,0.7321375970454387,2,9
74,45,0.20938833605726084,0.9104845741114372,-5.017500069840227,0.749655497447842,2,9
75,49,0.1350172159020142,1.1378549865782106,-6.0177777646070645,0.8138112757767567,2,9
76,44,0.30443542371866733,0.6443749952142233,-4.017142867561821,0.7052248020387867,2,9
77,49,0.24736006925980944,0.5999813882258254,-2.0160000686648365,0.751590142094853,2,9
78,46,0.3705540312924169,0.27937869389149217,-1.0149999986670388,0.7638665535736437,2,9
79,47,0.2775085803287568,0.435019977342299,-2.0160000011018084,0.7655469828471326,2,9
80,46,0.36591663108839567,0.41110017964886586,-2.0160001270477377,0.8629941549053787,2,9
81,45,0.3553219776642051,0.5301899469441153,-3.0166666848839077,0.8641670261254145,2,9
82,46,0.41926488677268803,0.23470825178012522,0.09092564174327752,0.932984139994237,2,9
83,48,0.29995402044210295,0.930764246137647,-6.022222197798271,0.7929140248682511,2,9
84,45,0.35760652014732147,0.5267918523783873,-3.0166666276981378,0.8316095535287328,2,9
85,45,0.4413496001467748,0.2937542331116397,-1.0099999999999998,0.8576493998889871,2,9
86,44,0.491609861433257,0.22877900969873385,0.06780983142980666,0.832670639462156,2,9
87,48,0.4346562334664531,0.1996208121470886,0.14044979054161086,0.832670639462156,2,9
88,45,0.4352906956426186,0.23448549587893971,-0.01333333283630947,0.832670639462156,2,9
89,43,0.49267061914377774,0.21954036324931678,0.08572538586907108,0.832670639462156,2,9
90,46,0.3943804458652627,0.4022131411534297,-2.0160001274609334,0.832670639462156,2,9
91,43,0.40039545936474596,0.5299032758641924,-3.0166666302538325,0.8856973020907708,2,9
92,46,0.39975408924701233,0.3032515864827622,-1.0099999999999998,0.8856973020907708,2,9
93,48,0.2617582867991101,0.925255706299083,-5.02000005429619,0.9106284225998288,2,9
94,42,0.3714550194164684,0.6818794107607363,-4.017142858439986,0.9106284225998288,2,9
95,47,0.2933417213873909,0.8970194307301013,-5.017500043415072,0.9718115434470892,2,9
96,46,0.4590431825409332,0.2429610303918408,0.059472289713592315,0.9718115434470892,2,9
97,47,0.47794878148385983,0.23751961266505092,0.10589757907996543,0.8240704534303328,2,9
98,49,0.4047441353089233,0.2078745901952619,0.08613713818142624,0.8839575058728572,2,9
99,48,0.4605462004476788,0.22359241527947127,0.11026441550770276,0.8894829247454438,2,9
100,42,0.46563522809753083,0.23253857021210067,0.16594675720155244,0.8903394759875047,2,9
