gen,nevals,avg,stddev,min,max,run,representation
0,50,-1.0099999999999998,0.0,-1.0099999999999998,-1.0099999999999998,5,1
1,45,-0.7907333333329821,0.4128654825330067,-1.0099999999999998,-0.013333333331737479,5,1
2,46,-0.4323333319556919,0.4923850131364053,-1.0150000000428947,-0.013333318611476526,5,1
3,47,-0.3532999974726336,0.4736643792287618,-1.0150000000428947,-0.013333318611476526,5,1
4,46,-0.37293332656832134,0.4794689867060624,-1.0150000000089396,-0.013333307716814072,5,1
5,44,-0.23319999382094062,0.41399689816048363,-1.0150001109165687,-0.013333307716814072,5,1
6,46,-0.27306665983132145,0.43818620898981253,-1.0150000001122885,-0.013333307716814072,5,1
7,47,-0.2928999948293056,0.44830580185140056,-1.0150000001122885,-0.013333307716814072,5,1
8,40,-0.17329999210296088,0.36653096136322183,-1.0150000170277844,-0.013333307716811004,5,1
9,48,-0.35307332232373057,0.551608930451321,-2.016000009999924,-0.013333307716811004,5,1
10,45,-0.4731866543417744,0.5369832940156313,-2.0159999996403783,-0.013333307716811004,5,1
11,47,-0.2729666559027713,0.43801741605349814,-1.0149999887474395,-0.013333307716811004,5,1
12,47,-0.39316665335879625,0.48517594863379504,-1.0150000312054435,-0.013333307716811004,5,1
13,47,-0.3518122965503953,0.474171161628481,-1.015000007486235,0.04605113596399614,5,1
14,42,-0.25031044035160865,0.47341278865298475,-2.01599999792116,0.07519934477053557,5,1
15,44,-0.27870222260448885,0.6073748361346537,-2.0160000117368693,0.0751993447705356,5,1
16,46,-0.39001897105584127,0.615278474451388,-3.002152359123915,0.10805409242340792,5,1
17,43,-0.29506114957504753,0.6344302592537915,-2.016000004475248,0.10805409242340788,5,1
18,49,-0.21251823887635599,0.5887835870152593,-2.016000004475248,0.13173614486418941,5,1
19,45,0.02317220400942057,0.21521514532599562,-1.0150000330664612,0.18823895904649907,5,1
20,45,-0.044337222327938346,0.4134949420990226,-2.0050435699588474,0.2511067486290971,5,1
21,43,0.07840520758508586,0.23078624000050846,-1.0150000330664612,0.2511067486290971,5,1
22,47,0.02822997891076591,0.5199420029490602,-2.0160000768835644,0.26676617546398945,5,1
23,47,0.17222968515140252,0.0816344194489129,-0.01333332480856885,0.348877272669394,5,1
24,46,0.03183795879056086,0.6984226370206518,-3.0166667073241014,0.348877272669394,5,1
25,48,-0.08396970975225536,0.9506932602689118,-4.0171428570174,0.3720902283259188,5,1
26,46,0.084635410544558,0.5757225617484377,-3.0166666825127213,0.348877272669394,5,1
27,43,0.04327867967537355,0.7982736562571697,-3.0166667082997654,0.38176427942827074,5,1
28,45,0.10776716831164744,1.0249439027801932,-7.018000000489131,0.4248706092323524,5,1
29,46,0.2839705035390525,0.11548790044565395,0.06832376314501658,0.4248706092323525,5,1
30,46,0.2677781702141944,0.20900067523103144,-1.0150000013159808,0.47100290922075994,5,1
31,48,0.2256909236763729,0.2873176717074258,-1.0150000013159808,0.4710029092207605,5,1
32,44,0.33072254957789904,0.11466538201623155,0.012731979308219924,0.4901227377188503,5,1
33,45,0.34316323527520076,0.11494405376320786,0.07801529816694674,0.5063079363629666,5,1
34,49,0.26229412146460157,0.7644230792960491,-5.017499967111078,0.6390933494540995,5,1
35,46,0.38511396954998356,0.13838619547692424,0.029599607854090205,0.5766474818980847,5,1
36,46,0.2907115618771762,1.0500156582351312,-7.018000037901644,0.6930775714267087,5,1
37,47,0.29075126609152163,0.9143010667396255,-6.017777774469306,0.6930775714267087,5,1
38,45,0.2757552185831753,1.053201167094456,-7.010417009081943,0.6930775714267087,5,1
39,47,0.45649431243570754,0.15659891338018186,0.03968664302369242,0.6930775714267087,5,1
40,48,0.4326373285156946,0.18925118410586528,0.021023652089149993,0.727015753744816,5,1
41,49,0.1851983967065565,1.2817569756172011,-6.017777777513531,0.7511101262050903,5,1
42,43,0.43987083213921474,0.9298628168205616,-6.00015907905513,0.7511101262050903,5,1
43,45,0.5377410700991835,0.1862303675692596,0.14159207558690726,0.7683068419023141,5,1
44,46,0.24799600463627083,1.2965414519160738,-6.00015907905513,0.7765898937306009,5,1
45,46,0.5770446212002219,0.17179356213988198,0.18645473795190864,0.8086986388032499,5,1
46,46,0.5499509922528248,0.210117838847674,0.05395322463471905,0.8086986388032499,5,1
47,46,0.561293422971026,0.21063272509671704,0.037304275085269026,0.8236594500821646,5,1
48,46,0.553693645071802,0.23644494709696207,0.0046436796705071155,0.8493841867885301,5,1
49,46,0.5463972432707599,0.23604489239817183,0.10410246557622566,0.9046487081575422,5,1
50,45,0.5539411359931946,0.2752086233087915,0.043147537505158644,0.9173434263352581,5,1
51,48,0.6571941640452675,0.22618978309795365,0.19253760961717067,1.0453623321335965,5,1
52,46,0.7302829436135148,0.24448968948342864,0.057803986006032336,1.0453623321335985,5,1
53,44,0.7353603225456,0.2858088782129632,0.16156727834001733,1.0735182495715025,5,1
54,47,0.7592816128687713,0.2592078487218541,0.21613819021106914,1.1331990641207335,5,1
55,45,0.7473792458742899,0.2745528642904704,0.1136501332102067,1.1331990641207335,5,1
56,46,0.722928355591634,0.33516838532126747,0.042769586474588575,1.173967278669423,5,1
57,46,0.7744232352844246,0.32446715098707324,0.12796568460004984,1.1452465409738846,5,1
58,46,0.7633131308467989,0.3583773551405877,0.08248846706304323,1.1452465409738846,5,1
59,46,0.7894927052356696,0.3443983362292345,0.12395488578283366,1.1452465409738846,5,1
60,46,0.7974014113974703,0.3581902744148234,0.18335041795424425,1.146417603124391,5,1
61,48,0.8006793021635077,0.3740481340474612,0.17842368937377845,1.1539262557880492,5,1
62,43,0.8139354421607449,0.35033411437025486,0.17842368937377845,1.1539262557880492,5,1
63,46,0.9135559849959596,0.32242202035533324,0.1828334484667552,1.2753439101015789,5,1
64,45,0.8336819540442733,0.36398216286108176,0.0826476014362947,1.2753439101015789,5,1
65,47,0.6771492239862356,0.3839647816505226,0.20055412397313596,1.2753439101015789,5,1
66,45,0.744993427804048,0.38521601439206166,0.1866417584585599,1.2764596690951404,5,1
67,47,0.8132126028162641,0.42699809497732744,0.12597413653351716,1.3173204456887457,5,1
68,45,0.7660713487775438,0.45770388176247506,0.16107994050511998,1.3173204456887457,5,1
69,44,0.7427534714058921,0.4545822062625808,0.18471505153786263,1.3173204456887457,5,1
70,48,0.7099222213046232,0.4721624923555072,0.07311939398047017,1.3173204456887457,5,1
71,48,0.6786878940058859,0.46140195985753635,0.14769077754004703,1.3173204456887457,5,1
72,46,0.7463845630908762,0.4688606745913569,0.1592721138249917,1.3116451646155922,5,1
73,49,0.8526543454385908,0.44740674901074523,0.13875054614494153,1.3116451646155909,5,1
74,46,0.689272768492197,0.45702767263088856,0.13707639663260235,1.3116451646155922,5,1
75,40,0.9048806610365677,0.45579721734621964,0.14126636479445293,1.3649409598383901,5,1
76,46,0.8742813757620147,0.47650446543206043,0.12913113204444873,1.3649409598383904,5,1
77,45,0.7929464597374712,0.47548699630584784,0.187591674582154,1.4768401849014798,5,1
78,47,0.8464452635960242,0.4589792560855518,0.23945844521552523,1.4768401849014798,5,1
79,44,0.87544392424122,0.45512876846331596,0.2488542590708521,1.4768401849014798,5,1
80,43,0.876088911214378,0.47792060594755215,0.264271942158271,1.4714935671437452,5,1
81,49,0.9035732381600775,0.44901277547957325,0.23459000540134597,1.4646748386322803,5,1
82,46,0.9174006840728961,0.471246101291355,0.196670886150151,1.4646748386322803,5,1
83,47,0.9094266071896798,0.47736980467513646,0.23201210808568234,1.4951864758067304,5,1
84,47,0.842737813693156,0.4593720264618053,0.2471187565625069,1.4951864758067304,5,1
85,49,0.7165586672930931,0.46560865326837253,0.21731764911746113,1.4876252129376584,5,1
86,48,0.9742830578398233,0.47866878917245453,0.1343636003258825,1.489071035167051,5,1
87,46,0.8248043814943137,0.5097394350370907,0.15846101839069343,1.489071035167051,5,1
88,48,0.7414231572979446,0.5235174363063255,0.2003745629853068,1.4986637810419248,5,1
89,43,0.8359578419074783,0.5039569047521141,0.23453461199559875,1.4973517643471086,5,1
90,48,0.8064846739939658,0.4664695558345405,0.23205052330119053,1.4919385788998627,5,1
91,47,0.9194746921234834,0.47234729259832003,0.2505196099327741,1.4919363306573008,5,1
92,46,1.018041429080001,0.469546389144627,0.22929219929912123,1.4890712250012363,5,1
93,48,0.8400064441871895,0.5075592957374446,0.2167509547947697,1.5150828166431094,5,1
94,45,0.9862597887165511,0.5312963355439184,0.15973911872083243,1.6110197705014204,5,1
95,43,0.9657009085656344,0.5467833461505689,0.27513929280579325,1.6171782473735314,5,1
96,47,0.8569694420555517,0.551748152803726,0.21617321252947308,1.6268473055077468,5,1
97,44,0.9928305836163734,0.5455256561687424,0.2280342413080772,1.6369992400767137,5,1
98,46,1.2262010683208582,0.47761343634851366,0.3193383006063478,1.6268473055077468,5,1
99,46,1.1083084306704931,0.5423736940484033,0.29518449056694324,1.659738226640155,5,1
100,48,1.0869025886255967,0.5172427361260883,0.28950087114703105,1.6457329017612234,5,1
