gen,nevals,avg,stddev,min,max,run,representation
0,50,-1.0099999999999998,0.0,-1.0099999999999998,-1.0099999999999998,5,0
1,47,-0.930533255150265,0.4823072707511004,-2.01,-0.013329110969865283,5,0
2,49,-0.5682772342261825,0.5373070049930128,-2.01,0.1521209479303608,5,0
3,48,-0.14155536123753035,0.3524440213729618,-1.0150000692379033,0.155373603933099,5,0
4,50,-0.16337915760208876,0.4058991484445124,-1.0150000332128444,0.155373603933099,5,0
5,46,-0.026051616067857407,0.5044610423348056,-3.004553260775182,0.16627120167247936,5,0
6,44,0.08731911012351286,0.2298229433870684,-1.015000153942398,0.19032131160121063,5,0
7,43,0.10830727928420758,0.17062544868269994,-1.014996837142613,0.19032131160121063,5,0
8,45,0.14876759933904057,0.047538612305179605,-0.013333388307238996,0.23397650290238847,5,0
9,44,0.1384392837353544,0.1765082975611518,-1.0149976102125735,0.30212615172488516,5,0
10,47,0.12032833878659814,0.35569770846012155,-2.0132340144846586,0.30599454619810085,5,0
11,48,0.1957752797888755,0.19078510614206173,-1.0047611406646668,0.4137364281370591,5,0
12,48,0.25637539415544514,0.10800520521338929,-0.013333299745181814,0.4137364281370591,5,0
13,41,0.3169302563075791,0.09476037851208197,-0.013333362297714148,0.41455429020339635,5,0
14,47,0.36984466591736476,0.07500853320158138,0.13199436564948835,0.42276349539945013,5,0
15,49,0.3434223899484128,0.1370826724443522,-0.013333348294761183,0.4230310849264178,5,0
16,43,0.3601588172786728,0.12165098864636302,-0.013333286217439733,0.42303314234384715,5,0
17,42,0.379774202171378,0.09031244281437872,-0.013333415388522408,0.42453239404411836,5,0
18,45,0.3163006521900898,0.17342499860931876,-0.013333403849946732,0.447430994507121,5,0
19,46,0.3470098283705111,0.13844414638563138,-0.013333233174836255,0.447430994507121,5,0
20,47,0.34577712527593946,0.12794777551829523,-0.013333416776714822,0.447430994507121,5,0
21,45,0.3199997739933481,0.16410700698599165,-0.013333416776714822,0.44743152777157813,5,0
22,46,0.3734544291984261,0.12631516109374852,-0.01333333216844766,0.4474626172086535,5,0
23,44,0.33952396213822356,0.18135370541285123,-0.013333416776714822,0.45209951569111545,5,0
24,48,0.35418784219108923,0.1623418008609654,-0.013333416759590199,0.4631185942735081,5,0
25,43,0.38718675380883755,0.14843602830060107,-0.013333418256694683,0.4631185942735081,5,0
26,46,0.39196683657649667,0.14534030296191996,-0.013333417399641695,0.4660756328095652,5,0
27,46,0.3987808843916898,0.12151016459776046,-0.013333440925145164,0.4660756328095652,5,0
28,45,0.3267214102981458,0.17108469782136704,-0.013333458699354518,0.4660756328095652,5,0
29,40,0.35018049463193907,0.17602341037869912,-0.013333458699354518,0.4680713079744021,5,0
30,46,0.4136457300025151,0.11059626054492724,-0.013333417043113513,0.4680713079744021,5,0
31,42,0.42115112766314944,0.12064072080624261,-0.013333409107811948,0.4680713079744021,5,0
32,45,0.42931270817630646,0.10232852361412831,-0.013333323040315856,0.4690385537827793,5,0
33,45,0.4286084754054949,0.08430425444071254,-0.013333316946415397,0.475897088502359,5,0
34,44,0.39366326066449453,0.13608498537031608,-0.01333333546909459,0.47598766082153027,5,0
35,45,0.39979508980216666,0.13233016734388017,-0.01333339690535683,0.4759980946278986,5,0
36,46,0.39530981752019556,0.1401097475936627,-0.01333331950751135,0.5551149894631453,5,0
37,45,0.43066901932139096,0.1215599813245239,0.10408091210661857,0.5551150149306198,5,0
38,47,0.45859232130804517,0.09622457076759999,0.10599073988900425,0.5551150159463787,5,0
39,46,0.43537380796083575,0.1351628081222191,0.1060033394022237,0.5822552941409896,5,0
40,45,0.4943810939615752,0.10756669302827734,0.24335976030379006,0.6864371417900906,5,0
41,43,0.5282131053953646,0.11104537774055173,0.19075575413540335,0.6901422116171195,5,0
42,47,0.5427998294786291,0.1504885835083794,0.11005607080135783,0.6901422116171195,5,0
43,48,0.5586647883859486,0.17434927393170221,0.17875540736464413,0.778840676601967,5,0
44,45,0.5223249055258363,0.1940087086982088,0.1652430094873588,0.778840676601967,5,0
45,44,0.540949328537232,0.19715286195916057,0.11005607080135783,0.7787846123109645,5,0
46,46,0.5618285461424939,0.19314610167783564,0.165456583926298,0.7787846123109645,5,0
47,48,0.589493043869111,0.2203101100287708,0.11005607080135783,0.7787846123109645,5,0
48,46,0.5816560005432648,0.22775963232443558,0.13931301626784912,0.7791227571030364,5,0
49,47,0.5590604994058769,0.24622921879424065,0.15198350487239048,0.7791227571030364,5,0
50,42,0.6411211963007457,0.21125270088499992,0.15288241315776108,0.7791227571030364,5,0
51,46,0.6195071010823352,0.2168756528158622,0.15285086650540305,0.8561428545463076,5,0
52,44,0.6660832995654438,0.23015366441366905,0.15288241315776108,0.8742450033729643,5,0
53,49,0.6439288440639537,0.24583661933052228,0.15698698024869454,0.8742450033729643,5,0
54,47,0.642974177220043,0.2658953805621052,0.15233107151158523,0.8742450033729643,5,0
55,47,0.7162889578138864,0.24538314587022095,0.19539892941650072,0.8744265906131643,5,0
56,48,0.7585742800131529,0.2218607493991191,0.14183463704804777,0.876457714978584,5,0
57,48,0.7557910478417404,0.2205040702257963,0.27621371588912214,0.876457714978584,5,0
58,46,0.7343297342469489,0.24340522398819245,0.14895605715887977,0.879355761980068,5,0
59,44,0.7340987291570694,0.23228585092352344,0.14757641736766364,0.879355761980068,5,0
60,47,0.6997825228218324,0.2615016982619546,0.14848370918252066,0.879355761980068,5,0
61,48,0.6230323861775859,0.28358131747895327,0.14848370918252066,0.879355761980068,5,0
62,49,0.6665987146871801,0.2801207210366489,0.15308566554059974,0.879355761980068,5,0
63,46,0.6727328591449251,0.2589295138816485,0.194619581434297,0.879355761980068,5,0
64,47,0.6586568129213252,0.26941544948403795,0.194619581434297,0.8793629213439481,5,0
65,48,0.6548508146530061,0.2705927428579087,0.15819752051444577,0.8793960023960496,5,0
66,46,0.719579836593471,0.254263924588151,0.15817098983044958,0.8793960023960496,5,0
67,44,0.696862053385241,0.26226132209609887,0.19463557183291763,0.8794119506472767,5,0
68,46,0.654528488879725,0.2682180386309677,0.22232848027398863,0.8794119506472767,5,0
69,44,0.6919854103760614,0.27927079771387897,0.15905103897387549,0.8793993513601588,5,0
70,48,0.6939005671899661,0.27300186594658166,0.1589255368838819,0.8794081369154594,5,0
71,47,0.6969367751759404,0.26820200109278314,0.15924482996742265,0.8794081369154594,5,0
72,45,0.7106714428029073,0.2711069666087692,0.19576668242239167,0.8825320758455869,5,0
73,49,0.7183056819438036,0.2678517057572301,0.1593750150082601,0.8825320758455869,5,0
74,47,0.6363698724149416,0.2866635385230596,0.15937869876950786,0.8825320758455869,5,0
75,48,0.6893909095948777,0.2766490635610573,0.15905453724144283,0.8825320758455869,5,0
76,44,0.7146824711424106,0.2625115439988417,0.15771532812530542,0.8825320758455869,5,0
77,49,0.7042657889581805,0.2722485296124107,0.19646015754543428,0.8856202663206979,5,0
78,46,0.6952651636226631,0.26971747880334346,0.21897966008569342,0.8880987528050232,5,0
79,46,0.762026593410698,0.22441095127403327,0.15906653820692826,0.8825546726452096,5,0
80,43,0.6878686836112471,0.2788180825164521,0.15906653820692826,0.8825546726452096,5,0
81,48,0.6403085472674195,0.29795072384579185,0.15905715858391511,0.8825603541775683,5,0
82,47,0.7101921989239791,0.2747748503238186,0.15962967494891686,0.8825604745630747,5,0
83,46,0.6941774631113379,0.2737917981822073,0.15905715858391511,0.8825656656310239,5,0
84,46,0.6894720239222214,0.2674487675033083,0.19652728348734985,0.8825885639051044,5,0
85,48,0.686417597462248,0.28080037850145584,0.15919625313789634,0.8847877675771553,5,0
86,46,0.6446328035620502,0.2904860830528367,0.19601879134926353,0.8847877675771553,5,0
87,47,0.630511473541312,0.29089632742816446,0.15903946940593114,0.8847877675771553,5,0
88,47,0.7245678623778598,0.256003942001998,0.1591914553829148,0.8848849118569629,5,0
89,48,0.6107860567414157,0.3123969515806193,0.15903946940593114,0.8849141725790585,5,0
90,46,0.663829854035514,0.2795859523907285,0.15903946940593114,0.885079868630067,5,0
91,48,0.7146043986175756,0.2840612335122791,0.15919282506733204,0.885079868630067,5,0
92,47,0.6881543610186082,0.26978173064536687,0.15919282506733204,0.889840126479106,5,0
93,47,0.7061692168119688,0.28445962380266837,0.15919282506733204,0.889695243719001,5,0
94,47,0.717810884569165,0.2694899188414328,0.15941957291325,0.8896952437190021,5,0
95,46,0.6843895925337208,0.2823368294080537,0.17788547759082166,0.8896952437190021,5,0
96,47,0.6326098605980343,0.2888031551295095,0.15927191947722266,0.889837028320619,5,0
97,46,0.7433988348473385,0.24329001695250108,0.16660155914632188,0.889837028320619,5,0
98,48,0.6604032682662785,0.2852336184271912,0.16646581577910846,0.889837028320619,5,0
99,47,0.6340107969017333,0.28843878092166236,0.17788380452653932,0.889837028320619,5,0
100,47,0.6159077788604848,0.2986019335858313,0.16660138908821223,0.889837028320619,5,0
