gen,nevals,avg,stddev,min,max,run,representation
0,50,-1.0099999999999998,0.0,-1.0099999999999998,-1.0099999999999998,7,4
1,47,-0.9302666666665388,0.2703888886610269,-1.0099999999999998,-0.013333333331737479,7,4
2,46,-0.6713333329893676,0.47227428518207515,-1.0150000000428947,-0.013333316366767402,7,4
3,47,-0.17310000067790654,0.3660727029194598,-1.0150000178317327,-0.013333316366767402,7,4
4,45,-0.13333333168968425,0.32496256300011667,-1.0150000074390273,-0.013333316366767402,7,4
5,48,-0.13343332581562373,0.3252329808408658,-1.0150000064993092,-0.013333184544105262,7,4
6,47,-0.07333332424534195,0.23748754643520295,-1.0150000074390273,-0.013333184544105262,7,4
7,49,-0.17349999113179476,0.366988536086095,-1.0150000074390273,-0.013333184544105262,7,4
8,47,-0.11070509471501212,0.30206442997697586,-1.0150000138056214,0.12641082640649964,7,4
9,44,-0.16882728416015433,0.3700561605641202,-1.0150000064993092,0.12641082640649964,7,4
10,49,-0.27753284738979567,0.6428307487299936,-3.016666670647595,0.13715635828687464,7,4
11,49,-0.39560352075175836,0.7211262160280558,-2.0160000344982896,0.14914982692218126,7,4
12,46,-0.3280965442709958,0.7992292855664932,-2.0160000044665694,0.41247289562884865,7,4
13,46,-0.19900972436117656,0.952569139388891,-4.017142856932042,0.4127314117284241,7,4
14,47,-0.13173972500101697,0.8058648073565278,-3.016666667936895,0.4128959196433479,7,4
15,46,0.21296341049863002,0.3880765274734663,-2.01600011089947,0.44873581192690154,7,4
16,48,0.25478014798458887,0.2876902483196697,-1.0150000994021897,0.6117402683278766,7,4
17,46,0.15228315138008863,0.6578537570056952,-2.016000223999634,0.7154130689296587,7,4
18,46,0.3004797068329736,0.24745459858055135,-1.0099999999999998,0.6908018340486484,7,4
19,44,0.12483591964162422,0.683884473429133,-2.015999996701458,0.8232620686662298,7,4
20,49,0.19669285784581145,0.6355934145754234,-2.0159999709326204,0.8322692979169517,7,4
21,46,0.30453259374221625,0.604657822905048,-3.016664343047507,1.0007261696309007,7,4
22,48,0.10210491278225158,1.0039226410282438,-3.01666674332537,1.0007261696309007,7,4
23,47,0.10626422920149953,1.0632240783386906,-4.017142890898335,0.9916901726304191,7,4
24,49,0.06533403784872938,1.0835058059461606,-4.017142883152203,0.9916901726304191,7,4
25,47,0.01802339000026623,1.2073737905679447,-5.017500115246438,0.8502798322229088,7,4
26,44,0.1756375150935446,1.0651098206605685,-4.017142883148232,0.8502798322229088,7,4
27,47,0.12042748906011863,1.1760532304346145,-4.017142883152203,0.8502798322229088,7,4
28,48,0.28354072636364763,0.7388930797037332,-3.01666666669219,0.8502798322229088,7,4
29,47,0.3222401528085584,0.925853885606754,-4.017142883148232,0.8502798322229088,7,4
30,47,0.31572914140305275,0.8363488765237077,-4.017142883148232,0.8502798322229089,7,4
31,45,0.38993650274981734,0.9389869950473733,-4.017142883149923,0.8503167064283967,7,4
32,45,0.5458145369893258,0.3014515917147089,-0.013333331692023203,0.8503167064283967,7,4
33,44,0.5237288900113536,0.5825789721840424,-3.016664314913078,1.05565801011741,7,4
34,43,0.51887172260411,0.5839976455742336,-3.016664299945964,1.05565801011741,7,4
35,48,0.3722331209636456,0.6973339973925765,-4.0171428573085155,1.0556715914128245,7,4
36,44,0.553021626824571,0.2947552138935638,0.09011865471242621,1.0556719767363512,7,4
37,46,0.5247684691702248,0.7254373411408757,-4.017142832250737,1.0653352426118856,7,4
38,47,0.5938811906646527,0.35632677965220505,0.08702516188440278,1.0653352895180628,7,4
39,46,0.5402497502469145,0.38304009840628667,-0.013333333321310327,1.2479130875277449,7,4
40,45,0.5815813700188235,0.7276875350306719,-3.016665186440186,1.2479130875277449,7,4
41,46,0.6560418397009501,0.40667586282306883,-0.01333333436879754,1.2479130875277449,7,4
42,46,0.48372023811834275,0.8557111239020935,-4.017142954718781,1.2670471253759723,7,4
43,43,0.5130560599906949,1.02543264486261,-4.017142954718781,1.2701094545120772,7,4
44,47,0.14045574352709253,1.5932365486049795,-4.0171429555136475,1.2670471253759723,7,4
45,46,0.6348083942598413,0.8155873900201328,-4.0171429555136475,1.2670471253759723,7,4
46,48,0.4997299212019052,1.039159344978079,-4.017142954713963,1.3149285364143,7,4
47,45,0.6740854301336983,0.5357890523937635,-1.0099999999999998,1.2884386484818549,7,4
48,45,0.4463519030856222,1.2175283348214487,-4.0171429555136475,1.2884386484818549,7,4
49,49,0.33515570244482285,1.167432171044054,-4.017142857103645,1.2884386484818569,7,4
50,45,0.32265682757366193,1.2113811320786556,-4.017142864107052,1.2884386484818557,7,4
51,47,0.5607962428762644,0.9701391721548052,-4.0171428645684255,1.3308726276497154,7,4
52,48,0.4819459509843075,0.7695809544982909,-4.017142874604725,1.2909859470750986,7,4
53,46,0.533094529371381,0.9342366533111056,-4.017142849691352,1.4491596055858944,7,4
54,46,0.7783659136065592,0.7989461271539351,-3.0166667117800188,1.4491596055858944,7,4
55,44,0.45631734418395564,1.2727135587103124,-4.017142848684496,1.4491596055858944,7,4
56,45,0.4193945846799902,1.255391413046738,-4.0171428594983425,1.5284626132913535,7,4
57,48,0.4839481753136154,1.2310854904721258,-4.017142848137406,1.5284626132913506,7,4
58,44,0.5301182564040666,1.0660652312123637,-4.017142856707251,1.528462613291352,7,4
59,47,0.7661949219442177,1.1159678128996198,-4.017142872256896,1.5294200623705285,7,4
60,44,0.6762450030380723,1.50535719872384,-4.017142849222449,1.5301321724024999,7,4
61,48,0.5239718328429455,1.4850703069259086,-4.0171428778837335,1.5301321724025008,7,4
62,44,0.8719983446009233,0.9132174681664619,-4.0171428455264016,1.5301321724025017,7,4
63,43,0.7265622294001873,1.176228139329012,-4.017142843713918,1.5301321724025017,7,4
64,47,0.7947825603708296,0.5861314205873119,-0.013333333334708158,1.5301321724025017,7,4
65,44,0.5419282951156393,1.4197053063702663,-5.017500064888637,1.5307931016539111,7,4
66,47,0.6136874719251183,1.599227686418593,-5.017500061252519,1.5307931016539111,7,4
67,44,0.5998471545837619,1.245579683897492,-4.01714284876299,1.5307931016539111,7,4
68,48,0.40937662656152907,1.181139343846176,-4.017142844120659,1.5307931016539118,7,4
69,44,0.7218406947965076,0.8966870157676177,-4.017143023361067,1.5307931016539111,7,4
70,48,0.7048495815812145,1.13844587119734,-4.017142909688856,1.5307931016539125,7,4
71,46,0.5728497054593155,1.302102207082715,-4.017142844314051,1.5307931016539125,7,4
72,49,0.3585216109018882,1.3931607889282616,-4.017142857913059,1.5307931016539136,7,4
73,47,0.5198157216026712,1.5987367524692642,-4.017142847809775,1.5307931016539136,7,4
74,44,0.7909062127608263,1.242873450811296,-5.017500034779237,1.5307931016539136,7,4
75,46,0.5980634359333805,1.1544193479793226,-4.0171428448659565,1.5307931016539136,7,4
76,43,0.7435772831557614,1.195378646853844,-4.01714284275982,1.5307931016539136,7,4
77,46,0.6012940526265512,1.4097689648073934,-4.0171428688380155,1.5307931016539136,7,4
78,46,0.6723089651967254,1.1836609740796524,-5.017499994301636,1.5307931016539136,7,4
79,49,0.47775160238336306,1.5072291563165763,-4.017142853465082,1.5310850286012743,7,4
80,44,0.8427382279898236,1.338213669793693,-4.01714284275982,1.5440749496542971,7,4
81,47,0.7997270888532861,0.939929736110201,-4.017142842334999,1.5440749496542974,7,4
82,48,0.8712645312365009,1.150857519901107,-4.017142840793451,1.5440749496542976,7,4
83,46,0.7023632166866833,1.2650426673564177,-6.017777792145391,1.5440749496542974,7,4
84,44,0.5240442748684743,1.2215762726592765,-4.017142840677485,1.5440886139364047,7,4
85,46,0.5489358311747182,1.401744235719153,-4.017142840677485,1.5441725896328269,7,4
86,47,0.5038238785954491,1.4645679779196519,-4.017142970536371,1.5766025647853485,7,4
87,49,0.5503004676950136,1.1548765667260172,-4.017142840677485,1.5766025647853508,7,4
88,46,0.5801515693056507,1.1315064735447304,-4.0171428430447,1.608189234059404,7,4
89,47,0.36531211544147524,1.70242841189371,-4.017142840677485,1.6086208158937578,7,4
90,42,0.6509863379984638,1.480125208385542,-4.017142857544511,1.6086208158937578,7,4
91,48,0.6653731975489738,1.2620393915050139,-4.017142840451293,1.6104538423015429,7,4
92,46,0.7578315801719943,1.1925932465928901,-4.017142857544511,1.6104538423015429,7,4
93,46,0.63495482241507,1.3194818426331665,-4.017142858665382,1.6104538423015429,7,4
94,48,0.7127232870183476,0.9193419431623355,-4.017142857150867,1.6115458213110887,7,4
95,46,0.9471284441173736,0.9528356286059613,-4.017142850427723,1.6115458213110887,7,4
96,46,0.8034783570657947,1.176420368037702,-4.017142859006023,1.6332255733065104,7,4
97,47,0.8753713092601472,0.8581779311713078,-3.016666703541927,1.6332255733065106,7,4
98,42,0.6347929629552665,1.2743808118507596,-4.017142859619846,1.6332255733065106,7,4
99,48,0.849694438475596,0.6473599339633196,0.10051154838258432,1.6332255733065109,7,4
100,47,0.8493876180015492,0.6645486916917978,-0.01333333216077054,1.633225573306511,7,4
