gen,nevals,avg,stddev,min,max,run,representation
0,50,-1.0099999999999998,0.0,-1.0099999999999998,-1.0099999999999998,10,9
1,45,-0.7109999843591293,0.45673006815575745,-1.0099999999999998,-0.013333202202318682,10,9
2,47,-0.43540952231017505,0.5136516002985235,-1.015000042391821,0.21835866265018514,10,9
3,47,-0.48437336096811906,0.533844106127535,-1.0150001242956828,0.5157492475446271,10,9
4,48,-0.37255842246538273,0.6245996250431428,-2.0159999447499373,0.515856477322355,10,9
5,49,-0.330142769875707,0.7142206851004199,-3.016666690228277,0.515856477322355,10,9
6,42,-0.05008160341405688,0.5310844011327337,-2.0159998931725376,0.43579951132569494,10,9
7,49,-0.1207298017102119,0.7449796142504388,-3.0166667026546365,0.4281795774105415,10,9
8,45,-0.07482797900992326,0.8382495842970196,-3.016666683137491,0.5831033372373198,10,9
9,45,-0.11428308172898212,1.0042039553356543,-4.017142856327968,0.515662290196087,10,9
10,47,0.11547437169962488,0.5446894777496035,-2.015999885322643,0.5831033372373198,10,9
11,45,-0.008706392713409856,0.7979414884562812,-3.0166666718780224,0.5428453386727967,10,9
12,46,0.20951192923273868,0.46937850641604745,-2.0159999446671595,0.7027478817045568,10,9
13,48,0.2938933030024741,0.3690661888576842,-2.0159998931725376,0.706515024522051,10,9
14,48,-0.00558868126214686,0.9428430379915466,-3.016666676054481,0.7065387302127304,10,9
15,49,0.11877695210637831,0.984100265056009,-5.017500001203264,0.7062336799094888,10,9
16,45,0.028370571283540206,1.1553139430202686,-5.017499984435749,0.7030487150450259,10,9
17,48,0.32418342272551137,0.2691003495230102,-1.0149999984487952,0.706045756183892,10,9
18,46,0.07912829384011276,0.9735753797517113,-4.017142932591725,0.7257410368862516,10,9
19,44,-0.02087586605619291,1.1217044028348004,-4.017142869547078,0.7257410368862516,10,9
20,41,0.12520559721067712,0.9674797051344547,-4.017142854152369,0.7257410368862516,10,9
21,45,0.10393305090749365,0.8087519525785788,-3.016666676054481,0.7257410368862516,10,9
22,49,0.08536195829519652,1.0160494496564516,-5.017499949010343,0.706515024522051,10,9
23,48,0.16157365700641818,0.8052261979535227,-4.017142739059333,0.706045756183892,10,9
24,43,0.330050115327962,0.5220000336956726,-2.0159999921366376,0.706515024522051,10,9
25,46,0.1291252102065477,0.8189707519164319,-3.0200000094783723,0.706515024522051,10,9
26,47,0.08948858806232728,1.0184207921573827,-4.017142886394993,0.706515024522051,10,9
27,49,0.12104740319616684,0.6801180563986338,-3.016666676054481,0.7030412960663004,10,9
28,45,-0.15579327194046066,1.214897958483951,-5.017500024153193,0.7064313094494644,10,9
29,49,0.010981835171277553,0.9242149284087353,-3.016666703377153,0.706045756183892,10,9
30,47,0.24064727276218256,0.44929811739464276,-2.016000035511669,0.689868998751699,10,9
31,45,0.13327053134592745,1.0266005808152519,-6.017777797950258,0.8255522591805642,10,9
32,45,0.22014297702868346,0.5719412517500417,-3.0166667008886736,0.8255522591805642,10,9
33,49,0.21531062575195162,0.5971211985238594,-2.0199999994107256,0.7662969147928402,10,9
34,45,0.3723624844519881,0.2789066816196533,-1.0149998304042227,0.7662969147928402,10,9
35,44,0.24639992377449715,0.7184508353699254,-3.016666676054481,0.7299501174177551,10,9
36,48,0.19360627280962503,0.759674893287711,-3.016666676054481,0.6959707188304527,10,9
37,45,0.30248665625576576,0.64690298567932,-3.0199999997523888,0.8356934180103255,10,9
38,48,0.28920712728068165,0.5130638790862357,-3.016666643959433,0.8159150207516218,10,9
39,44,0.3649159372978586,0.4093491916454144,-2.0159999844973693,0.8159150207516218,10,9
40,44,0.2500852473854422,0.7333941009028346,-4.017142763354742,0.8159150207516218,10,9
41,48,0.10747330899171255,1.171925964307172,-5.020000009246235,0.8159150207516218,10,9
42,46,0.16670733505311724,0.973677140739121,-5.017499984100932,0.8161355559024256,10,9
43,44,0.119496843909996,1.3161120668429727,-5.017500023455468,0.827303577425305,10,9
44,47,-0.03887572721535603,1.221848106973545,-5.017500026166485,0.749915980317448,10,9
45,40,0.27338405225367973,0.7078721500014471,-3.016666660977306,0.8270215224794533,10,9
46,46,0.4197636123686763,0.2379778620780629,0.06221129325490112,0.8270215224794533,10,9
47,49,0.13094467301978976,1.1274998032906567,-5.01750000247958,0.752878280189214,10,9
48,48,0.27574410798788945,0.5784896376982671,-2.0159999706129064,0.7598507849234096,10,9
49,44,0.3876335297264684,0.6873922494582013,-4.017142827610376,0.8906222063293022,10,9
50,44,0.47150411345391147,0.4620508621365005,-2.0159999621298508,0.8976371132159268,10,9
51,49,0.21124442990551148,1.4390964417920282,-9.018333358411608,0.8963239183783865,10,9
52,42,0.43401026362800105,0.2584633253678729,0.07189378279340498,0.8963239183783865,10,9
53,49,0.2236874463760416,0.9220928155085621,-5.017499995500851,0.8354937206416356,10,9
54,46,0.311824650838091,0.6327529855537688,-3.016656803719896,0.79087559417832,10,9
55,46,0.40967109080951486,0.3557432299291563,-1.0150000013065417,0.8159150207516218,10,9
56,45,0.5094369077816464,0.2355903749615976,0.09849296983771742,0.8593833613409528,10,9
57,47,0.27174013068103536,0.9448214655426601,-5.017499992277284,0.8593833613409528,10,9
58,45,0.39407423454803236,0.4670983936981447,-2.0159999314161663,0.8630099674649068,10,9
59,42,0.4896997120568637,0.3246939036594692,-1.0150000131729366,0.8639343730973432,10,9
60,43,0.44025624967626237,0.27232605839724205,0.06265743559646177,0.8630099674649068,10,9
61,42,0.467329790056063,0.2717179837707391,0.057210898131866465,0.9499824211969057,10,9
62,47,0.41068241088092783,0.33687173233822515,-1.0149999573715787,1.022174526571436,10,9
63,49,0.4124404530874606,0.6764852734775122,-4.017142877788169,0.9499824211969057,10,9
64,43,0.4519856823298334,0.4333415299927646,-2.015999948761769,0.8715224709159214,10,9
65,46,0.5198285141175212,0.32088470044771933,-1.0149998235534474,0.8964687323884125,10,9
66,46,0.3641518434931054,0.9427779853602276,-6.017777820761117,0.951517654539683,10,9
67,45,0.4555766983926747,0.31314295129311615,-1.015000076694819,0.951517654539683,10,9
68,45,0.4512103063476246,0.2131803449716135,0.1709301733791221,0.951517654539683,10,9
69,45,0.44719658542110285,0.3113962782589456,-1.0149999987192249,0.9068765423167134,10,9
70,47,0.44991524838852426,0.23882484052403463,0.08182489280659402,0.8968414287304313,10,9
71,45,0.5034936498440363,0.21826809060725252,0.11249659344953959,0.8968414287304313,10,9
72,44,0.48404500873787526,0.22968611559707527,0.09831156585106413,0.7846987764425504,10,9
73,44,0.4439963777807586,0.32723729282847336,-1.0099999999999998,0.871041047505821,10,9
74,49,0.2359477326516314,0.9136184472958719,-5.017500014026824,0.8564456776841999,10,9
75,46,0.49411915833197706,0.2159869823366813,0.08507993847950432,0.9042317358740083,10,9
76,45,0.4799555759204519,0.2354162483039804,-0.013333333329604943,0.9042317358740083,10,9
77,45,0.5217479983432637,0.24455460898753,-0.013333316754764618,0.8974848485291462,10,9
78,48,0.40269664302334496,0.5970639071875098,-3.016666584882444,0.9717869580155786,10,9
79,44,0.42425071784072343,0.43842995613433056,-2.0159999968846494,0.899278732369536,10,9
80,48,0.514674335608594,0.2411217899495794,0.10874727661820821,0.913821885563308,10,9
81,45,0.47623675265037385,0.3229328008135007,-1.015000122784523,0.913821885563308,10,9
82,48,0.44743729643217806,0.24070226399965994,0.06646031980839492,0.8505433546367871,10,9
83,46,0.489710946858505,0.2424171914651546,0.12191817652153175,0.8935307412608934,10,9
84,45,0.549737363308843,0.23022824740366218,0.15488643643526875,0.913821885563308,10,9
85,44,0.3096893704717722,1.1369692884949667,-7.018000002406043,0.9192071215501082,10,9
86,49,0.4670562015076698,0.2750518137992205,0.05314078935656488,0.913821885563308,10,9
87,46,0.5717265205972359,0.2463957061440538,0.06733331823192984,0.9176648467497717,10,9
88,46,0.25984409376253603,1.2139203800632832,-6.017777755825692,0.9075519804273712,10,9
89,46,0.47638148381639084,0.4239600864454745,-2.016000002070333,0.9075519804273712,10,9
90,47,0.468108481507332,0.24301170187412532,0.06362531282822156,0.8237228357893569,10,9
91,48,0.4902284989321435,0.24162280687048707,0.06362531282822156,0.864829898209426,10,9
92,46,0.3663894896450004,0.6432383583979696,-3.0166666914640574,0.864829898209426,10,9
93,45,0.4087142337333637,0.6492214026872559,-3.0166666625531806,0.864829898209426,10,9
94,44,0.4906835763412873,0.22935039834089224,-0.01333333283630947,0.864829898209426,10,9
95,48,0.4703426271252966,0.3186946957785437,-1.0149998432038245,0.8675209063854807,10,9
96,47,0.4591167899365524,0.29692013551234797,-1.0099999999999998,0.8675209063854807,10,9
97,45,0.42984017739824876,0.5438908731101697,-3.016666671336108,0.9400922663673631,10,9
98,46,0.5693426781406873,0.21951235437521538,0.11802295395921865,0.9065230322910521,10,9
99,45,0.43741275208305347,0.4248597337418895,-2.0160000008502488,0.9065230322910521,10,9
100,45,0.3932781303160847,0.4749386524846077,-2.015999996534243,0.9329219659878396,10,9
