gen,nevals,avg,stddev,min,max,run,representation
0,50,-1.0099999999999998,0.0,-1.0099999999999998,-1.0099999999999998,6,4
1,47,-0.9302666666665388,0.2703888886610269,-1.0099999999999998,-0.013333333331737479,6,4
2,47,-0.5715666672676214,0.4948214497256059,-1.0150000000428947,-0.013333333331737479,6,4
3,45,-0.17310000179726154,0.3660727014574407,-1.0150000000428947,-0.013333333308167038,6,4
4,46,-0.11330000179495936,0.2999009997222883,-1.0150000000428947,-0.013333333277290834,6,4
5,43,-0.11330000177629945,0.2999009996775344,-1.015000000017476,-0.013333333277290834,6,4
6,46,-0.11319999630526402,0.2996010025433828,-1.0150000000205612,-0.013332928282450524,6,4
7,46,-0.17358666569850778,0.41824954076924914,-2.016000001095544,-0.013333321383902967,6,4
8,48,-0.13329306045383402,0.3249775555083302,-1.0150000101069532,-0.011320829791878241,6,4
9,46,-0.07306854025177292,0.23692718320132736,-1.0125526031885321,-0.011320829791878277,6,4
10,46,-0.15303295841695916,0.34700487066503716,-1.0150000025751837,-0.010057399545498523,6,4
11,49,-0.21321441731669857,0.400436438830347,-1.015000062830473,-0.010057399545497251,6,4
12,44,-0.07215611204373724,0.23737902616092058,-1.0149999917732542,0.005360541433607986,6,4
13,44,-0.21096557890927087,0.4458389253624305,-2.0013650105359795,0.00536621152357833,6,4
14,47,-0.18970326127247172,0.4332132135212033,-2.001365309469697,0.03301494831771889,6,4
15,46,-0.2604750094172151,0.4895158254249521,-2.0044688518907345,0.26579786141219286,6,4
16,45,-0.22481912485705519,0.4904583471472271,-2.0160000942967105,0.26579786141219286,6,4
17,46,-0.4641335039034712,0.9651467847946382,-4.010999053456473,0.327753672673656,6,4
18,46,-0.2897990603962668,1.091925237936128,-4.017142945178293,0.327753672673656,6,4
19,47,-0.25009267203813246,0.9514769583750784,-3.0166667880907108,0.38452569279213256,6,4
20,50,-0.02377753741288045,0.7747109422345827,-4.017142945178293,0.38452569279213256,6,4
21,44,-0.03771721792395825,0.9649461927090047,-5.01169817104801,0.46640439782923065,6,4
22,47,0.156977379187358,0.7705572268462993,-5.011960907459989,0.4730700465993264,6,4
23,45,-0.5302215615722925,1.9933598149177545,-7.013435598961005,0.491757566925583,6,4
24,48,-0.02316247526187885,1.439625612831847,-6.017777778843216,0.491757566925583,6,4
25,47,0.25270223875397524,0.4413809998643092,-2.0159999888961333,0.564364387682105,6,4
26,46,0.019420641891360724,1.326903376039547,-7.01293442391965,0.5744175371940782,6,4
27,43,-0.1534606890865424,1.6796566422203387,-8.017608392416946,0.5744175371940787,6,4
28,42,0.18196864550177821,0.9163348919357247,-5.017500000087664,0.7261710573000925,6,4
29,49,-0.13104171626222316,1.9169947520950998,-8.013588400294447,0.726171057300094,6,4
30,47,-0.35570133454945607,2.061228341769158,-7.0123864937676075,0.728156452291548,6,4
31,48,-0.031893812263739746,1.6401242448385052,-6.017777764006302,0.9280070970279818,6,4
32,44,-0.22328558737382345,1.921920915808473,-5.017500010137848,0.9470794306495587,6,4
33,46,0.05112381845374916,1.8123717845476044,-6.017777781276566,0.9411587439236989,6,4
34,45,-0.07504270043393117,2.068069571713321,-6.017777781125955,0.9411587439236999,6,4
35,43,-0.17291383755118056,2.0441844836783516,-6.017777781125955,0.9411587439236995,6,4
36,43,-0.07677117212671983,2.0097955965445293,-6.017777781425469,1.058770651774634,6,4
37,47,0.42612181010201633,1.3475730123268783,-6.017777781125955,1.058770651774634,6,4
38,46,0.1831923515757339,1.644289826650761,-6.017777781125955,1.058770651774634,6,4
39,47,0.4575106647393266,1.3812180800670157,-6.017777778881234,1.106056755529746,6,4
40,46,-0.078740976095314,1.975185339957002,-6.017777777595172,1.0588089784578745,6,4
41,46,0.2757066284093364,2.0076816083992406,-11.018571428922588,1.058770651774658,6,4
42,47,0.10299449595232883,1.8413706184449399,-6.017777779028767,1.0625156087661944,6,4
43,48,-0.0895695624758866,2.0460964691095125,-6.017777855390002,1.1474947796362893,6,4
44,45,0.28835179768170266,1.5854786153661165,-5.017500059140559,1.1565616304582078,6,4
45,46,0.33807493073909795,1.5718071748412012,-5.017500059142983,1.1565616304582078,6,4
46,48,-0.18364553555909674,2.170725050487835,-6.017777779067275,1.1887409859547169,6,4
47,46,-0.008597106480583712,2.138485339037466,-6.01777777829583,1.1766280393277708,6,4
48,47,0.5168807137332623,1.3803033880597597,-5.017500000031371,1.2012293448893778,6,4
49,47,0.5403914677856395,1.3144148169908587,-5.017499999987306,1.2710093355906718,6,4
50,49,0.7348809821462688,0.9178083028369042,-5.017499951261569,1.3305395197089627,6,4
51,46,0.6831689337597825,1.118370258220574,-5.0174999998380185,1.3305395197089627,6,4
52,44,0.5060736966300093,1.4704999964903105,-5.017499999972076,1.3305395197089627,6,4
53,47,-0.1027292538088247,2.1917844381691745,-5.017500086591517,1.3320300405262735,6,4
54,48,0.4409662058000671,1.7378979630323816,-6.017777779434973,1.359044980692959,6,4
55,47,0.33771051197686064,1.7674925070324699,-5.017500081412891,1.359093873887304,6,4
56,46,0.10969590997792043,2.0355356640001983,-6.017777775876829,1.3547935085604503,6,4
57,47,0.604512624293835,1.285034870890765,-5.017500001932748,1.3547935085604503,6,4
58,47,0.05096670109816165,2.1058883563410946,-6.0177777780616895,1.3547935085604503,6,4
59,45,0.15667294184649178,2.2613519745173214,-9.01833333462653,1.3547935085604503,6,4
60,48,0.023021957525742928,2.0562360412484217,-6.017777778979553,1.3547935085604503,6,4
61,46,0.7276479978422771,1.1691999620800049,-6.0177777309956175,1.420066688497345,6,4
62,44,0.4353426631334627,1.6260183532110581,-5.017500083655095,1.420066688497346,6,4
63,48,0.7953164137236982,1.3897420025663483,-6.017777724254521,1.4435591217016313,6,4
64,46,0.3014002459297579,1.9711056937351155,-6.017777777624207,1.4460982153341733,6,4
65,47,0.45897278747825637,1.688549175115554,-5.0175000065028845,1.447522676903514,6,4
66,42,0.7694050908425929,1.4924274595411728,-5.017500000731243,1.4518898110026146,6,4
67,50,0.9722204853431217,0.6191746764115696,-1.0149999996719088,1.4740324115055075,6,4
68,49,0.9213346473717381,1.2085402122285016,-5.0175000065028845,1.5289882863339241,6,4
69,45,0.7737836726556356,1.453564616443178,-5.017500000704722,1.5332988132428567,6,4
70,48,1.0236782878291901,0.9007850310727673,-4.0171428568814855,1.5333669859821026,6,4
71,48,0.6944889514774374,1.8054189816622508,-5.017500000597072,1.5624567598183143,6,4
72,46,1.0623718970657352,1.114921364347601,-5.017500000594403,1.5863406991777422,6,4
73,46,1.0198938246236908,1.3150925042533648,-5.017499986877425,1.5863406991777422,6,4
74,42,1.1154019283160213,1.0482040250057567,-5.017500000592663,1.6255394708826316,6,4
75,47,1.1192962570356628,1.019144789986373,-5.017499999411825,1.6255394708826316,6,4
76,45,0.7064250278138877,1.881739138716505,-5.017500000592663,1.629953291891409,6,4
77,47,0.7829961153700736,1.853065878024829,-6.017777775590949,1.6601096988001895,6,4
78,48,0.6312671473983243,1.9542067256381297,-6.017777777879143,1.7130758117744769,6,4
79,42,1.3939345391669604,0.5513565030408563,-1.0099999999999998,1.7130758117744769,6,4
80,47,0.8573532402098908,2.0223210970052876,-9.012836138553771,1.718040333649897,6,4
81,47,1.0237059876765853,1.6108397910339833,-6.017777779383605,1.7485144395361134,6,4
82,47,0.9095443487962228,1.5259014702649332,-6.017300109164264,1.7485144395361134,6,4
83,46,1.2742299763110563,0.6991488894840828,-2.0160000003966827,1.7485508957756757,6,4
84,49,0.9434485200054994,1.5570782368954996,-6.017299391081173,1.8048334924604765,6,4
85,46,1.3507939560398454,0.6175389553561642,-1.0149999999230457,1.8048334924604765,6,4
86,47,1.0717648185703033,1.5486519433012929,-6.0177777164679025,1.8048334924604765,6,4
87,44,1.3138237901340213,0.6009838964889095,0.2988016380244466,1.8347794323475621,6,4
88,48,1.2456998106458093,0.7039553435906336,0.01397142252151045,1.8417717886235931,6,4
89,45,1.4017890436088365,0.6964766082556474,-1.0149999983862765,1.8417717886235931,6,4
90,45,1.312088743448087,1.07460714336799,-5.003396001337595,1.8620498707098028,6,4
91,45,1.2922688531769082,0.6864238904987972,0.055510839000546035,1.8620498707098028,6,4
92,44,1.1696329288746568,1.2328896735184989,-6.002550718872845,1.8620498707098028,6,4
93,47,1.2106146538448714,0.772409501528555,-1.0150000010487905,1.8635722372077943,6,4
94,43,1.287126553659862,0.7951111479621378,-1.0150000017107692,1.8735003391994105,6,4
95,43,1.38600895791596,0.6840886932511193,0.10456017757320911,1.8744652042946148,6,4
96,46,1.3848441002200658,0.7310742260116411,0.14499687974910128,1.8735454571504289,6,4
97,47,1.292543155529502,0.8376967790223697,-1.0150000001226336,1.8735454571504289,6,4
98,47,1.126351040746766,0.8134631578828468,-1.014999999752116,1.8745066418195562,6,4
99,45,1.2340763941607962,0.7391740458898651,0.09984087606047046,1.8745548468563737,6,4
100,44,1.4044850242368505,0.6957768474730694,0.15021847781398023,1.8748260428611236,6,4
