gen,nevals,avg,stddev,min,max,run,representation
0,50,-1.0099999999999998,0.0,-1.0099999999999998,-1.0099999999999998,1,0
1,47,-0.9901333319201168,0.24359617421909932,-2.01,-0.01333318631074177,1,0
2,44,-0.8707333298375403,0.5283375619127622,-2.01,-0.01333318631074177,1,0
3,44,-0.27273332238928566,0.4370159939992073,-1.0099999999999998,-0.013333169794070026,1,0
4,44,-0.23010833236028003,0.4150979326888632,-1.0150001213513238,0.1212478183752243,1,0
5,48,-0.116194550190811,0.3332505068548084,-1.0099999999999998,0.14915956127811036,1,0
6,44,-0.029826967115554926,0.2559496607287463,-1.0099999999999998,0.1776416724360979,1,0
7,46,0.06246960112825179,0.2324787495498082,-1.0150000022122314,0.38439891298585266,1,0
8,41,0.13010140453633637,0.3148915517169013,-2.0007498904690744,0.38439891298585266,1,0
9,44,0.2373780853520688,0.11065387083243164,-0.013333190270810098,0.5095929034675706,1,0
10,46,0.35736555516116103,0.08911390142503961,0.13012847727368498,0.5095929034675706,1,0
11,45,0.35988332279381785,0.11739155157299391,0.11057979156419977,0.5141491616432331,1,0
12,49,0.3938205264152918,0.14580967820485985,0.04078532011642349,0.5259720466827643,1,0
13,46,0.38942102432200065,0.5021633562140734,-3.014354996224637,0.5421419561129232,1,0
14,46,0.45457158533335135,0.1472464221050519,0.08399829500510299,0.5874764723409238,1,0
15,47,0.424718539379741,0.18193796366905568,0.005429911547873268,0.591144987722891,1,0
16,48,0.39493691445908286,0.3899081667959883,-2.0065792787939607,0.5938856271310331,1,0
17,42,0.47749223488720455,0.1779614059881641,0.08754585790049757,0.5976273470473012,1,0
18,46,0.4470629697395163,0.19514237531439374,0.1097121159586178,0.6478977780535763,1,0
19,44,0.50089608697236,0.1816514440192659,0.06136489051207585,0.6478977780535763,1,0
20,45,0.5372827948725617,0.16461503149111645,0.11620825187480652,0.6759196264605173,1,0
21,45,0.4904323923137999,0.21102963924362683,0.10186352478388938,0.6759196264605173,1,0
22,49,0.40637022581044796,0.3056726814180704,-1.020000005261628,0.6780134744322098,1,0
23,46,0.4727151759059739,0.23499750578118161,0.08124993540055402,0.6767857931224683,1,0
24,46,0.524303546404903,0.22700094783555944,0.03552664762833287,0.679520140209537,1,0
25,47,0.4263576635440358,0.6399967869432769,-3.003515919889769,0.6800898653030338,1,0
26,47,0.568105724292386,0.19865728967224072,0.10848617488865653,0.6890131375402657,1,0
27,41,0.5978278492646311,0.1769366425210743,0.08845361267198253,0.6890131375402657,1,0
28,47,0.6275376077242789,0.15168582500648456,0.108663700280224,0.6937955708792877,1,0
29,45,0.6219221162917126,0.1511238519771579,0.11761245939760051,0.6956250569678168,1,0
30,48,0.5419044348036125,0.22873302417689212,0.12024461103919139,0.6938140902227513,1,0
31,47,0.577350053961923,0.2110314627127677,0.0832048516076893,0.6989602227408632,1,0
32,48,0.586774954814533,0.2018043125635343,0.0884790423596656,0.7759776034265989,1,0
33,46,0.6197263564271627,0.19440955826403764,0.08856000080449754,0.7760837534391282,1,0
34,48,0.6299271563540906,0.18602021576530325,0.12280615244287221,0.7761853070555587,1,0
35,46,0.6186345279385924,0.2345146322398757,0.1254958115926935,0.7761853070555587,1,0
36,47,0.6058170408080634,0.25388194505617956,0.09190473560824393,0.7801384871430993,1,0
37,43,0.6557406461746838,0.2309106368389661,0.13858593387379894,0.7801384871430993,1,0
38,48,0.5812722464678911,0.27220349032871016,0.09182271516878329,0.7849742306264406,1,0
39,48,0.5569569479985257,0.27879970464254633,0.028367320402198255,0.8087661504633231,1,0
40,47,0.5984608879945376,0.26892274245870923,0.11283501956197467,0.8087661504633231,1,0
41,46,0.6407496169370855,0.25937850049016264,0.08444565151685418,0.8087661504633231,1,0
42,45,0.6970079371265439,0.20915242061739864,0.15245344183239964,0.9223952125333835,1,0
43,46,0.7407860427217099,0.20243300679182646,0.07687798197454895,0.9223952125333835,1,0
44,47,0.6931116374234358,0.2924931353172403,0.08956658323000305,0.9745470485744833,1,0
45,44,0.6510255005222119,0.3315298285696313,0.09739260937005935,0.9745470485744833,1,0
46,42,0.7792880913729783,0.294124125444166,0.06354244485126033,0.9855942775260111,1,0
47,45,0.6871663646211704,0.3526286183679881,0.08472921462366498,0.9855942775260111,1,0
48,45,0.711615143981754,0.36204661962972895,0.059184909979276425,1.0354623151608924,1,0
49,44,0.7193686984642814,0.37977109269067655,0.059290318241896,1.0354623151608924,1,0
50,48,0.7773688807846898,0.35733340615873904,0.09315506560448121,1.0354623151608924,1,0
51,46,0.7495855284299685,0.38670559268495297,0.0872951117198503,1.0354914409361826,1,0
52,47,0.7570625777580993,0.3830703367282818,0.12514287007130237,1.0354914409361826,1,0
53,41,0.8252120067220703,0.34081395808766834,0.0960152821175263,1.0356161197383469,1,0
54,46,0.6741347392798696,0.39792778989074296,0.08014766330597782,1.0567270593705627,1,0
55,42,0.7829793719218641,0.3838560031213891,0.05544435800024215,1.0567270593705627,1,0
56,44,0.8095618943219155,0.37425353812666057,0.06729467236620544,1.0567270593705627,1,0
57,46,0.8175098401729417,0.3694266570309391,0.09454303630334628,1.0567270593705627,1,0
58,46,0.7259564200517401,0.40190778839299457,0.10982268814178635,1.0567270593705627,1,0
59,39,0.8336195132564569,0.36767362690127364,0.1674499647178092,1.0571161263613238,1,0
60,45,0.7325891007691488,0.40194327361973753,0.12401541658691917,1.0571161263613238,1,0
61,47,0.6997017594276788,0.40698037126035275,0.10387543894190851,1.0571161263613238,1,0
62,46,0.6785368600355067,0.41019610408308393,0.12513654807170352,1.0571161263613238,1,0
63,48,0.7511001282236789,0.401625799427524,0.08081257798176958,1.0571161263613238,1,0
64,44,0.7904474905722271,0.38475553476508684,0.12513654807170352,1.0571576924412982,1,0
65,49,0.7176591389507665,0.4033861487999812,0.0999892741180028,1.0571576924412982,1,0
66,49,0.6199670215185324,0.41596978387430217,0.10018959589619754,1.0571576924412982,1,0
67,49,0.7636229338070845,0.3971296290532167,0.05167517797904141,1.05739473577683,1,0
68,42,0.8063987004585565,0.3653164906909036,0.17987332335412365,1.05739473577683,1,0
69,44,0.8118084893757951,0.37135631749720055,0.1652933083013829,1.05739473577683,1,0
70,45,0.7141297463535434,0.4053120727099094,0.08150850048649837,1.05739473577683,1,0
71,44,0.7461554123522436,0.39674669837313276,0.16675598108558812,1.05739473577683,1,0
72,48,0.6862844777047191,0.4092670636720624,0.12440036464770737,1.0573979816957964,1,0
73,48,0.7498689943744568,0.40604434465517775,0.10448462548436378,1.0573979816957964,1,0
74,45,0.7377871879034924,0.39439526747790854,0.111266271486443,1.0575960566120188,1,0
75,46,0.6656751274286034,0.41166411678448855,0.10815462134827125,1.0575960566120188,1,0
76,42,0.7742689946415667,0.39177580136324586,0.14890034895827445,1.0575960566120188,1,0
77,46,0.7615436712973804,0.3843084765669369,0.1088041013215605,1.0575960566120188,1,0
78,45,0.6749528473765259,0.4042133303616822,0.11255285620081563,1.0575960566120188,1,0
79,49,0.7458644131352082,0.38305937218088226,0.10904089934236824,1.0575960566120188,1,0
80,44,0.8036456773553775,0.38306294503349286,0.08335976605296314,1.0575961688930213,1,0
81,46,0.767394092541868,0.37741507393937257,0.10845596031174036,1.0576951642041623,1,0
82,45,0.791395117321762,0.3712059612482215,0.10868015854904711,1.0576951642041623,1,0
83,48,0.7950676939439956,0.37897076134408103,0.02481263296004867,1.057724384352126,1,0
84,47,0.8609040679152048,0.3424778422233698,0.10894219456493542,1.057755364732504,1,0
85,46,0.7387792483241888,0.3874867123103021,0.09803971029857676,1.057803914721004,1,0
86,47,0.8790891423708422,0.3226026435439394,0.16169772415559158,1.059430500813004,1,0
87,48,0.7193235042652956,0.3996266603893822,0.09938854425018791,1.057803914721004,1,0
88,46,0.7853683926331643,0.3886735380202907,0.05447792263740158,1.057803914721004,1,0
89,45,0.859954803541219,0.35252215600395,0.1539787850565009,1.057859973961043,1,0
90,47,0.7394075682953889,0.40259885979470356,0.10027734363874653,1.057859973961043,1,0
91,43,0.7703891601981493,0.3750646674565582,0.08468925170870364,1.057860248437695,1,0
92,48,0.7937634343870124,0.36587340784523315,0.11746170841759568,1.0578614846501422,1,0
93,47,0.7679173612059162,0.3755970763138255,0.12809093997511714,1.0579007713430681,1,0
94,46,0.7528856026090267,0.3929223516011492,0.10027747607793396,1.0579136569124772,1,0
95,47,0.826225958386106,0.3643222190724655,0.1002275485487692,1.05793652721755,1,0
96,47,0.7526255587066214,0.39951793134591285,0.1002264810209768,1.0579495584532934,1,0
97,47,0.7636195636582918,0.39063822874425475,0.09999813182363632,1.05793652721755,1,0
98,44,0.7675525496326081,0.3886177020750034,0.03773597493535647,1.05793652721755,1,0
99,47,0.7378267700399168,0.38209470118049016,0.1734368362570075,1.0579365738287327,1,0
100,47,0.7366529405073615,0.39377315204092883,0.08399093610621544,1.057970457820192,1,0
