gen,nevals,avg,stddev,min,max,run,representation
0,50,-1.0099999999999998,0.0,-1.0099999999999998,-1.0099999999999998,3,9
1,48,-0.671133320298728,0.4721297602160464,-1.0099999999999998,-0.013333202202318682,3,9
2,48,-0.5749495048966007,0.5154826316112053,-1.0150000148531135,0.21836040979243057,3,9
3,50,-0.3745823282402209,0.5251840124479933,-1.0150000812353415,0.2183692722588085,3,9
4,50,-0.3166199164599149,0.6658413831459907,-2.0160000010350148,0.5145370512091344,3,9
5,45,-0.14084019882993204,0.7292278228495328,-2.0160000831919174,0.5162472109089161,3,9
6,48,-0.16318885289074242,0.8314600036090806,-3.016666667071178,0.5146114830151544,3,9
7,46,-0.21822267230764464,0.9880650443148161,-3.016666659286774,0.8113964124686199,3,9
8,48,-0.34142113259878437,1.1480722600727737,-4.017142912201404,0.8113964124686199,3,9
9,44,0.08622452111240575,0.7695237442598348,-3.016666729071603,0.7058574836124418,3,9
10,39,0.26624328186754237,0.6318414965314796,-3.0166668003750665,0.7058574836124418,3,9
11,46,0.24135348594270048,0.6978653866880912,-3.016666728946957,0.8120828928703502,3,9
12,50,-0.050949236953491316,1.037458387697132,-4.017142873023196,0.7049538024206717,3,9
13,47,0.11786706698730703,0.8808309572560176,-4.017142884091324,0.7242579071432199,3,9
14,45,-0.37620030226159107,1.5785195299118895,-5.017500069840227,0.8128254675368665,3,9
15,46,0.19114655691909582,0.745651944889421,-3.020000045234953,0.8663834816899216,3,9
16,44,-0.08726846761363449,1.1666427394197394,-5.017500010711683,0.7733906140339512,3,9
17,44,0.20589649513605238,0.6831587952225054,-3.016666665563573,0.7733906140339512,3,9
18,44,0.277867031754819,0.6422823968111305,-3.0166666372836404,0.7059840837857206,3,9
19,50,0.29869997741133175,0.5571348341219119,-3.0166665782932984,0.8137079032944232,3,9
20,50,-0.13765419729049302,1.2414413157924322,-5.0175000135074015,0.7299692601780339,3,9
21,48,0.18873437035942575,0.7061364997617722,-3.016666727687786,0.8128254675368665,3,9
22,46,0.19471084161420849,0.8213681290741349,-4.017142866213079,0.8194029865136628,3,9
23,47,0.23124973163627152,1.0399609782435884,-6.017777726797761,0.8199690926605717,3,9
24,44,0.11056287167418417,1.030898077320401,-5.0174999391235335,0.8194029865136628,3,9
25,47,0.29053980426575715,0.5120087099064902,-3.0166665782932984,0.8194029865136628,3,9
26,48,0.293530701516678,0.511759810716733,-2.0160001773932255,0.8194029865136628,3,9
27,44,0.27702381034047574,0.43490033216883267,-2.0159999998489266,0.8194029865136628,3,9
28,46,0.24133919332536166,0.605254714496656,-2.0160001270477377,0.8113964124686199,3,9
29,45,0.299658443495674,0.5834389211713555,-3.016666667802511,0.8113964124686199,3,9
30,41,0.2912803137549231,0.622323871085925,-3.019999839015248,0.8113964124686199,3,9
31,45,0.3996770545356781,0.5263231105161387,-3.016666683432089,0.8137562771947615,3,9
32,45,0.2788994429005959,0.8163065726142709,-4.017142975017408,0.8123082668511129,3,9
33,48,0.26292144269612555,0.8333381354566549,-4.017142822361547,0.8129768196504336,3,9
34,45,0.13294757307561947,1.0290796682354115,-4.017142884091324,0.8277715509379797,3,9
35,45,0.3861412519881567,0.5379925891201708,-3.016666664673372,0.8277715509379797,3,9
36,50,0.27000048945204425,0.8053440536190365,-4.017142786619516,0.7565589423679975,3,9
37,45,0.25950044386659643,0.9570924524332998,-4.017142865224392,0.8250524959995792,3,9
38,48,0.30370655158943916,0.6183923250735484,-3.0166667947904693,0.8606442861960216,3,9
39,48,0.23745710124230293,0.8237775863138492,-4.019999972425405,0.8606442861960216,3,9
40,50,0.303178491407805,0.7310922163426482,-4.017142800863579,0.8402717722109714,3,9
41,46,0.4340985785845281,0.3979152285243211,-2.015997578121662,0.7658716043619119,3,9
42,50,0.18649551613929904,1.1722687660106388,-7.017999974277866,0.831993379033344,3,9
43,44,0.45136494879613764,0.41073562596125796,-2.016000033694529,0.9343785575044216,3,9
44,47,0.49106094819623386,0.23103755568890635,0.07495172592762335,0.9343785575044216,3,9
45,43,0.3772881600532191,0.7626610402568255,-3.0199999732608322,1.0508800906971578,3,9
46,46,0.46067463612596116,0.2599574890716077,0.0747822531483658,1.0508800906971578,3,9
47,47,0.40496698367871,0.31546650236009294,-1.0099999999999998,0.9343785575044216,3,9
48,49,0.27296837986235606,0.8625172454745407,-4.01714286142442,0.9343785575044216,3,9
49,48,0.43870988892100304,0.2662847689495054,-0.01333376261180791,1.1558024906858773,3,9
50,48,0.28289012001741926,0.700287078403972,-4.017142795881727,1.1558024906858773,3,9
51,49,0.2980315243333035,0.801452753419327,-5.017499936297079,1.0708811025065677,3,9
52,46,0.27723641032627167,0.7216471336280634,-3.0166666917938194,1.0708811025065677,3,9
53,44,0.48708053786413025,0.43921358385797377,-2.01599997683772,1.0708811025065677,3,9
54,42,0.44584163746475336,0.24603066168270576,0.11584633861388235,0.8651577788713061,3,9
55,48,0.5138957483799874,0.30553482527042974,-1.0149999884922227,0.936976585991624,3,9
56,46,0.46780751484772276,0.3129957719487178,-1.0067113619351056,0.876956811885692,3,9
57,49,0.4164516708278692,0.22482609246997073,0.06316646897202303,0.8737929582608609,3,9
58,45,0.46272420957969085,0.20187330628867237,0.1818613127107187,0.879294589768819,3,9
59,45,0.4709979292122232,0.2127620977417982,0.08540203323507915,0.8378200903075648,3,9
60,48,0.39606344422655615,0.6624093883672176,-4.017142881546592,0.8619638314181156,3,9
61,47,0.5075257623305665,0.19780668142570407,0.07584070614128358,0.7955853226857039,3,9
62,48,0.43090043840968667,0.6697795728006583,-4.017141260130455,0.86192720133317,3,9
63,48,0.41708447630270085,0.7084396123801656,-4.017142909262699,0.9081669869948662,3,9
64,46,0.49730082590217434,0.23501731218127717,0.11379702358308771,0.9081669869948662,3,9
65,47,0.46942633287442975,0.24633732109617862,0.12784113861748375,0.8937653094922698,3,9
66,47,0.4272226440572524,0.5477195743638891,-3.0166667286078837,0.8937653094922698,3,9
67,43,0.5581704202362175,0.2612114964023833,0.17396779556098385,0.8937653094922698,3,9
68,40,0.43885137830795573,0.6902380660170712,-4.017142771759956,0.8937653094922698,3,9
69,47,0.5439058978475598,0.23146574817708362,0.158435608045988,0.8937653094922698,3,9
70,47,0.4546650866569917,0.552018966796704,-3.0166666858241777,0.8980029571465736,3,9
71,46,0.5410760949494139,0.24939317228727198,0.13691374692423428,0.929379404993162,3,9
72,48,0.49057446912351343,0.22571556712585303,0.14169990834873455,1.007088978161329,3,9
73,45,0.4684836634670975,0.23781512745667593,0.10940885898131317,1.007088978161329,3,9
74,45,0.4961593401366678,0.2303892551798749,0.16439439131159816,1.0164072253953842,3,9
75,47,0.4632191770727839,0.23497904688417964,0.0749946091833271,0.8850428305514373,3,9
76,45,0.5453995434925869,0.21339526729934236,0.13163131792511515,0.8850428305514373,3,9
77,48,0.3691577288208968,0.7514114529554561,-4.017142848652774,0.9360539716133238,3,9
78,49,0.2266680806922065,0.9125160245470885,-4.017142874685008,0.9158959303444033,3,9
79,45,0.4820451226143704,0.2275731831613246,-0.013333355876822602,0.9374256647786504,3,9
80,44,0.4890460202333815,0.2219269806529493,0.13735738185772556,0.8505195802003562,3,9
81,48,0.4845173195047802,0.22421151001733156,-0.013333201630077883,0.9784090591497614,3,9
82,48,0.3848903190488548,0.9427908462686969,-6.019999988462203,0.9784090591497614,3,9
83,47,0.4662172783018675,0.3136572439788035,-1.0149999388506392,0.8831880409328607,3,9
84,45,0.47170415365238144,0.2357501016611834,0.10688938496432143,0.9399573191808942,3,9
85,44,0.3823391438904944,0.6928967598617024,-3.0166666932994985,0.9399573191808942,3,9
86,46,0.5280753280641379,0.2750173887636711,0.05822570683419838,0.9399573191808942,3,9
87,44,0.5169954996208014,0.26211703138493164,0.06501793768416976,0.9734237589155499,3,9
88,48,0.33132008132534935,0.8365891643700106,-4.017142854589506,1.0420154988435513,3,9
89,48,0.43551964220299305,0.3310049047129106,-1.0150000445617409,0.943333211637448,3,9
90,43,0.5152432820843567,0.27201213395617485,0.09712117281709398,0.943333211637448,3,9
91,43,0.46842140456364784,0.35532216723839627,-1.0149999573715787,0.943333211637448,3,9
92,44,0.45000269224456396,0.45509288185558344,-2.0159999528055206,0.9971979270976079,3,9
93,45,0.432041105458889,0.5593520309920167,-3.0166666874511026,0.9420170263755652,3,9
94,46,0.40011979417794646,0.6876409693310049,-4.017142854178515,0.9420170263755652,3,9
95,48,0.350678720139704,0.5951313912469319,-3.016666775593082,1.1612971770191782,3,9
96,48,0.47446733550651726,0.24549920709455617,0.044650598859817946,0.9659332907339798,3,9
97,44,0.5393345609622486,0.26201302097492174,0.1290251248162833,0.9659332907339798,3,9
98,46,0.4029565868904067,0.43178938634810404,-2.016000017195489,0.8950693661994966,3,9
99,42,0.5263789938752829,0.26285643997296687,0.041628649828254115,0.9111877089251057,3,9
100,48,0.48600696248426695,0.5607095584370063,-3.0166666699874285,1.0616296170151742,3,9
