gen,nevals,avg,stddev,min,max,run,representation
0,50,-1.0099999999999998,0.0,-1.0099999999999998,-1.0099999999999998,5,9
1,48,-0.5515333155062807,0.4967361263176263,-1.0099999999999998,-0.013333202202318682,5,9
2,45,-0.4100745134375582,0.5535735376183218,-2.015999999790232,0.21836040979243057,5,9
3,43,-0.41632154151168976,0.71570529651588,-3.0166665842140206,0.5142520090438086,5,9
4,48,-0.422132080131717,0.8910577632721716,-3.016666666567837,0.8113964124686199,5,9
5,47,-0.3171850433777493,0.9050335522617694,-3.0166666914640574,0.8137562771947615,5,9
6,45,-0.16063186720702538,1.0396729560963764,-3.0166666874511026,0.8113964124686199,5,9
7,47,-0.11231405419607593,0.9663024682955177,-3.016666738879614,0.8112474589130203,5,9
8,47,0.1342238648768185,0.7109194075457227,-3.016666727687786,0.6953920495978994,5,9
9,48,-0.08114269048331357,1.3747348977625444,-6.017777778298915,0.8112474589130203,5,9
10,49,0.01859326211432003,0.9716870953553204,-4.017142882085526,0.8112474589130203,5,9
11,40,-0.009162773668496636,1.2106528515373083,-5.017499991419198,0.8137079032944232,5,9
12,46,-0.15389844093665592,1.0117888993521462,-3.0166667653924577,0.8128254675368665,5,9
13,42,0.010618948090162277,0.841217562925319,-3.0166666739312147,0.8129768196504336,5,9
14,49,-0.0443101606991415,0.9466201577066627,-3.0166666914640574,0.8129768196504336,5,9
15,46,-0.39961774583048126,1.239724826048408,-3.0166666545674503,0.8123082668511129,5,9
16,47,-0.057314994477174384,0.9329834489646337,-3.0166666800114004,0.8137562771947615,5,9
17,46,0.15469423386465064,0.6847526146183297,-3.016666676263546,0.7172184142836416,5,9
18,46,-0.017807514185662135,1.4188019490562924,-7.017999985252746,0.8137562771947615,5,9
19,46,0.09232321297030582,0.7196107657872758,-3.0166667656979738,0.5804268774561405,5,9
20,44,0.027463056499663505,1.1572941904961513,-7.017999955478634,0.6200322686736492,5,9
21,46,0.14123360685658734,1.0676112250324985,-6.017777767074294,0.6633670163134043,5,9
22,48,0.2069008039227359,0.9008372488865563,-5.017500011199724,0.6754585991352754,5,9
23,48,0.25920779527352694,0.563977779874642,-3.0166666694308173,0.7283818473046463,5,9
24,48,0.2757915787419668,0.6678362601690102,-4.020000004288477,0.729382313235698,5,9
25,46,0.21870123920336476,0.7380411142308908,-4.017142876677453,0.729382313235698,5,9
26,41,0.1604856337635836,0.9730789164356504,-5.0175000100725295,0.729382313235698,5,9
27,44,0.3745320456014481,0.5240819015112929,-3.0166667421385394,0.724974153793963,5,9
28,47,0.3338510816801371,0.6582141475518329,-4.017142819445737,0.8392033471805429,5,9
29,46,0.26811198225317595,0.7040317932755796,-3.0199999288139208,0.8406560994680234,5,9
30,46,0.38753594185545787,0.28148523921525914,-1.0099999999999998,0.8365634813321452,5,9
31,42,0.3942202590812247,0.20403916461371252,-0.013333202202318682,0.7562664665185095,5,9
32,46,0.32618106379256234,0.391824178409544,-2.0159999965962943,0.7572052771573818,5,9
33,46,0.21734666094870309,0.9082258879393862,-5.017499966856522,0.8675459987515795,5,9
34,48,0.30169796409816907,0.5125379168275414,-3.0166666387571452,0.8656672823042602,5,9
35,48,0.016348464610722025,1.006013311373586,-4.017142857925317,0.8137079032944232,5,9
36,47,0.17545015390219235,0.8883466766744458,-5.017500003469302,0.7040741276415743,5,9
37,44,0.20711591865922863,0.6255107707237783,-3.016666666014225,0.703851933479245,5,9
38,48,0.13910519878766736,0.8423637557138971,-4.017142865492273,0.7512617034411303,5,9
39,47,0.21625122379034953,0.4829305051410468,-2.0159955550950186,0.7026746193240886,5,9
40,42,0.16607548894566815,0.8712201388107691,-4.017142838226678,0.8120828928703502,5,9
41,49,-0.1523672281312142,1.5818555443617321,-5.0175000764382185,0.7341947118759116,5,9
42,46,0.22042462632095083,0.8625083463286977,-5.017499963156811,0.8121183708793205,5,9
43,44,0.34331108023744245,0.3619750604365828,-1.0149999919205237,0.853184531241081,5,9
44,46,0.2436378260427144,0.857910316280855,-4.017142866373969,0.8603623623018167,5,9
45,46,0.16784497043908986,0.858550997703314,-4.017142804431521,0.8582186000838363,5,9
46,48,0.3949278625152658,0.22447103468883398,0.07416773389276952,0.8636785511947813,5,9
47,49,0.23134257279016177,0.8102560465807458,-5.017500045472051,0.9609343686368833,5,9
48,45,0.3752920386067332,0.5798930965287228,-3.0166666063759036,0.9609343686368833,5,9
49,49,0.3653232050096794,0.41170231108507976,-2.0159999998489266,0.860262417170143,5,9
50,44,0.45991127832451445,0.24232018047396786,0.07476790932560337,0.8608827455927025,5,9
51,47,0.44799381760623125,0.22598252052766749,0.09218173238304116,0.8674216435536819,5,9
52,48,0.2107506832128493,1.1119391667760912,-6.017777984742822,0.8773583411572117,5,9
53,46,0.4378320412180454,0.25144867609300975,0.0605190645732065,0.8773583411572117,5,9
54,43,0.4942376249664609,0.44363924450415027,-2.016000070067799,1.0912995191635144,5,9
55,47,0.39483553956839473,0.4203130187380646,-2.0159999973607516,0.8793030481301303,5,9
56,46,0.4388233288965063,0.42311460341220436,-2.0200000005021184,0.8792696828067137,5,9
57,45,0.39989103327891606,0.23245345734620107,0.09149595630991694,0.8792696828067137,5,9
58,44,0.4416326925403426,0.2207324579111968,0.08141056780326954,0.8773583411572117,5,9
59,43,0.36847025205486206,1.0817148812620934,-7.018000016528277,0.9326888657341651,5,9
60,47,0.45991126301347046,0.33425237502358834,-1.0099999999999998,1.1234857609985944,5,9
61,49,0.0681275746390167,1.1728306578529832,-5.017500018794657,0.8768831226276438,5,9
62,45,0.37135496805369383,0.1895865456235784,0.07262377690508667,0.8768831226276438,5,9
63,47,0.43822612890632456,0.17969669673096325,0.13047873040023508,0.8647738067713906,5,9
64,46,0.25713099618390317,0.9156981227932941,-6.017777813681127,0.7919648743259994,5,9
65,48,0.3691540585474861,0.26125707418452715,-1.0150002572929788,0.785760375372191,5,9
66,46,0.32709704264204353,0.5132180946160774,-3.016666666210164,0.7931855183045958,5,9
67,46,0.44215339343418575,0.19548446360162283,0.17258793794433364,0.7931855183045958,5,9
68,48,0.38257225739273293,0.2193223545529442,0.07516743382830819,0.8575808550440357,5,9
69,47,0.37979701336552096,0.29034776651108124,-1.0099999999999998,0.8628288901520411,5,9
70,47,0.40470938235492454,0.21491919293528794,0.075152931835265,0.7770199746073089,5,9
71,43,0.46459007985437883,0.21098966028687402,0.09676269960275115,0.7815334913428437,5,9
72,44,0.4022180975844909,0.6694988831540658,-4.017142949591507,0.8336598809150524,5,9
73,49,0.34034929298391264,0.7951067167614634,-5.0174999989400275,0.8554007015994046,5,9
74,49,0.3549328364221624,0.4035648267292723,-1.0149999302714678,0.8336598809150524,5,9
75,42,0.46015326082110314,0.21223650797813817,0.10290213409483547,0.8090810863591471,5,9
76,47,0.45598608893425874,0.547344924840468,-3.016665160419545,0.997592246779802,5,9
77,47,0.386729950133666,0.6782928785649753,-4.017142872071387,0.9415446136946897,5,9
78,47,0.48761041576060987,0.2612984280298661,0.11196283554834185,0.9415446136946897,5,9
79,36,0.5664471540625019,0.2555192395186124,0.09104955735143816,0.9751469934122955,5,9
80,49,0.4489956613516944,0.25065742243882666,0.1279333192278237,0.9927534901233286,5,9
81,46,0.4372415834297879,0.30791179420550885,-1.0149999825716391,0.8360691916346515,5,9
82,44,0.32858799857618415,0.6650935414140252,-4.017142862143592,0.8360691916346515,5,9
83,48,0.4681439408389359,0.2020748598772533,-0.013333333329604943,0.7945987593649777,5,9
84,48,0.3886691695534878,0.6634468352293396,-4.0171427974621885,0.8417273219255232,5,9
85,46,0.48434205062452435,0.19437142499662985,0.14178016238500382,0.8398226266563821,5,9
86,43,0.5330729679446593,0.21824966862699174,0.11648932585741882,0.8398226266563821,5,9
87,44,0.5456142192529883,0.23031701081974504,0.07802274687719049,1.0568248100477593,5,9
88,45,0.5863605819363663,0.24760195431713547,0.09448980109599896,1.0204235832303978,5,9
89,43,0.5340524618589925,0.22823763491341548,0.16179165205065052,0.9716456074175832,5,9
90,48,0.4803439211963149,0.31442952830219595,-1.0149998891028684,0.8964987587570631,5,9
91,45,0.45457362677010926,0.30311581955742667,-1.0150001811824994,0.8416649510800939,5,9
92,45,0.488139103958104,0.3076092833559321,-1.0099999999999998,0.8416649510800939,5,9
93,44,0.5240343348278086,0.30614181087836323,-1.0099999999999998,0.8793736350865876,5,9
94,44,0.5648520960860955,0.4304733600648707,-2.01599998907299,0.9722583744375899,5,9
95,47,0.4813297594524132,0.5612200842771629,-3.0166667785072314,0.9341034184849585,5,9
96,44,0.4087679837086659,0.8270520892051192,-5.017500017362109,0.9341034184849585,5,9
97,49,0.5014349547874105,0.24722129812682583,0.1666786558244634,0.9787801688325378,5,9
98,41,0.6065862641437307,0.22870993651904248,0.16606379596792006,0.882172266805526,5,9
99,47,0.47835208635551296,0.2543830827458977,0.16280018493973694,0.9213228985966793,5,9
100,46,0.521097319268977,0.2616066046826113,0.1405996450964111,0.9198522867519827,5,9
