gen,nevals,avg,stddev,min,max,run,representation
0,50,-1.0099999999999998,0.0,-1.0099999999999998,-1.0099999999999998,1,4
1,42,-0.9103333333331736,0.2990000000004787,-1.0099999999999998,-0.013333333331737479,1,4
2,43,-0.4719000008563768,0.49684493476783176,-1.0149999997469918,-0.013333316366767402,1,4
3,48,-0.11320000003721088,0.2996010005757025,-1.0149999997469918,-0.013333316366767402,1,4
4,46,-0.1335333346788704,0.3255031397502743,-1.0150000241803767,-0.013333316366767402,1,4
5,48,-0.11349999998333477,0.3005000005385863,-1.0150000241803767,-0.013333316366767402,1,4
6,44,-0.1134000020137285,0.30020066715152105,-1.0150000241803767,-0.013333316366767402,1,4
7,43,-0.11340000587911081,0.3002006641280928,-1.015000000017476,-0.013333302346198624,1,4
8,47,-0.13351998585073455,0.3821459566134244,-2.0159999999841025,-0.013332928282450524,1,4
9,43,-0.1134999541204848,0.30050001496984546,-1.0150000064993092,-0.013332928106499943,1,4
10,49,-0.11339995944044273,0.3002006732426939,-1.0150000119277054,-0.013332928282450524,1,4
11,46,-0.15327979922714857,0.34710597783555946,-1.0150000178317327,-0.011162706013674315,1,4
12,44,-0.17333605201391603,0.367060481300789,-1.0150000441448894,-0.011162706013674315,1,4
13,46,-0.09299389252745692,0.2715179927087048,-1.0149999990565546,-0.011142239291128715,1,4
14,47,-0.17301014002844733,0.41823229444501714,-2.016000027888883,-0.011142239291128715,1,4
15,47,-0.05255106779665839,0.19646202987826472,-1.014999983459989,-0.009069817449066922,1,4
16,44,-0.1728424218983781,0.36754928779360996,-1.0150000400529546,-0.009069817449066922,1,4
17,46,-0.1726946933301986,0.3670773969269237,-1.0150000998639386,-0.009455400896673008,1,4
18,38,-0.10981516843897055,0.3017972469630476,-1.015000099208273,0.09920630342609896,1,4
19,44,-0.07180670163750899,0.23829672466634322,-1.0149999388410957,-0.009395687675187291,1,4
20,45,-0.11160342313066836,0.30023832103138093,-1.0150000400529546,-0.009395687675187291,1,4
21,44,-0.09136583248932195,0.2713413605051647,-1.0149998804348015,-0.009166757764765304,1,4
22,46,-0.1111089112708226,0.3011856047101538,-1.015000358255273,0.01284103596125656,1,4
23,46,-0.125164570364275,0.38340449686881883,-2.0002149090202805,0.110404649377598,1,4
24,47,-0.1293404615510032,0.49910059823405645,-2.016000139584611,0.11072666681986386,1,4
25,47,-0.24277588335632508,0.6270956390173434,-2.016000003189421,0.11726599409702249,1,4
26,49,-0.2565490026193846,0.8669572891727323,-4.017142856345195,0.1921095232170492,1,4
27,48,-0.13065807645015906,0.6793190118579906,-3.0166666260703625,0.25994232851944316,1,4
28,45,-0.0024455381514528005,0.47223564800096796,-2.016000186556187,0.29182908324724877,1,4
29,44,0.004296367303737485,0.6333820493992736,-3.016666657203103,0.3183801047281557,1,4
30,48,0.06905817711388199,0.6274334054267944,-3.016666651159543,0.4069094775919336,1,4
31,44,0.15149911541970112,0.7479331666283596,-5.017251389791764,0.5789542770947212,1,4
32,45,0.23503292618254235,0.3869604816070082,-2.01599997446349,0.5789542770947212,1,4
33,48,0.11211761074969637,0.8884361848751011,-4.017142786113348,0.5000528185378,1,4
34,40,0.28778532664699225,0.240146980975682,-1.0150000124729874,0.5789542770947219,1,4
35,46,0.3966786138124131,0.12430047961544417,-0.013333362446860059,0.5732043866041274,1,4
36,45,0.23956760778937972,0.9008404504420814,-5.010167899334249,0.5732043866041274,1,4
37,49,0.2759625757843596,0.605237523465296,-3.0166666718276476,0.6149784772645613,1,4
38,42,0.36570456265260654,0.7840118790231884,-5.0106088081788975,0.6308285803893011,1,4
39,49,0.2664178576356005,0.9550533773253336,-4.017142898895142,0.7071520949360437,1,4
40,48,0.14337206121760213,1.502563894497087,-8.01818181774583,0.7992834810533245,1,4
41,46,0.5250153752594953,0.19208993806231212,0.08728550099600937,0.7992834810533245,1,4
42,47,0.14191447665046242,1.5703843857392685,-7.01265132448642,0.8180455550995551,1,4
43,46,0.5909183458323529,0.2791224536387141,-1.0150002614076432,0.8339049816515705,1,4
44,48,0.3627880666238657,1.102321468103161,-5.017499963732374,0.8508631579758766,1,4
45,44,0.6026602170802261,0.3107948405800208,-1.0150000010491278,0.8686690517031808,1,4
46,43,0.6607750213240773,0.2909096320233409,-1.0150000010491278,1.0379035816586357,1,4
47,48,0.721117656374219,0.17893300585778735,0.21435278771884564,1.0407826341420257,1,4
48,49,0.7480121648233258,0.19691393596518222,0.26300274549492353,1.0650674839236332,1,4
49,48,0.6868769334327223,0.2315543080883327,0.185431341205852,1.0650674839236332,1,4
50,47,0.7480321986735663,0.2386702004124615,0.2588686309810271,1.0913440764074875,1,4
51,45,0.8303116429935242,0.2260722446144278,0.1894915458654465,1.0941678469564629,1,4
52,45,0.8361674331129066,0.2593266043455748,0.16387126366609472,1.1377952469722492,1,4
53,47,0.8875181447425475,0.25738731080507243,0.36285947782306005,1.149860871586343,1,4
54,45,0.8588963847798626,0.2648751706179527,0.3852390992054624,1.1511943719682327,1,4
55,49,0.8186141527771398,0.27727518571376636,0.19025957408228064,1.2049116479208226,1,4
56,47,0.806823164773602,0.2853875537698614,0.35262975553616377,1.1734789573031126,1,4
57,44,0.8685385633355562,0.28544139820039327,0.177353362847949,1.1596973694360821,1,4
58,45,0.8716039843339933,0.36885240210085385,-1.0150000354644637,1.1596973694360821,1,4
59,44,0.9220000634052297,0.2585969331703196,0.2765600995740479,1.2485481603344686,1,4
60,42,0.8975749077668739,0.27134564844468634,0.01930723475551165,1.2558694655619937,1,4
61,45,0.961474388283415,0.2551622821006074,0.4249452220521096,1.2634293895994757,1,4
62,46,0.8406534334830161,0.7570968823961213,-4.017142850251675,1.2678201574800119,1,4
63,49,0.841703711902675,0.2666828421105691,0.34475130406957744,1.267820157480011,1,4
64,47,0.9573095727059002,0.2806208947097053,0.3908697412107182,1.2697329406152706,1,4
65,48,0.8598089806032138,0.6177095066711984,-3.0166667151856386,1.2697329406152706,1,4
66,46,0.8720306263510575,0.3536510186487313,0.13533909794406365,1.2697329406152706,1,4
67,40,0.9835485049613071,0.32197485568646383,0.18794110253849236,1.2637293276676664,1,4
68,39,1.064096570301327,0.2813344335923868,0.13717267369858271,1.3049416257940232,1,4
69,48,1.0229826322336024,0.3106800453041727,0.24770277442110109,1.3113497841379382,1,4
70,41,1.0533057367523417,0.32761562800069055,0.022473675625752983,1.3359362044846121,1,4
71,46,1.091873577451986,0.30894591068826066,0.38109470608992296,1.352099414880853,1,4
72,48,0.9946814185841124,0.32292335296080377,0.2006219496001823,1.352099414880853,1,4
73,47,0.9709505386466267,0.35128455201293873,0.4044230222508886,1.3520994148808538,1,4
74,47,0.9623066444585178,0.38686419067203603,0.16192308036384312,1.4153098897260568,1,4
75,44,1.026814881096104,0.38392755422148545,0.31305760487391865,1.4153098897260568,1,4
76,46,1.0278255795422693,0.3745779686483525,0.15925200188227892,1.4153098897260568,1,4
77,46,0.9405402986657685,0.4062183119697822,0.11124224866607096,1.4153098897260568,1,4
78,45,0.9213807581662143,0.3698822291110283,0.29164987889285376,1.4090707980768287,1,4
79,47,0.8617733613123003,0.6717178197398682,-3.0166667151856386,1.429507461745049,1,4
80,45,0.9657632248930109,0.37551373329104093,0.21258507153070483,1.429507461745049,1,4
81,49,0.8883539554196396,0.37464075305352934,0.15991699132493903,1.4295074617450494,1,4
82,49,0.9453028857471615,0.3699456836315302,0.3828621303917705,1.4562469555818252,1,4
83,49,1.0005658783173474,0.37050084835888447,0.3863544347546896,1.430320605991781,1,4
84,43,1.0264729241854844,0.47797760248368376,-1.0149999999773587,1.430320605991781,1,4
85,48,0.9648703351371998,0.40238818043938096,-0.01333326911916131,1.4369166660589041,1,4
86,46,0.8810383342514201,0.410923846071196,0.1626266785073039,1.4465960504796198,1,4
87,46,0.914916517940847,0.4044107013032411,0.05233982180184557,1.4557823711671316,1,4
88,43,0.9756822093875621,0.46658374690853016,-1.0150000211995158,1.4557823711671316,1,4
89,45,0.9749388806479083,0.45470938507123015,-1.0149999580917686,1.4557823711671316,1,4
90,47,1.0629145934280886,0.34746114956075563,0.4511351083813109,1.455963703762581,1,4
91,48,1.008588962418762,0.5517840839740135,-2.015999912992602,1.455963703762581,1,4
92,47,0.9330776977627723,0.3922259295394558,0.16847625747418168,1.4557823711671316,1,4
93,42,0.974117539119529,0.5768988673797221,-2.015999912425326,1.456150297015614,1,4
94,46,1.0427334271009447,0.39063726540424754,0.36494980920277736,1.4689298510210724,1,4
95,46,0.9237616853109715,0.5695754381738527,-2.01599996928599,1.4689298510210724,1,4
96,47,0.914170757462411,0.3977568629655887,-0.01333332014165388,1.4706321258212676,1,4
97,46,0.874482042305059,0.49326846625295867,-1.0150000196312368,1.4706321258212676,1,4
98,44,0.9529113125958227,0.4820410602230281,-1.0150000196312368,1.4706321258212676,1,4
99,47,1.0400234762883802,0.4177976612244235,0.11826187029604632,1.4712221302946467,1,4
100,47,1.0029555132517514,0.3901397937471609,0.16161237390726726,1.4706321258212676,1,4
