gen,nevals,avg,stddev,min,max,run,representation
0,50,-1.0099999999999998,0.0,-1.0099999999999998,-1.0099999999999998,9,4
1,42,-0.9103333333331736,0.29900000000047866,-1.0099999999999998,-0.013333333331737479,9,4
2,45,-0.5116666672662751,0.49833333273372477,-1.0099999999999998,-0.013333333308167038,9,4
3,45,-0.0932666696643482,0.27106804303863746,-1.0150000000428947,-0.013333333308167038,9,4
4,48,-0.21356666786084919,0.4004672287685925,-1.0150000178317327,-0.013333316366767406,9,4
5,43,-0.1133999905255863,0.300200668544054,-1.0149999997469918,-0.013332928256847905,9,4
6,47,-0.23349997372366552,0.4145611229455062,-1.0150000528943395,-0.013332928256847905,9,4
7,47,-0.15346662034102454,0.3473181107642115,-1.0150000011833777,-0.013332928256847905,9,4
8,46,-0.07323321648931316,0.23709176264045048,-1.0149999978539104,-0.013332928256847905,9,4
9,47,-0.1720747763642036,0.3663304752775112,-1.0150001665162471,0.027584488373143756,9,4
10,47,-0.31017388537091223,0.46098879953044,-1.015000243446425,0.06232252777756986,9,4
11,45,-0.10886051456719333,0.3024437040379122,-1.0149999978539104,0.06232252777756986,9,4
12,46,-0.15913037332766283,0.3729283046828159,-1.0150001991933493,0.10559149198557054,9,4
13,44,-0.28025988657465917,0.5209711158209066,-2.0068248195627763,0.15167085192872337,9,4
14,45,-0.16999110502476658,0.5675635908479957,-2.0160003441674923,0.1656902328895717,9,4
15,43,0.024505164783896985,0.33371500083727795,-2.016000010587562,0.21688386094197673,9,4
16,48,-0.290301274985964,1.0207098626583162,-5.017499958121558,0.2408177492914996,9,4
17,44,-0.22117065435891617,0.9400872890918403,-4.017142809208057,0.2708977926329311,9,4
18,45,-0.22103098975363542,1.0721317671900228,-4.017142824051068,0.354367821386445,9,4
19,47,0.10680800158643126,0.24457274099565338,-1.0149998271205742,0.354367821386445,9,4
20,46,-0.14709853868564793,1.1272731711021884,-5.002956780451706,0.35411754610688706,9,4
21,48,0.14988030062484334,0.3207090296941737,-1.0150000025601056,0.46385727699011475,9,4
22,46,-0.05639764591317476,1.185352884218201,-4.017142931102283,0.5941652292484126,9,4
23,47,0.22994244157932528,0.5808476210269767,-3.0080221812692605,0.594170394233503,9,4
24,45,0.29313588252983674,0.24781573907760648,-1.0150000110731476,0.594170394233503,9,4
25,44,0.4121627112028228,0.16974016156296282,0.024844138280754397,0.6768243805871605,9,4
26,44,0.15713930994587766,1.2172891630298124,-7.017999991851778,0.8488755189134984,9,4
27,45,0.39767910205044465,0.2565191235254223,0.003742749927903028,0.8488755189134984,9,4
28,47,0.34352912746692377,0.26618842332096737,0.023796446095446077,0.8654593800873981,9,4
29,47,0.24972943705875914,0.8250396345396143,-5.008569700241373,0.8654593800873981,9,4
30,47,0.3188136285021961,0.4341873972516009,-1.0150000042161342,0.8654593800873981,9,4
31,45,0.4029491976469778,0.5653543817393777,-3.0166666702010803,0.9046021696311501,9,4
32,48,0.4604813041722739,0.37903362649683686,-1.0122547833927473,0.9176814992573454,9,4
33,49,0.312769499480402,1.2265112297366436,-8.007418028487914,0.9647669779035714,9,4
34,44,0.34990675120919495,0.9905198473710825,-6.017374130336791,0.9089495865740425,9,4
35,45,0.3485755430330941,0.5120525543514147,-2.0038744073987864,0.9504418561722913,9,4
36,44,0.4375320018399392,0.3557321265305073,0.027592569612113777,0.9504418561722913,9,4
37,45,0.5600106070885077,0.36374642932805873,0.0038173172324660358,0.9504418561722913,9,4
38,44,0.6029696624880786,0.36561539080226724,0.0048290054265819555,0.9504418561722913,9,4
39,46,0.4266269927748039,1.2806866099932,-6.001120884215274,0.9573220033729117,9,4
40,48,0.5797721101999023,0.4228378576660749,-1.0150000076674437,0.9607754548185147,9,4
41,43,0.5698516032409777,0.36283586000228063,0.0048303378173963326,0.9658343575290895,9,4
42,45,0.41766950003840164,1.054522620628149,-6.017777777447501,0.9573220033729117,9,4
43,46,0.610933486968273,0.36086965287948686,0.0983429678944624,1.0110468936911046,9,4
44,47,0.48202276751842554,0.7773223552636157,-4.016505419414651,1.0110468936911046,9,4
45,43,0.7207094767787977,0.3426699350390248,0.027191729064209698,1.0116067377662867,9,4
46,46,0.617610722597818,0.4071934262944594,0.0048303378173963326,1.061654019844159,9,4
47,45,0.6873033010053128,0.41266950344542025,-0.013333337450089806,1.061654019844159,9,4
48,48,0.6756570724032096,0.3790845330193124,0.0069130927038793585,1.0933174600163094,9,4
49,46,0.6023983451932798,0.4554247394601319,-1.0150000067742893,1.0945999930655694,9,4
50,43,0.5272194485871332,0.887932514686904,-5.006666472113946,1.1019614866519027,9,4
51,45,0.5924700727115241,0.899160337648869,-5.005051038734266,1.1019614866519027,9,4
52,44,0.6972439418563465,0.3988167513410385,0.013136429797123502,1.1019614866519027,9,4
53,48,0.5458963380212374,1.170032935713043,-7.003705692975745,1.0988542151097391,9,4
54,45,0.655327818216117,0.42241081268447306,0.027464643037558356,1.1305344813176605,9,4
55,48,0.49076929099806366,1.1530319568207186,-7.000806252942735,1.16268943575987,9,4
56,48,0.7335848456961923,0.4323592034413091,0.024184753641068958,1.16268943575987,9,4
57,50,0.7162503306265671,0.4265553237781427,0.03164172438781296,1.162689435759872,9,4
58,48,0.7528600814712594,0.4490042201754461,0.017814065111361885,1.162689435759872,9,4
59,48,0.6981455243871986,0.4902339122877105,0.012818417863097896,1.1630498559168714,9,4
60,48,0.7767252846978389,0.43266097148006116,0.04608300577450074,1.2036280417823957,9,4
61,47,0.8825529719329684,0.4930094396526988,-1.0150000163400068,1.204125002050307,9,4
62,44,0.4667695088908663,1.455580223962848,-6.017777772395333,1.2041250020503071,9,4
63,49,0.6131316279034165,1.4282126929247145,-7.009649008928757,1.2525362526109673,9,4
64,46,0.22345537301488444,1.916096510765694,-7.010196589544072,1.286123133612401,9,4
65,48,0.33032423411067263,1.7838062093614935,-8.014227584672183,1.286123133612401,9,4
66,47,0.6163873588164437,1.1783466424704978,-6.017777772350818,1.2534185938355373,9,4
67,47,0.7286238963516297,1.3392289276133222,-6.013536703131124,1.2569848811214541,9,4
68,46,0.41478673119482407,1.6885888461525111,-6.017777772332889,1.2821700188552796,9,4
69,48,0.6198136095333109,1.0666271701692336,-5.017500005539482,1.2738039373763461,9,4
70,45,0.273496104601814,1.9100475381820516,-6.0177777725193184,1.2738039373763461,9,4
71,48,0.8008337145882288,1.07474683613538,-5.0175000054558145,1.2821700188552796,9,4
72,47,0.6255531695991023,1.3445256175570999,-6.017777772516327,1.2937390204857204,9,4
73,44,0.7594314156202833,0.637608743449313,-2.0160000034681382,1.2821700188552796,9,4
74,44,0.652522525329501,1.4391170764658643,-6.0177777725159585,1.2822071748241357,9,4
75,48,0.13002109053292948,2.037418337807371,-6.0177777725159585,1.2842221979950794,9,4
76,44,0.919873401690483,0.47252924187339623,0.03909034311212958,1.29952007524952,9,4
77,45,0.7338035067420279,1.3449558643853825,-6.0177777725159585,1.29952007524952,9,4
78,45,0.8678276230050933,0.4854509119988945,0.0436881961791717,1.29952007524952,9,4
79,45,0.6687938891809451,1.164380418061959,-5.017500005455981,1.29952007524952,9,4
80,46,0.6264370732918421,1.0761836721553797,-6.0177777706525095,1.3250136012601381,9,4
81,48,0.32446577371583535,1.696032766011395,-6.0177777704985544,1.3576194741165202,9,4
82,42,0.2528933344137308,1.9413056616234416,-6.01777777066918,1.3576194741165202,9,4
83,44,0.5664062092059262,1.6496404429674676,-6.01777777066918,1.3576194741165202,9,4
84,49,0.9293441660562385,1.2017519646614903,-7.018000002716086,1.3686977717577868,9,4
85,45,0.6965318073449392,1.2054410265849158,-6.01777777054202,1.391530919505204,9,4
86,47,0.8681436684984648,0.5847532280121528,-1.0099999999999998,1.391530919505204,9,4
87,47,0.6557803785264705,1.3601350813853639,-6.017777770525213,1.391530919505204,9,4
88,45,0.7531207893703357,1.1130289082610538,-6.017777770557592,1.391530919505204,9,4
89,47,0.9173165207850057,0.5217236116974378,0.1467615306565408,1.3935409052199301,9,4
90,40,0.8222524570514487,1.099943676761666,-6.0177777705388635,1.3935409052199301,9,4
91,48,0.5643112197684257,1.457313407680317,-6.0177777705388635,1.3992060035381473,9,4
92,46,0.8306764771070176,1.1157015020776455,-6.0177777705388635,1.3992060035381473,9,4
93,46,0.5987155879802275,1.3649587381621997,-6.01777777055174,1.3992060035381473,9,4
94,48,0.6849379447128898,1.465015967290891,-6.01777777055174,1.3992060035381477,9,4
95,49,0.5489515721701006,1.441736498132353,-6.0177777705388635,1.3992060035381475,9,4
96,49,0.8272470998734113,1.1073480090830439,-6.017777770537709,1.3992060035381475,9,4
97,49,1.0394253274234113,0.5423425059200448,-1.0149999996398587,1.3992060035381475,9,4
98,45,0.6412295208169041,1.6765895371567396,-6.017777770537709,1.4067623993571294,9,4
99,48,0.7422708754128783,1.129409583937032,-6.017777770533147,1.4067623993571294,9,4
100,49,0.4308073003214385,1.8358084035813544,-6.017777770537709,1.4067623993571294,9,4
