gen,nevals,avg,stddev,min,max,run,representation
0,50,-1.0099999999999998,0.0,-1.0099999999999998,-1.0099999999999998,8,9
1,47,-0.6711333208108313,0.4721297595025526,-1.0099999999999998,-0.013333202202318682,8,9
2,48,-0.5967926798789612,0.5482741774570179,-2.0160000886947507,0.21731718016658816,8,9
3,45,-0.22370117021560942,0.4736509508729634,-1.015000003563601,0.2183301927894156,8,9
4,47,-0.25855435069792665,0.6506706328700497,-2.016000002526996,0.5155027383528427,8,9
5,43,-0.20610831995616677,0.8323163732382625,-3.0166666949155942,0.515995549825411,8,9
6,46,-0.1651480622900824,0.7901196839477885,-3.016666669857113,0.5155027383528427,8,9
7,49,0.030532860785491174,0.8198527370518435,-4.0171428563685145,0.4985249941764936,8,9
8,48,0.1897581325716214,0.36796915068245983,-2.007810856681293,0.4048961527034054,8,9
9,47,0.07888406744723167,0.7347474720750098,-3.016666679381787,0.47550730228246985,8,9
10,49,0.19487277912768866,0.49996481373567425,-2.0200000005609624,0.6155510848359224,8,9
11,43,0.23813219060849922,0.48011026248908467,-3.020000026476942,0.6155510848359224,8,9
12,47,0.14281182814414337,0.7074972754017148,-4.017142796348898,0.5387263635511054,8,9
13,48,0.21452965611536443,0.5110210321639378,-3.016666735402764,0.5746861165162885,8,9
14,46,0.2388251898128517,0.47315051557031107,-3.016666589539994,0.44949708302628294,8,9
15,44,0.028148778148165413,0.8797786650199226,-4.017142939959027,0.46987386097148964,8,9
16,47,0.24936586158358195,0.47772427006699836,-3.016666608566163,0.5392146736547004,8,9
17,47,0.2606648385248518,0.6174107114726267,-4.017142760291438,0.6029039846683664,8,9
18,48,0.1433825262817949,0.9456198233781629,-6.017777766137425,0.605607231463436,8,9
19,47,0.3039940116200634,0.2254985406559065,-1.0150001242956828,0.5944355871221499,8,9
20,42,0.15992126504545884,1.0508385526747837,-7.01799999570275,0.5451172850462209,8,9
21,43,0.3917986079945758,0.12917006430665146,0.16620563337652683,0.6818614869614812,8,9
22,45,0.3976703844657146,0.14443226295101413,0.1283439258844565,0.6818614869614812,8,9
23,42,0.288362950980056,0.6343553014475192,-4.017142855598666,0.6562087881467782,8,9
24,47,0.31140728089625896,0.36174431073730423,-2.0199999988001114,0.6818614869614812,8,9
25,46,0.36542146801277525,0.16588478682635874,0.10005332769645532,0.6988495895629233,8,9
26,47,0.32062375700050694,0.3210009060411413,-1.0199999999999994,0.6582509292079655,8,9
27,41,0.3273733863388992,0.38992357244114556,-2.015999991483341,0.7085904744237324,8,9
28,48,0.23752088860048715,0.6242847598207089,-4.017142854482,0.6723581378283525,8,9
29,48,0.3134374577325676,0.4989135577312594,-3.016666656883844,0.6723581378283525,8,9
30,46,0.33579593608904706,0.2622112483596204,-1.0199999999999994,0.6434875956879745,8,9
31,48,0.2613973445243531,0.39873375021316754,-2.016000014559733,0.5834588933265779,8,9
32,46,0.2646984749555281,0.6303713716054806,-4.020000000249115,0.8129768196504336,8,9
33,46,0.3259492336845547,0.24820078024457823,-1.0067026582247527,0.8129768196504336,8,9
34,49,0.14422586718058375,0.7950999524396136,-4.017142851222605,0.8128254675368665,8,9
35,47,0.11323066986419399,0.8927770647871841,-4.017142873023196,0.6167378129026416,8,9
36,47,0.2652729178747937,0.657882319826767,-4.017142851998593,0.8128254675368665,8,9
37,46,0.06937813387039539,1.029958624139533,-5.0175000389997,0.8128254675368665,8,9
38,48,0.18579230825546117,0.5844161724561069,-3.0166665782932984,0.7327716819118394,8,9
39,46,0.3199935700540495,0.3327578845617524,-1.0150000812353415,0.8120828928703502,8,9
40,48,0.050283182582345216,1.0227304021892802,-5.017499958250875,0.7058277287950792,8,9
41,45,0.25633152043373547,0.7945798769567134,-5.017499866388758,0.7040741276415743,8,9
42,47,0.269304689256698,0.5316891032153964,-3.016666702939298,0.782340937513368,8,9
43,45,0.37874016585972603,0.34583687610925823,-1.0150000612119865,0.8129768196504336,8,9
44,46,0.25248159330134695,0.642799327496387,-3.0166666800114004,0.850529886563812,8,9
45,45,0.13381079596496406,0.9526755057770343,-4.017142928373574,0.7491713330189613,8,9
46,42,0.2894994728291197,0.8364204590699227,-4.017142845773401,0.7882247774396386,8,9
47,44,-0.03088845117843486,1.52931224627842,-5.0175000764382185,0.7896198551482909,8,9
48,44,0.2997064276319795,0.8701948380773146,-5.017500000225715,0.857160875635861,8,9
49,44,0.38959669567378236,0.24581722207599613,-0.013333202202318682,0.8746819428575853,8,9
50,47,0.021268464125136423,1.232352075863347,-5.01749998725805,0.8700181445261743,8,9
51,46,0.4227411341598055,0.23813793263284544,0.07475337891062594,0.8760511289523009,8,9
52,46,0.271751290811533,0.7896344372492873,-4.017142914703798,0.8746819428575853,8,9
53,49,0.40694739113491396,0.31369710905538983,-1.0099999999999998,0.8771728313685582,8,9
54,44,0.36406557460874395,0.5675376595300268,-2.0159999844973693,0.8712574066361558,8,9
55,46,0.4439164172878592,0.5450195212908432,-3.016665150325875,0.8676753960547865,8,9
56,46,0.467709110487753,0.22300369217852417,0.10973191971801914,0.8615148277973285,8,9
57,45,0.4334987046794228,0.5547436614208775,-3.020000017531567,0.8704258362362974,8,9
58,47,0.3920868070864328,0.6535370469383281,-3.016666726466698,0.8676753960547865,8,9
59,48,0.3676692653622653,0.533841141922005,-3.0166668003750665,0.8684920895337269,8,9
60,44,0.28693702396715304,0.8846215166730331,-5.017500035307863,0.8728660621972334,8,9
61,45,0.45743156355852677,0.2176377552401624,0.09881496828890789,0.8341306385796825,8,9
62,49,0.3815716410592884,0.28712618497412795,-1.0099999999999998,0.7894517945698358,8,9
63,47,0.32504044742956606,0.7057832004565535,-4.017142803275418,0.7908351411057866,8,9
64,46,0.4291437884771816,0.290216268384233,-1.014999998969243,0.7855862556552159,8,9
65,44,0.4763816820350938,0.19601497889619343,0.11439543084871066,0.7940671030427475,8,9
66,48,0.43856066230424084,0.2888194361256442,-1.0150000004874233,0.8502824669490515,8,9
67,45,0.49736622960424703,0.20388231627918565,0.15521279645857167,0.8662336208286453,8,9
68,48,0.4472493253191402,0.2261597098324484,0.06639021558205398,0.8533593937441696,8,9
69,47,0.35193060131060055,0.7956432988305685,-5.017500146116213,0.8576366936206179,8,9
70,44,0.4458197130573032,0.21678633724665564,0.14449957261769703,0.8556203319780871,8,9
71,47,0.36684447664976694,0.19864233312775714,0.07674706368052191,0.8556203319780871,8,9
72,47,0.41296441212879076,0.2665788806636711,-1.0150000583433008,0.7784075264009943,8,9
73,46,0.5164116057161842,0.15358519212400149,0.15260226626342402,0.7884178176995209,8,9
74,45,0.45882237555779204,0.1997383168170875,0.10704212817236851,0.7915301525129166,8,9
75,43,0.5154985062495292,0.20376817131960043,-0.013333323120638074,0.8679559960715316,8,9
76,47,0.5025090517071433,0.21396654789813427,0.13707973539002638,0.8658710195322968,8,9
77,47,0.46725557892000735,0.298150743963155,-1.0067026582247527,0.8693831014309515,8,9
78,48,0.49839609375789434,0.23634049752732214,-0.013333323120638074,0.8693831014309515,8,9
79,49,0.38745899832396463,0.8294390963253147,-5.017500002234098,0.8029299063162313,8,9
80,45,0.5272625245816918,0.3079962239012146,-1.0150000062619164,0.9472342051093452,8,9
81,46,0.5426326854482328,0.3231658187333412,-1.0150000057058493,0.9472342051093452,8,9
82,43,0.5460051702555472,0.44074627012642287,-2.016000020110177,0.9472342051093452,8,9
83,42,0.41906395196314955,0.5382374394227828,-2.015999965144086,0.9550373504603152,8,9
84,46,0.484450473418262,0.3371939325684108,-1.014999999554456,0.9550373504603152,8,9
85,48,0.5217223965647603,0.26092307820445365,0.07442908098621728,0.9550373504603152,8,9
86,48,0.5093577049045139,0.26419066273747893,0.06640936396497117,0.9550373504603152,8,9
87,47,0.536898801357524,0.24790723475077625,0.1314879296612884,0.9550373504603152,8,9
88,42,0.5356888469686109,0.25873725741129167,0.062259843696988386,0.9550373504603152,8,9
89,44,0.5394180239686579,0.25288730300389345,0.13665027386521905,0.9550373504603152,8,9
90,45,0.3954576857235845,0.8487507924909508,-4.017142927411117,0.9550373504603152,8,9
91,47,0.5117681529075491,0.45060146786827765,-2.016000003633576,0.9508044690205801,8,9
92,46,0.5395732200885531,0.44764291087166513,-2.01600002866075,0.9508044690205801,8,9
93,46,0.4028865509224711,0.8169111198553956,-5.017499925490081,0.8776585603184891,8,9
94,47,0.36824971286875136,1.0070586274790148,-6.017777765280669,0.8779014717454826,8,9
95,48,0.36984111872689984,0.7008715616156123,-4.017142874685008,1.1007258490781093,8,9
96,47,0.47993004628124575,0.5590363109871301,-3.0200000251441863,1.0732271033708911,8,9
97,48,0.17102478068600532,1.5560058555640615,-9.018333285960534,1.0912890207497365,8,9
98,47,0.47993659406277694,0.5667747971370071,-3.016666722693529,1.0912890207497365,8,9
99,48,0.5062278503864116,0.3095488748343018,0.07438851565019829,1.0912890207497365,8,9
100,48,0.1271081004027987,1.3105797025671728,-7.018000027654126,0.9883256137454176,8,9
