gen,nevals,avg,stddev,min,max,run,representation
0,50,-1.0099999999999998,0.0,-1.0099999999999998,-1.0099999999999998,6,0
1,42,-1.0701333369987187,0.3689413940625818,-2.01,-0.013333345771739342,6,0
2,47,-0.750933339153522,0.4806463336807311,-2.01,-0.013333014764953122,6,0
3,46,-0.3115294231185583,0.45744506825146913,-1.0150000911769903,0.016894753846776956,6,0
4,41,-0.08412741937922762,0.2761419026863186,-1.0150000194805837,0.23350931717401058,6,0
5,47,-0.0935660149728645,0.34740386685097263,-1.0150002857212579,0.2355127125477078,6,0
6,47,0.03635321960213512,0.34686269697773253,-2.023999945749466,0.2741531881401357,6,0
7,46,0.18152986576879787,0.09606673599251513,-0.01999999999999945,0.33234643884335685,6,0
8,46,0.2285663247755324,0.07978832263630067,-0.01999999999999945,0.3495043459127496,6,0
9,45,0.2476198570318976,0.09980909834404587,-0.013333339767988894,0.3495043459127496,6,0
10,47,0.28466866075031017,0.07591112149782388,-0.01333333354650298,0.4219979916135189,6,0
11,44,0.31137617152036545,0.08980388342643607,-0.013333333401394242,0.42829117340439177,6,0
12,48,0.34547253724272353,0.05898982726572883,0.17910594915098882,0.42829117340439177,6,0
13,46,0.3671679462434693,0.09391960919599238,-0.013333333241045622,0.5189847240222002,6,0
14,49,0.4070699042002869,0.06181058436428804,0.23417295531810947,0.5189850476996993,6,0
15,47,0.46866066803393197,0.05785444617087266,0.26574212542565945,0.5196769561552356,6,0
16,43,0.46968037381617406,0.07956613312136707,0.17684729667322607,0.52720100776964,6,0
17,48,0.47615910764988884,0.08899785027603598,0.10922461480431127,0.5721885233320297,6,0
18,45,0.4915408250445272,0.07967075852030354,0.1695566713657184,0.5721885233320297,6,0
19,44,0.5050923225709392,0.09161503280690916,0.22615728920475076,0.6225346229625974,6,0
20,47,0.5092335853318802,0.1055164631263781,0.22780192386149628,0.6616812373931513,6,0
21,49,0.5614675608506451,0.08298706446336296,0.2824344790765183,0.6563878169222469,6,0
22,44,0.5827005775318539,0.0804204547556415,0.3099160695914801,0.6563878169222469,6,0
23,47,0.5591381717431673,0.1280133574738054,0.1332834082257115,0.7031977084998738,6,0
24,42,0.622575677889938,0.10125604243721754,0.10264486144889695,0.7031977084998738,6,0
25,49,0.6088511622257873,0.12442965596281241,0.19196825723886393,0.7045884992028394,6,0
26,49,0.6276485368883136,0.11156448800847424,0.24778632282069207,0.709466519173591,6,0
27,48,0.6381988450532526,0.11043889290199646,0.21106809189737533,0.709466519173591,6,0
28,48,0.6293053451693438,0.1054467687711504,0.3412912106120194,0.709466519173591,6,0
29,43,0.6421946755533225,0.1087308293842897,0.19195499174280647,0.7094675428558511,6,0
30,47,0.6318563719470961,0.12532781569127782,0.19091731783551988,0.716674375384966,6,0
31,47,0.660567163283973,0.0877231216219563,0.29139591841732415,0.7170916314333637,6,0
32,46,0.660623367665309,0.11273976144346651,0.19196825723886393,0.717898290131226,6,0
33,47,0.6537134937949882,0.10606573509734983,0.2404531955029954,0.718542110878795,6,0
34,45,0.674050816419736,0.07745025609221924,0.3908690706504093,0.7804285703660933,6,0
35,43,0.666948349550429,0.11986125970677913,0.3408488466531846,0.8636116779194701,6,0
36,49,0.6502596577119969,0.1529851965684526,0.20108873766841445,0.8636116779194701,6,0
37,45,0.7161024810969938,0.16219622672914946,0.10566754260048679,0.9007674881971784,6,0
38,45,0.7456095250494172,0.18967956837709743,0.14055491340739187,0.9007674881971784,6,0
39,44,0.7615502684809359,0.19041333201091626,0.24413127451215813,0.9007674881971784,6,0
40,41,0.7958678837202174,0.16982621253877284,0.292793938103894,0.960310898397679,6,0
41,42,0.7955906567703344,0.2055345177938372,0.14768989965795926,0.9913585570968224,6,0
42,39,0.8344729892712869,0.19114133514726417,0.29287450788065506,0.9913585570968224,6,0
43,48,0.8051819241151122,0.2556858967727382,0.1653185524530613,1.094782971218633,6,0
44,48,0.8574411543262529,0.23254086166826057,0.07783909071237637,1.06361988630143,6,0
45,44,0.9321041080103634,0.1923417008110679,0.16010782487411498,1.06361988630143,6,0
46,46,0.9355815556560677,0.2061743774963003,0.1297218841713148,1.0739924782325927,6,0
47,49,0.9323796377734094,0.25696617649543013,0.1733382000352484,1.074019970870109,6,0
48,45,1.0272100373538553,0.12949773149501373,0.30920321383031846,1.0786929056899117,6,0
49,46,0.9727175614371524,0.21593279438775173,0.22230060446836505,1.0825900858787172,6,0
50,47,1.0242589850565897,0.14888675256584427,0.30964718837334587,1.1293830137555443,6,0
51,46,0.9424383310047407,0.30370251661902253,0.13394960987711355,1.1293830137555443,6,0
52,44,1.0243241747037404,0.21079283730658877,0.20254469470286418,1.212640595091184,6,0
53,44,0.9911276108410216,0.2951079688458609,0.21317147961010047,1.212640595091184,6,0
54,44,1.0670432278536142,0.25338353406350966,0.23307084417228094,1.212640595091184,6,0
55,46,0.990538172147101,0.34169979424160096,0.1927960479760835,1.212640595091184,6,0
56,43,1.057644154097703,0.3151561024887889,0.20986370319685133,1.2426205111770863,6,0
57,48,1.0383341460192774,0.35875777519620006,0.23408109775971933,1.2646517745468075,6,0
58,49,1.0853126950963778,0.33544867378454946,0.2136487438046693,1.3022197961966264,6,0
59,45,1.1218527236714413,0.304449931103962,0.14101583510947766,1.3022197961966264,6,0
60,44,1.169867923397983,0.2940409450620692,0.23355863136226113,1.3237210491325102,6,0
61,49,1.23307346416768,0.23456795332440272,0.24949522390260523,1.3237210491325102,6,0
62,43,1.2710104495740728,0.15374262572968536,0.2975783193621528,1.3606518189861228,6,0
63,40,1.1539415975490888,0.3644777724905741,0.16065516419463205,1.3606518189861228,6,0
64,44,1.2194345075228807,0.27380364909347815,0.26729043235465466,1.3606518189861228,6,0
65,48,1.1991460465812087,0.3201056088544055,0.20583974324889628,1.3647871168977002,6,0
66,44,1.2694803364542193,0.278998520227119,0.15929324644742943,1.4323636296496352,6,0
67,44,1.181879926231162,0.3919702135258839,0.17216615020187206,1.3895907614798155,6,0
68,47,1.2038945383219886,0.3650996190426962,0.17844970505310329,1.3895907614798155,6,0
69,46,1.1959669316269028,0.3934192680457983,0.2473688552054447,1.4396774273342496,6,0
70,48,1.179583768809772,0.41038294652606294,0.1546361925002293,1.4396774273342496,6,0
71,46,1.190387456158038,0.4326844119834442,0.17152064679952447,1.4976804996303918,6,0
72,48,1.2588515468184118,0.3753717570987668,0.23933817193527657,1.4976804996303918,6,0
73,45,1.228254178552784,0.42797442572581595,0.1953148257836081,1.4976804996303918,6,0
74,49,1.289868663010603,0.40321315753283604,0.2294961701243309,1.4983514469092538,6,0
75,47,1.353707168028758,0.35137019650208007,0.23197907948014931,1.5315509288960758,6,0
76,44,1.3031496117500967,0.42961960616840544,0.23715514225548537,1.5366803554766058,6,0
77,45,1.2772770901645363,0.4569435756281076,0.20791851539190992,1.5418218241772224,6,0
78,44,1.150205783083857,0.5414316990915365,0.2089909782514428,1.5418218241772224,6,0
79,47,1.0410180307763492,0.6030265016860844,0.13695263367096389,1.5418218241772224,6,0
80,47,1.0743808614135462,0.5847852832505429,0.09858603065745827,1.5418218241772224,6,0
81,46,1.083608514278056,0.6013396628395051,0.2180397493905161,1.5420411976320954,6,0
82,48,1.0787220915372493,0.5828547748310333,0.20227930272957212,1.5683737588769044,6,0
83,42,1.147294243907105,0.5782062890674174,0.1538569998131553,1.5683737588769044,6,0
84,45,1.087833824887111,0.6023095966618708,0.1376392435613208,1.5887063292031194,6,0
85,49,1.0954116083870904,0.6050648936399341,0.15329791479511182,1.5887063292031194,6,0
86,45,1.0880418581031188,0.6257707474763479,0.1305762068255788,1.5889704995248861,6,0
87,47,1.1982459519939839,0.575024683202193,0.1423827378811451,1.5890492245875152,6,0
88,47,1.2341033060336686,0.5727509855033559,0.16487522298779805,1.5901933713932896,6,0
89,46,1.1656169606335718,0.6109970497626909,0.1387520041814267,1.5901933713932896,6,0
90,46,1.1510301576128752,0.6084120952350405,0.132718311418025,1.590349001358204,6,0
91,47,1.165474202026857,0.6081048936676579,0.13131540310353954,1.590349001358204,6,0
92,48,1.218477464309572,0.5899474779311673,0.1087410447003137,1.5903970707480355,6,0
93,47,1.0763197755163894,0.631138782997173,0.14027597980690545,1.6201829143400435,6,0
94,47,1.1080189783904582,0.640217674774884,0.09080043129130017,1.6201829143400435,6,0
95,47,1.1802522666155644,0.6035539583960575,0.13246822469417494,1.6201829143400435,6,0
96,45,1.0529921272571345,0.6589214426178281,0.13174529796102305,1.6255205876074859,6,0
97,45,1.147132885587161,0.6264170867380265,0.12995718065452516,1.6255205876074859,6,0
98,44,1.3426449959384401,0.5312356820190413,0.11477348482217785,1.648024646039258,6,0
99,48,1.4320624536572881,0.4439855124084043,0.17631036362450747,1.648024646039258,6,0
100,45,1.3326114666528601,0.5465412660102237,0.15162801732815254,1.6711310097359877,6,0
