gen,nevals,avg,stddev,min,max,run,representation
0,50,-1.0099999999999998,0.0,-1.0099999999999998,-1.0099999999999998,5,4
1,44,-0.8505333333330778,0.36538403541173065,-1.0099999999999998,-0.013333333331737479,5,4
2,45,-0.372233333933969,0.4785338262901753,-1.0150000000428947,-0.013333333331737479,5,4
3,48,-0.1335333313496521,0.32550314090682503,-1.0150000241803767,-0.013333107822226185,5,4
4,46,-0.19343332852691844,0.3844019056554829,-1.0150000001901438,-0.013333107822226185,5,4
5,46,-0.13343332373394012,0.32523298573003023,-1.0150000675407074,-0.013333107822226185,5,4
6,45,-0.13343331263000913,0.32523299584011234,-1.0150001410360496,-0.0133330980659299,5,4
7,45,-0.13353329503843828,0.3255031490740494,-1.0150000001901438,-0.0133330980659299,5,4
8,44,-0.1534294902842719,0.3473331993996254,-1.0150000824950733,-0.011479091604286697,5,4
9,48,-0.1326167927400553,0.3258791988651712,-1.0150000824950733,0.022087401271914067,5,4
10,46,-0.12855852922621497,0.3267644182087901,-1.0150000824950733,0.1300034150081577,5,4
11,43,-0.037874535289633394,0.20037818850973577,-1.0150000027882902,0.1373726808693439,5,4
12,47,-0.5029797771642663,1.0114414906641456,-3.016666559452214,0.24760276546902474,5,4
13,49,-0.014801979063861891,0.3941128063706639,-2.016000039975692,0.24760276546902474,5,4
14,48,0.026217468597472128,0.6260984452938658,-3.0166666670697606,0.40927846880140006,5,4
15,45,0.11462000758951552,0.4891480935467235,-3.0113650785228656,0.4093973809886334,5,4
16,44,-0.026418069027755765,1.028258016801412,-4.0171429416867355,0.4227431846308112,5,4
17,49,0.2844426308292395,0.2157584408588801,-1.0099999999999998,0.5123327338569802,5,4
18,47,0.30820162186871125,0.2327033892154242,-1.0012929534899406,0.5852259810833504,5,4
19,44,0.23648961975546073,0.7891445406989291,-5.0051102461116415,0.5852259810833504,5,4
20,48,0.34858413221029616,0.26153548306195246,-1.0150000241803767,0.6031572014611233,5,4
21,46,0.2947365330748861,0.3692627936192157,-1.0150000001901438,0.6867805141970799,5,4
22,48,0.3248941449104555,0.33426467988942554,-1.0150000465084035,0.7332543054925995,5,4
23,45,0.4140185401221839,0.17741760622771618,0.07061782512622014,0.7333290879984,5,4
24,44,0.5047805369885542,0.18623686478513893,0.16047834635763739,0.8018135592093024,5,4
25,46,0.41036431703884163,0.5407368301326781,-2.016000005517796,0.8320114903608965,5,4
26,48,0.49926291165772596,0.32050667296984175,-1.0150000029363764,0.8021753254816736,5,4
27,47,0.34633070572019475,0.6976897962461738,-4.017142852413591,0.8320114903608965,5,4
28,43,0.3661837717576426,0.9038518329408856,-5.017500082175207,0.8320114903608965,5,4
29,45,0.5727599276633322,0.23467258056842394,0.11390509113507667,0.8320114903608972,5,4
30,47,0.5087138506988955,0.39401486663337754,-1.0149999935574343,0.8320114903608972,5,4
31,45,0.48557375834477684,0.5713394508969665,-3.016666661034782,0.8996154603142953,5,4
32,47,0.26326646892902306,1.1337431341680262,-5.017500076397707,0.8996154603142953,5,4
33,45,0.335159942784771,0.9165753827734113,-4.01714283461876,0.8871434507831556,5,4
34,40,0.47048553511049285,0.8820561579118414,-5.017500076397707,0.8871434507831556,5,4
35,43,0.6066411724094071,0.2830849701575156,0.11264705753555831,0.9664062174135959,5,4
36,48,0.6267124645021339,0.2856190327259808,0.09373384758205285,0.9664062174135959,5,4
37,47,0.47372185932679706,0.510743339712308,-2.016000001211181,0.9664136350539048,5,4
38,46,0.4645997987709777,0.518384495479164,-2.0077203419835996,1.0411573278031563,5,4
39,46,0.5517418131852252,0.44713319923443673,-1.015000002628457,1.0411925186764295,5,4
40,48,0.4894525452468351,0.7934151613380518,-4.004157590083599,1.049510065835318,5,4
41,47,0.3903817492522421,0.9446130171954511,-5.017500036562252,1.0607109054970887,5,4
42,46,0.4577533251486961,1.0758045419481412,-6.017777756788439,1.0684724742279414,5,4
43,48,0.5551586182637014,0.8048589574091115,-4.017141949079444,1.0684724742279414,5,4
44,46,0.6838999031428231,0.350097755413306,0.14763124771797254,1.0771810409105407,5,4
45,49,0.39358409752749507,1.1797774780075805,-5.017499996960145,1.0692262824629832,5,4
46,47,-0.04344230882170406,1.9424198006568267,-5.017500011575809,1.0692262470150011,5,4
47,46,0.6530785755306979,0.4836663399475697,-1.0150000013933569,1.118911170327954,5,4
48,45,0.5199420268644268,1.032284957346197,-6.0177777139883775,1.1236504464552355,5,4
49,47,0.5390908547239693,1.2484996716823065,-5.01750006710543,1.173950447076612,5,4
50,49,0.3965494888369762,1.2901029102007406,-5.017500068339945,1.1739504470766133,5,4
51,44,0.4080475525360761,1.1957152509869504,-5.017499968897091,1.1771426652456634,5,4
52,41,0.5122903511687663,1.0853069561226585,-4.017142856622249,1.1771426652456642,5,4
53,47,0.553034660392354,0.9810555036007441,-5.017499969300716,1.2028256542770879,5,4
54,44,0.7106571395967275,0.9149006612455544,-5.017499966892605,1.2211961835510878,5,4
55,49,0.6342616859280608,1.23864854170516,-5.01749997303025,1.2211984456885034,5,4
56,46,0.8602401301539898,0.5664805179044917,-2.0159999700986897,1.2495121089732977,5,4
57,48,0.7573459470870731,0.840075286707019,-4.0171428512161675,1.2495121089732977,5,4
58,47,0.5769860975150175,1.2718362974622095,-6.017777818444482,1.2555021370402948,5,4
59,46,0.5373201810779541,1.2321331526419497,-5.017499992295372,1.2555021370402948,5,4
60,47,0.3671035078823019,1.6813437524567891,-6.017777776657027,1.2839189314549084,5,4
61,45,0.8484526339919654,0.9286150781072653,-5.0174999807758995,1.2839189314549084,5,4
62,43,0.8212842155561104,1.0785071488926332,-5.0174999938600084,1.3042128845684122,5,4
63,47,0.5450493023102895,1.5870503177564272,-6.017777779112484,1.3052324744182424,5,4
64,42,0.7987229817119578,1.0825904069033356,-5.017499995054867,1.3052324744182424,5,4
65,48,0.757571887532276,1.1857358954928274,-5.017499994877467,1.3106119998217984,5,4
66,48,0.8725836432061145,0.9662105390593765,-5.017499992197404,1.3212527456549572,5,4
67,43,0.926539198656404,1.0023323762743805,-5.0175000216754295,1.3212527456549572,5,4
68,47,0.6960455862810231,1.444182596140068,-6.017777759045586,1.3802769458471986,5,4
69,49,0.7762574184549652,1.2971660377858887,-6.017777789659579,1.3802769458472024,5,4
70,43,0.8727767712672551,1.0015171461974248,-5.0175000176705264,1.4645715505548436,5,4
71,49,0.7686448558566945,0.9533827153286025,-3.0166666661792885,1.4813728374111241,5,4
72,44,0.8933384228520079,1.229505670739524,-6.017777768346971,1.489792723830206,5,4
73,48,1.0923724677738762,0.5048768879032914,0.06607930620266621,1.4955150286449148,5,4
74,48,0.7741166523826926,1.5061423571829389,-6.017777793388076,1.4955150286449148,5,4
75,44,0.9859755079054273,0.8736547008061312,-4.0171428377272385,1.519188248058404,5,4
76,47,1.0503729901185792,0.6861990339480387,-2.0159999948836775,1.519188248058404,5,4
77,49,0.6851935793662166,0.9457873620357159,-3.0166666570407386,1.524423875068843,5,4
78,40,1.0902266005061565,0.5471598539309726,-0.013333333335673245,1.5303382786516868,5,4
79,44,1.1832655028435513,0.5524170614691007,-1.0099999999999998,1.5303382786516868,5,4
80,46,0.9844189188964337,0.7939384558161343,-3.0166666587395126,1.5303382786516868,5,4
81,49,0.8581240899014498,0.9569839025521301,-3.0166666550705417,1.6036877999015167,5,4
82,44,0.7108937792918124,1.2912426133235972,-5.017500022094201,1.604960825348244,5,4
83,42,1.0786038398652706,0.6836035813825379,-1.0150000085473188,1.604960825348248,5,4
84,49,0.6281160571683898,1.251110378985098,-5.017499986991157,1.604960825348248,5,4
85,46,1.1993062009641355,0.6331784080372507,-2.0160000055689555,1.6051217969163065,5,4
86,42,0.6945635952946779,1.812896768389998,-7.018000014631837,1.6051217969163065,5,4
87,47,1.156413275691444,0.5493830371951741,0.1823594452765633,1.6052055212163794,5,4
88,47,0.8766682839386484,1.2254856521538857,-6.017777776763242,1.6052287733137807,5,4
89,43,0.9713648199401617,1.4220450787436503,-5.017500024667496,1.7072090773103645,5,4
90,45,0.7765047407355082,1.6702039050732687,-6.017777768021035,1.7072090773103645,5,4
91,43,0.8395218281422965,1.5724388410921761,-6.017777768021035,1.7072090773103645,5,4
92,46,0.8125710393667823,1.1482341065413182,-5.017499988838995,1.7072079447615627,5,4
93,48,1.1806760755803245,0.6497902514065813,-1.014999998605156,1.7278559293809332,5,4
94,46,1.12469930640225,1.4091493892692997,-8.018181845329602,1.727866388415793,5,4
95,47,1.0710918247497754,1.4291365604516586,-8.018181772916572,1.8726858006826372,5,4
96,46,1.1458016101243929,1.2002734937703468,-5.0175000669210315,1.874477396846916,5,4
97,44,1.185322701111445,0.8987318261282878,-3.0166666689239223,1.8750551593081075,5,4
98,48,1.4798280940354527,0.6285022075867187,-1.0150000101189862,1.8759322738241448,5,4
99,46,1.4866433559942884,0.6037695607311118,0.26327503417813436,1.8995080687275887,5,4
100,46,1.2023711123593088,0.8092584455913858,-2.0159999958917396,1.9709469323025215,5,4
