gen,nevals,avg,stddev,min,max,run,representation
0,50,-1.0099999999999998,0.0,-1.0099999999999998,-1.0099999999999998,2,1
1,46,-0.8903999999998083,0.3238783310653388,-1.0099999999999998,-0.013333333331737479,2,1
2,45,-0.6121333340363063,0.4889211516238604,-1.0150000000428947,-0.013333318611476526,2,1
3,46,-0.25323332932567466,0.42690688906700536,-1.0150000000428947,-0.013333250652603693,2,1
4,47,-0.31323332889009914,0.458106782517632,-1.0150000000428947,-0.013333318611476526,2,1
5,44,-0.2331999931651744,0.41399689352515995,-1.0149999997469918,-0.013333318611476526,2,1
6,46,-0.2732666577980956,0.43852353161608354,-1.015000024143896,-0.013333307716814072,2,1
7,47,-0.3925666606446109,0.4844090597966369,-1.0150000001122885,-0.013333307716814072,2,1
8,47,-0.25323332346964433,0.42690688879155475,-1.015000000198135,-0.013333307716814072,2,1
9,47,-0.353499990240789,0.4739425972383405,-1.015000000012193,-0.013333307716814072,2,1
10,46,-0.33286665806542537,0.4657978914609291,-1.0150000137246111,-0.013333307716814072,2,1
11,43,-0.293099987880646,0.4486266761134091,-1.01500000551246,-0.013333307716814072,2,1
12,42,-0.27345332313878357,0.4823748640132728,-2.016000010274505,-0.013333307716814072,2,1
13,45,-0.3327666544869803,0.4656519505797291,-1.0150000001892823,-0.013333307716814072,2,1
14,47,-0.21306665527925348,0.39946817239136,-1.0150000001122885,-0.013333307716814072,2,1
15,46,-0.29269998700751354,0.44798461457224975,-1.0149999803170695,-0.013333307716814072,2,1
16,44,-0.23339998721433447,0.41437314976948764,-1.014999996902445,-0.013333307716814072,2,1
17,46,-0.27286665725714576,0.43784853734232304,-1.0150000139901807,-0.013333307716814072,2,1
18,48,-0.2133666564040135,0.4000679790033835,-1.0150000001892823,-0.013333307716814072,2,1
19,46,-0.23349998802626246,0.4145611148493076,-1.0150000001122885,-0.013333307716814072,2,1
20,44,-0.35328665468134246,0.5142441473052928,-2.015999996038403,-0.013333307716814072,2,1
21,48,-0.2731666550884575,0.4383549126005961,-1.015000000012193,-0.013333307716814072,2,1
22,46,-0.3327205453000653,0.46699150137591966,-1.0150000001892823,0.018971863646905503,2,1
23,47,-0.3077301289435214,0.5035680920624984,-2.016000009999924,0.034986992371432206,2,1
24,47,-0.1517779907417385,0.3777918908319503,-1.0150000106469248,0.11649746890485381,2,1
25,50,-0.22323142024654127,0.7066631178651792,-3.0166666661492445,0.11670136421206875,2,1
26,42,-0.2767797120024758,0.8484623841649052,-3.016666642278651,0.1336146096163954,2,1
27,41,-0.4037828071347954,1.17267215763392,-4.010860160050705,0.17313582932558128,2,1
28,49,0.0748153589592169,0.16318591807054,-1.0150000126243472,0.22771080433274454,2,1
29,45,-0.15876102793885252,1.183259174126237,-6.00912994625237,0.261938527759745,2,1
30,42,-0.09220124084460567,0.945465183270288,-4.00214492760231,0.33444899570912123,2,1
31,48,-0.017790561550762723,1.1422859865381076,-7.0162687749876955,0.369420317162668,2,1
32,50,0.012246823659585883,1.026398639345511,-6.017777780723017,0.4054618710436299,2,1
33,45,0.20506418074400007,0.4646481345186179,-2.0160000322175966,0.48930776987115276,2,1
34,46,-0.015056992659841123,0.9884791748547282,-4.017142855694686,0.5024609514389996,2,1
35,45,0.14061407267273626,0.7588474928268916,-3.0166666672701865,0.5885465165689442,2,1
36,47,0.3079007780525244,0.5934303188847966,-3.0009379262022207,0.6608608391663587,2,1
37,45,0.2572928715489829,0.4955330072703778,-2.015999998609968,0.6604359180883054,2,1
38,47,0.335356736917138,0.4309289509725563,-2.0159999944591274,0.6769358615305097,2,1
39,46,0.19430400571680578,0.7893745843295937,-4.0171428602995585,0.719609629730136,2,1
40,45,0.33142494220968693,0.40893704732119046,-1.0150000073902918,0.7203743428149871,2,1
41,45,0.2991648299867322,0.6332561344440447,-2.016000002433072,0.7203743428149871,2,1
42,50,0.3747435070802133,0.43858544470945543,-1.0150000073902918,0.7249473524637948,2,1
43,47,0.4272077741397119,0.4361060952161652,-1.0150000073902918,0.7249473524637948,2,1
44,45,0.47614542750479205,0.34360397363970135,-1.0149999993355638,0.7356448412382867,2,1
45,42,0.43935892441268587,0.4422967479034709,-1.015000002892418,0.7356448412382867,2,1
46,47,0.2777173025174626,0.6142305852220886,-2.0159999690085386,0.7731560294274528,2,1
47,45,0.36640786042621637,0.5657113540195613,-2.015999996549524,0.7930417996760478,2,1
48,42,0.4007139781466648,0.4590954429418707,-1.0150000073902918,0.7930417996760488,2,1
49,47,0.331249278282484,0.5987435602310006,-2.0160000002738925,0.8057754131543753,2,1
50,48,0.38304207968553017,0.6117410400339091,-2.0160000005278476,0.8060093600782351,2,1
51,44,0.4422627305654292,0.47441127025904944,-1.0150000281074916,0.821153509448286,2,1
52,46,0.4341853375196796,0.4248045921113015,-1.0150000073902918,0.8211797946795355,2,1
53,46,0.42659123509425667,0.5503610195592691,-2.0160000061943744,0.8211797946795355,2,1
54,47,0.5417263312680359,0.4271045473684397,-1.0149999988208507,0.8336981087886157,2,1
55,43,0.4043293304549189,0.4554513822938522,-1.0150000002485096,0.8348509183458341,2,1
56,44,0.5832571706388598,0.4692426076251621,-2.016000003295955,0.8440696809259806,2,1
57,50,0.43214900786322535,0.6616488352102735,-3.0166666659930006,0.8440696809259806,2,1
58,46,0.5472688754666037,0.4281153366610753,-1.0150000021582417,0.8440696809259806,2,1
59,44,0.49908635290760456,0.6245517059449655,-2.0159999984016177,0.8544031795148387,2,1
60,41,0.555407103196858,0.5195639428370827,-2.015999993407721,0.8544835630725923,2,1
61,45,0.35763998982064543,0.6799468884128516,-2.0160000177074258,0.8562289290285781,2,1
62,47,0.5268363950562651,0.4794560026856952,-1.0150000031949582,0.8599777594801886,2,1
63,47,0.25435234203722934,0.7438017932737222,-2.0159999989609623,0.8599777594801886,2,1
64,46,0.39157959311532,0.6521035041436103,-2.0159999987008503,0.9568414614364914,2,1
65,46,0.5352493874101093,0.7020861128729334,-3.0166666889472826,0.9650659963895523,2,1
66,46,0.20533172341068234,0.9920898709243972,-3.0166666658823376,0.9731726851803578,2,1
67,46,0.5324821651458713,0.7424754811009653,-3.016666679905696,0.9805123065114952,2,1
68,47,0.40628669181077437,0.8638816459290953,-3.0166666961955038,0.9808871859999457,2,1
69,48,0.2608557117341565,1.213479615633105,-4.015690387365456,0.9808871859999457,2,1
70,47,0.46350066348754815,0.8658360223513271,-3.0166666384816114,1.0140110764089003,2,1
71,47,0.5277041949340809,0.8346646628627892,-3.0166666667524384,1.038169582753724,2,1
72,48,0.5474743374328012,0.6327051793547839,-2.016000021100399,1.014541819156545,2,1
73,48,0.34631650908243694,0.9919206826344076,-3.0166666667059756,1.0331473191724267,2,1
74,45,0.22969924120313354,1.143581267820352,-3.0166666893037735,1.0331473191724267,2,1
75,45,0.7704415092933989,0.32827418976111145,0.10645055626128498,1.033147319172425,2,1
76,46,0.4273416438222747,1.1394291299819568,-3.016666683885691,1.0331473191724267,2,1
77,45,0.6428674126489032,0.6379845383110153,-2.0159999997081366,1.0345556178517545,2,1
78,46,0.7610099113593514,0.4968343204142629,-2.015999999237269,1.0345556178517545,2,1
79,45,0.5426750718131069,0.732848249714237,-3.0166666659682018,1.0348518678401792,2,1
80,47,0.3386224298954729,1.174313391264519,-3.01666669408542,1.0348518678401792,2,1
81,47,0.3839712077646489,0.9507025925189687,-2.0159999992429443,1.0348518678401792,2,1
82,45,0.6464535388574069,0.530456394701398,-2.015999991586009,1.0348518678401801,2,1
83,46,0.26532245348734224,1.095891346933747,-3.016666684902743,1.0348518678401801,2,1
84,49,0.6011990566993503,0.7413976818718924,-3.01666669427951,1.0348518678401801,2,1
85,50,0.43624158484088355,0.8853351372585163,-3.016666667025603,1.038699399000845,2,1
86,46,0.596774346223462,0.8264968666785389,-3.016666666222929,1.038699399000845,2,1
87,44,0.31480719771772536,1.0637001228278626,-3.0166666668215973,1.038699399000845,2,1
88,48,0.6231641791972831,0.4481298031652501,-1.0150000594014588,1.038699399000845,2,1
89,49,0.3416170862074797,1.018660585234339,-3.0166669730647193,1.0386993990008468,2,1
90,47,0.3105706578810526,0.9257052736309856,-2.016000001705662,1.0405629138647559,2,1
91,40,0.47296347235151825,0.8844099106729362,-3.016666667181393,1.04081465274714,2,1
92,47,0.3174732245771489,1.1175754229895811,-3.016666667158846,1.0408146527471385,2,1
93,44,0.5981987657976083,0.8540052473981242,-3.0166666670410303,1.04081465274714,2,1
94,49,0.35314323721342844,1.2529213820258311,-4.017142863942534,1.04081465274714,2,1
95,45,0.40644678047626975,1.02468067261232,-3.016666687147464,1.0415836087700983,2,1
96,49,0.4459008896993922,0.8050165809882791,-3.016666674259796,1.0415836087700985,2,1
97,45,0.31690459195766324,1.121094834998655,-3.0166666715622266,1.0415836087701,2,1
98,47,0.43531008741417226,0.9623214589583245,-3.016666693788704,1.0415836087701,2,1
99,45,0.48367774914845263,1.0961137598978201,-3.0166666765516275,1.0416917356192994,2,1
100,43,0.5100163006258909,1.0298331354836359,-3.0166666768541814,1.0439766847809442,2,1
