gen,nevals,avg,stddev,min,max,run,representation
0,50,-1.0099999999999998,0.0,-1.0099999999999998,-1.0099999999999998,3,0
1,47,-1.0103333436333377,0.44646871424000956,-2.01,-0.013333127638128604,3,0
2,47,-0.6895591747214382,0.546391566378815,-2.01,0.07370964450356143,3,0
3,44,-0.18657992633892104,0.3865565936076635,-1.0149996507036334,0.07189414393661353,3,0
4,47,-0.06363561524701775,0.34650268776198406,-2.0159998949722717,0.17282930930420373,3,0
5,45,0.03927493930753005,0.1588694390112878,-1.0099996951843375,0.18803807684882212,3,0
6,47,0.006778659261156606,0.30788480608458796,-1.0199999710576242,0.19900474806056526,3,0
7,43,0.139397011429615,0.07233943474236164,-0.013333362469458297,0.35384014912761297,3,0
8,46,0.19316952477894522,0.08598591453052895,-0.013333527313695488,0.35384014912761297,3,0
9,45,0.25079192909589226,0.08998975696505873,-0.01333340635519815,0.43929443707249893,3,0
10,46,0.288725140006385,0.08747898763669532,-0.01333333960634336,0.43929443707249893,3,0
11,48,0.2792164273228749,0.12318210966665506,-0.01999999999999945,0.43929443707249893,3,0
12,45,0.2973516246311988,0.2244175615691918,-1.01999999425149,0.4477492557828103,3,0
13,44,0.32777405789170144,0.1548240987356676,-0.013333411467653914,0.44777574030120143,3,0
14,46,0.3481662092801272,0.1289813651529181,-0.01999999999999945,0.44777574030120143,3,0
15,46,0.37174942204016115,0.13589403907713987,-0.01999999999999945,0.45558441474932526,3,0
16,46,0.36230199489787884,0.13601045957087232,-0.01999999999999945,0.48901470638753924,3,0
17,46,0.3775124899212406,0.10961114427739146,-0.013333340375115637,0.48901470638753924,3,0
18,47,0.3782163274656991,0.14200721742404143,-0.013333324837991614,0.5611755121798606,3,0
19,46,0.4419410595416586,0.0955079083899633,-0.01999999999999945,0.5611755121798606,3,0
20,45,0.4324607997084884,0.13194179324120103,0.018921603196782336,0.569604851937671,3,0
21,46,0.5023067337218309,0.09297861173707729,0.14125856946490092,0.5950461634550694,3,0
22,46,0.5104725735195834,0.10059804828513583,0.22916862073601965,0.6020679709504235,3,0
23,45,0.5112933535286657,0.11926453447396093,0.11304166272600796,0.6127943380442483,3,0
24,44,0.47762795754734017,0.16814977632897607,0.029022435145162517,0.6129256441403154,3,0
25,46,0.5119851186595926,0.15458156841962375,0.14781676702132354,0.6129256441403154,3,0
26,45,0.527874658147334,0.1334987940488214,0.10652418895890653,0.6436316947836346,3,0
27,43,0.5640744745320512,0.11216175187116162,0.18281690862535932,0.6691050199684937,3,0
28,46,0.4683152302651054,0.5255310835566104,-3.0025846510520395,0.7118307481536433,3,0
29,45,0.5163346419961824,0.19150458641867674,0.060645706259749355,0.7199904542473378,3,0
30,48,0.5047794955738312,0.21049450396546743,0.11807776074173032,0.8105062344893406,3,0
31,46,0.5556965944073444,0.19784964305135316,0.10710952150947613,0.8105062344893406,3,0
32,47,0.4040315862647381,0.953978986219139,-5.025000041433961,0.8154273159565322,3,0
33,49,0.6917675371012477,0.20431818803183724,0.17762487829254242,0.8191687757435643,3,0
34,48,0.6881843626954103,0.22867155358351582,0.1576651993159858,0.82662298708275,3,0
35,48,0.703549023506624,0.20617343473751346,0.17642232594543789,0.8437624837434867,3,0
36,47,0.7078118991321203,0.2051619227274927,0.2207737405128792,0.8514990130280392,3,0
37,45,0.721302313152037,0.2257385305984327,0.15047531090421867,0.8598393788027492,3,0
38,49,0.7210102032508081,0.23730178894232773,0.10832325856029511,0.8518994084985069,3,0
39,47,0.6473444652524251,0.275096517808828,0.10711194867187512,0.9245278635933614,3,0
40,46,0.6840590028944571,0.26421581854824877,0.15585932877193662,0.9245278635933614,3,0
41,44,0.7344115598812242,0.2501911853154778,0.1273603105609018,0.9302190845086161,3,0
42,47,0.7360447799716557,0.2820816158472549,0.12911220037945262,0.9439922952124483,3,0
43,50,0.6903604802905385,0.2994026384996822,0.20329485807873285,0.9542236758371768,3,0
44,45,0.7531075398020495,0.27929539832232997,0.255925558682093,0.9542439139866721,3,0
45,49,0.7204647725195642,0.30016048618355157,0.17336774475524364,0.9633050234741686,3,0
46,47,0.7764118500568716,0.274717050315927,0.20695580558881443,0.9729228292812341,3,0
47,46,0.7891110636680935,0.2674972765036771,0.2197912828698616,0.983739406318402,3,0
48,44,0.7446278590414984,0.3005304922272673,0.17336774475524364,0.983739406318402,3,0
49,46,0.7687995720165373,0.28976895325426677,0.1776815061534353,0.993664124687517,3,0
50,46,0.8273652214267164,0.27612558506754564,0.2577520381906131,0.9987333572125908,3,0
51,48,0.7781063578490326,0.29844967795328414,0.2710223859233845,0.9987333572125908,3,0
52,43,0.8666510409796152,0.24851523866214104,0.2597263145435542,0.9987333572125908,3,0
53,47,0.8263451541560609,0.27480701137471086,0.20807533891654448,1.0275332494860865,3,0
54,45,0.8906363331120281,0.24442770649364579,0.2350016130197902,1.1434443935680942,3,0
55,45,0.7984494604380025,0.30649441120508747,0.24241767126673117,1.143445961993189,3,0
56,49,0.8931120428341116,0.28912082944998074,0.23198157876949177,1.1438953612100238,3,0
57,44,0.8757990974137616,0.3487593728645512,0.2788383579923975,1.1580094418174651,3,0
58,44,0.8946920595740324,0.35486360986650956,0.2555696294440422,1.2119852100038664,3,0
59,43,0.8821750262172009,0.3599115806390459,0.2899110082287326,1.2121790520223739,3,0
60,46,0.9670216097955924,0.3691900930833009,0.17121310770729303,1.2121790520223739,3,0
61,48,0.9458393002398345,0.39272010490126913,0.21302021917884625,1.2121790520223739,3,0
62,46,0.9621023749250355,0.3935049026228426,0.215444898490483,1.2212529605430908,3,0
63,47,1.0186641410016344,0.36437095552265114,0.21222878402969744,1.2212529605430908,3,0
64,48,1.0245696502537642,0.3548274669689171,0.24907578514353737,1.2361011952451353,3,0
65,44,1.1247898624650021,0.2511069170776824,0.3128558426997489,1.242908862600426,3,0
66,49,0.9142271700807957,0.41698525852701074,0.2230573206968393,1.3038897999586931,3,0
67,45,0.9883117950983075,0.399600781258184,0.2151895950241296,1.3042535854651465,3,0
68,47,1.0403618361161082,0.3848288756066956,0.21291115567547514,1.3042708340188858,3,0
69,46,1.0417851999910355,0.41596993411027333,0.21687043886620605,1.3042708340188858,3,0
70,48,1.0129536811824889,0.44277431234424264,0.21133883923025756,1.3042727579955236,3,0
71,47,0.9475298655444613,0.4698197460311106,0.2052114636291165,1.3042727579955236,3,0
72,44,1.0810003543329234,0.39146709513081207,0.2730564256692163,1.3383906186306724,3,0
73,45,1.08203741037244,0.3976589614995851,0.2981007596283958,1.3456533811892715,3,0
74,44,1.0135583978357183,0.4535565526839579,0.20293998937730817,1.3456533811892715,3,0
75,49,1.017210972055202,0.44942088346389586,0.2096765066223402,1.3456533811892715,3,0
76,46,1.005693044395487,0.44306815614813466,0.26732213880699107,1.3575138752149725,3,0
77,48,1.0810874127193255,0.42351482818599717,0.26157921736079,1.3575138752149725,3,0
78,44,1.0307884183503588,0.45652986422785685,0.2334165312518842,1.3575138752149725,3,0
79,49,0.961059516116472,0.4824379892167931,0.2345154105113069,1.3573350282842196,3,0
80,46,1.0203532390018732,0.4591380253462893,0.18343764480290425,1.4684242796616804,3,0
81,43,1.0514359693939255,0.4648187444608787,0.21762641106478076,1.4715392499367204,3,0
82,50,1.0937512202765012,0.47013047746136866,0.22985680484763762,1.4715385685266429,3,0
83,47,1.1809054138728663,0.4375620747773817,0.24243691585004912,1.4754611245332854,3,0
84,49,1.0553825899335672,0.5224987572509234,0.17027310248084007,1.4723001335662627,3,0
85,50,1.099532300615577,0.5177890485346709,0.23317136274005815,1.4723001335662627,3,0
86,47,1.0371063567794676,0.553424831153481,0.23317136274005815,1.4723710590537271,3,0
87,44,1.1145274270878431,0.5256743442118635,0.2573299624042431,1.4723712655055543,3,0
88,48,1.076182259208335,0.5416834343100039,0.17484055770437942,1.4730854585233446,3,0
89,48,1.2081146350134955,0.4669230164765952,0.24305958043865775,1.4730854585233446,3,0
90,44,1.1864831964977645,0.5041325630678614,0.18754789829070762,1.473323729263905,3,0
91,44,1.1568901143773607,0.5200501460890598,0.16975372487904675,1.473323729263905,3,0
92,45,1.1843563713293053,0.4954614376997825,0.17511387320292257,1.475306248431455,3,0
93,48,1.1088968978163845,0.5384782476485837,0.1882786723589755,1.4781910885395566,3,0
94,47,1.1474150218608827,0.5051151194665964,0.2517926261177367,1.4781910885395566,3,0
95,46,1.1730409232073904,0.49469452182276874,0.18558562079526184,1.4805115236281436,3,0
96,45,1.1828453317058674,0.4973136623867745,0.18449211690538384,1.4805115236281436,3,0
97,42,1.244890000533564,0.4459129264736482,0.2087913068940213,1.4805115236281436,3,0
98,45,1.273270188310351,0.4232060370476743,0.16761457572670438,1.4805115236281436,3,0
99,43,1.1283010245111624,0.519227721520758,0.23280242141511304,1.4811032925964256,3,0
100,45,1.2913841809660593,0.41873140934801745,0.21572586726371373,1.482535148039632,3,0
