gen,nevals,avg,stddev,min,max,run,representation
0,50,-1.0099999999999998,0.0,-1.0099999999999998,-1.0099999999999998,4,1
1,44,-0.8305999999997123,0.38290682939909737,-1.0099999999999998,-0.013333333331737479,4,1
2,47,-0.5320000013471409,0.49832051126034704,-1.0150000000428947,-0.013333318611476526,4,1
3,45,-0.3929666653889195,0.48492052939473373,-1.0150000000428947,-0.013333318611476526,4,1
4,48,-0.2933999946941782,0.4491073816979338,-1.0150000012271903,-0.013333305921769522,4,1
5,42,-0.3329666598109208,0.46594376306423674,-1.0150000000428947,-0.01333327668156264,4,1
6,44,-0.3133066580887794,0.5386814769152054,-2.0160000083858236,-0.01333327668156264,4,1
7,46,-0.21306665764433558,0.3994681745311993,-1.0150000241803767,-0.013333264460719634,4,1
8,46,-0.29289998710857895,0.448305815094219,-1.0150001969132367,-0.013333264460719634,4,1
9,45,-0.25313331284286594,0.4267289942207225,-1.0150000124476408,-0.013333264460719634,4,1
10,43,-0.27296663452199743,0.43801742590545206,-1.014999990199298,-0.013333264460719634,4,1
11,46,-0.21211527187968582,0.4002612398869987,-1.0150000121712757,0.03923471320246392,4,1
12,48,-0.22993832322561444,0.4620093723214625,-2.016000009999924,0.03923471320246392,4,1
13,47,-0.2694930467511355,0.48426720128121886,-2.015999996779314,0.04409488738301164,4,1
14,49,-0.20406176012616722,0.404412039139986,-1.0150000102447077,0.03970453155251277,4,1
15,47,-0.2521014919633907,0.5678077965423538,-3.0050080341400704,0.09664988455272351,4,1
16,44,-0.11823425014113505,0.3619831201130451,-1.0150001574625096,0.07533352334929,4,1
17,45,-0.07970663097377922,0.34686347820990737,-1.015000234411572,0.17664508254471162,4,1
18,46,-0.14098397824362416,0.6259815245356938,-3.016666690868575,0.17664508254471162,4,1
19,43,0.06005542129882951,0.16197737321652234,-1.0129533888796596,0.20623193054340572,4,1
20,46,0.07389906553680252,0.3053466551608148,-2.0160000002603953,0.30415390790924424,4,1
21,46,0.09233950158616444,0.1726559681382064,-1.0149971283536996,0.2833907985026176,4,1
22,46,0.04643266272831464,0.7253231309944904,-5.001952332952565,0.3143388154993738,4,1
23,48,-0.0032430367878323184,0.8238998867269051,-4.017142866874394,0.3143388154993738,4,1
24,44,0.03526391518913342,0.6291708071593043,-3.0166666665154214,0.32297322468112255,4,1
25,48,0.17315246735555806,0.0886886258136887,0.006452861072399109,0.29083864860948827,4,1
26,46,-0.13539107126646482,1.352240805499878,-7.000125660052826,0.29083864860948827,4,1
27,44,0.07644524195148673,0.7337213575009627,-5.017499999797755,0.2908386486094883,4,1
28,46,-0.43492353093946456,1.934661656666634,-8.013851944903735,0.2971645329474873,4,1
29,46,-0.2456270947008884,1.5657478780362497,-8.01818181756687,0.314338815499373,4,1
30,45,-0.063509490513051,1.3245034989514606,-7.018000003987793,0.32351043344659736,4,1
31,45,0.22781263456675624,0.09442242030469003,0.020626371801099753,0.3701104873951154,4,1
32,47,-0.021918999574038863,1.2271787460084487,-6.017777778390021,0.41430585521815044,4,1
33,47,0.23502841850199477,0.09729960419359106,0.010256645418688854,0.4143058552181504,4,1
34,41,0.14199565424820768,0.8857365607682239,-6.01176870125099,0.43776471953301443,4,1
35,45,0.16441858242830348,0.8916462740570944,-6.017777777897639,0.5718062575884052,4,1
36,47,0.14807271120862311,1.0308951264795425,-7.004576272086103,0.5683691965747525,4,1
37,43,0.3261170883795473,0.14993292018777002,0.0002593444609811662,0.5705508379795344,4,1
38,44,0.35146960908255187,0.18010670200268905,0.00025934446098094304,0.6131127438451326,4,1
39,48,-0.014908870551641246,1.6224982178687273,-7.001656839325136,0.6859208326661403,4,1
40,46,-0.09314690155530107,1.8432740260393103,-8.006054562006632,0.6859208326661408,4,1
41,48,0.23918915389765236,1.0495324235681653,-7.008795256279623,0.6063712355951687,4,1
42,44,0.15259564643725912,1.3308429610481134,-8.0065255476503,0.6515113061481396,4,1
43,44,0.44757420630672,0.18899834936298962,2.8272688981404694e-05,0.6515113061481396,4,1
44,44,-0.04311369676755522,1.8578548880587868,-8.002840668634416,0.7513512302169475,4,1
45,47,0.4282397394226216,0.1981202004840499,0.03785916226785237,0.7513512302169475,4,1
46,45,0.3034562180813729,1.062391313810934,-7.000313563018735,0.7513761309082768,4,1
47,44,0.47161018933808047,0.20737913325291907,0.01927844453764265,0.8202097516867655,4,1
48,44,0.4028658238357693,0.24470775130855935,0.0021187654388031096,0.838138605154102,4,1
49,46,0.4290934128275123,0.20583341481821368,0.011781169431508656,0.7516678405413977,4,1
50,46,0.34851214716908513,0.8013385179731701,-5.000238773385206,0.8202419144097188,4,1
51,47,0.419801937894389,0.25538583850529695,0.0002662425552237169,0.8202419144097188,4,1
52,47,0.36729012807632516,0.6777344900807787,-4.016566742162717,0.8999513450610804,4,1
53,45,0.38515101271970126,0.819045812174378,-5.000123755749672,0.9378618710857703,4,1
54,44,0.5134387603185794,0.2897103209761729,0.0012000735993959164,0.9378618710857703,4,1
55,43,0.5595362015169658,0.32198748916333675,0.0022224212709946057,0.9558366032431053,4,1
56,47,0.5270613392077893,0.31979333093946444,0.004295476533293768,0.9550821331059837,4,1
57,48,0.5800727430347947,0.2588777298031857,0.0033547417561888187,0.9378670632583961,4,1
58,45,0.5132409771838325,0.3141476427840028,0.0035408740905171127,0.9550821331059837,4,1
59,45,0.60348494014911,0.27512405205411594,0.02885539210291005,0.9558366032431043,4,1
60,46,0.5763715784884048,0.2977063988998996,0.023555726229746447,0.9650882110776449,4,1
61,45,0.6234112224306582,0.319952494684898,0.0038293388002751273,0.9798668592043119,4,1
62,46,0.6241287403786661,0.28440263920471026,0.05907396080615554,0.9914645739802972,4,1
63,47,0.5502665972611142,0.2886890837572553,0.07901687280768918,0.9856402800004683,4,1
64,45,0.5810414562319157,0.29133970342369797,0.05005837213073892,0.9856402800004683,4,1
65,47,0.5713703133118702,0.2614823497699025,0.0911701401431293,0.9856402800004683,4,1
66,44,0.6466659464640923,0.2694574660029361,0.07658034490483433,0.9913782935701438,4,1
67,46,0.5925849781489638,0.286810729065497,0.09161938367167448,0.9913782935701438,4,1
68,47,0.5758043531192193,0.30830071614992294,0.011242199816577803,0.9913782935701438,4,1
69,47,0.5459125271012534,0.32876339904846397,0.042080814523209074,1.0049765407788176,4,1
70,48,0.6411760793986828,0.31174119855015003,0.01426574837931137,0.992349569380172,4,1
71,47,0.6754377971841251,0.2992893537023099,0.008295251382422006,0.9997152457970736,4,1
72,46,0.6471448888112551,0.32838885866797696,0.02426911886436309,0.9997152457970736,4,1
73,44,0.6832379635111923,0.2546297192074753,0.08694364113918382,1.0009974060601203,4,1
74,49,0.5931805914540541,0.2999121776901923,0.03834867795816191,1.1241293100001768,4,1
75,47,0.6334315638589222,0.34682157632113864,0.020311287329282977,1.1241293100001768,4,1
76,45,0.6160848273487244,0.3428873841291925,0.023845278876495703,1.1241293100001768,4,1
77,47,0.6057777208040314,0.8443019334591454,-5.0175000000025936,1.045247888355109,4,1
78,48,0.6524958074458125,0.28957003470383497,0.053069795472549995,1.0764084294755303,4,1
79,45,0.516006868677221,0.9841390019451983,-6.017777778120435,1.0764084294755303,4,1
80,42,0.6577582022295675,0.3251047970107022,0.02093988931853461,1.0764084294755303,4,1
81,44,0.6547262443098263,0.32338473106725346,0.02601294657444423,1.059531318627667,4,1
82,47,0.6506097413143895,0.32404805048329227,0.06159151359963621,1.059531318627667,4,1
83,42,0.6742831416788552,0.31732109757439264,0.037128201505193664,1.059531318627667,4,1
84,46,0.6972644523803655,0.28673745204657003,0.12968689291986374,1.059531318627667,4,1
85,47,0.7457289389581977,0.28639390603877624,0.013687885665156878,1.059531318627667,4,1
86,43,0.6545933367797164,0.3350248665885388,0.021103393846135163,1.0782767004287033,4,1
87,46,0.8298951394458716,0.2830619899773053,0.11637096611029035,1.088098470080748,4,1
88,46,0.7490883664760563,0.3136605264021225,0.11082197036494897,1.0840915598643444,4,1
89,48,0.6452893684424158,0.3124752139288422,0.015559614218870468,1.108942017751995,4,1
90,45,0.7732336651440579,0.30522777415649066,0.10856258446666539,1.108942017751995,4,1
91,43,0.7348883200211155,0.31767426979561997,0.019479302514836004,1.111116948142092,4,1
92,47,0.7814166876107863,0.3083361079675283,0.11081268245349149,1.1106341060911002,4,1
93,46,0.6655645027148727,0.3118011198685532,0.11418921800307918,1.1379738838324565,4,1
94,44,0.835413817449719,0.29415308168349846,0.11832259490909562,1.1417365725836677,4,1
95,43,0.7652745833222256,0.3700781240167791,0.11285054813869574,1.1417365725836677,4,1
96,46,0.7773796183041192,0.350564549467452,0.08269446762015524,1.1379738838324565,4,1
97,50,0.7341318926860555,0.32739321212968414,0.13397371510788536,1.137974400265064,4,1
98,47,0.8016361550760291,0.31736902203306494,0.029439365882457356,1.1389013850678735,4,1
99,45,0.7612305855520927,0.3541894684576209,0.029285280358505663,1.137974400265064,4,1
100,45,0.8271012374889439,0.29353814020700014,0.08173270630140066,1.137974400265064,4,1
