gen,nevals,avg,stddev,min,max,run,representation
0,50,-1.0099999999999998,0.0,-1.0099999999999998,-1.0099999999999998,3,1
1,46,-0.7707999999996167,0.42565951964832976,-1.0099999999999998,-0.013333333331737479,3,1
2,47,-0.312733333106995,0.45734265798094165,-1.0150000000428947,-0.013333318611476526,3,1
3,45,-0.31331999434393715,0.5000896918129303,-2.015999999972458,-0.013333318611476526,3,1
4,48,-0.29299998717000586,0.4484662811900316,-1.0150000000428947,-0.013333009223351107,3,1
5,47,-0.17319997686926428,0.3663019240198887,-1.015000001529622,-0.01333300892692139,3,1
6,44,-0.1926859360970585,0.3847873735965565,-1.0150000000428947,0.024033057972753374,3,1
7,47,-0.19183858294712228,0.38495790300958915,-1.0150000033071358,0.024033057972753374,3,1
8,48,-0.20932411291992295,0.40209932186771274,-1.0150000001892823,0.07169464145606733,3,1
9,45,-0.31759836628843136,0.5552331475175591,-2.0160000083858236,0.09870677838936551,3,1
10,44,-0.3344120600054281,0.6485972439883084,-2.015999998617882,0.14218438951765305,3,1
11,47,-0.5320003301609915,0.9790768581990497,-3.016666668395676,0.14831185131177582,3,1
12,47,-0.33660411132503987,0.943607868028018,-3.016666662980142,0.1869680126546034,3,1
13,49,-0.4326564342577543,0.9044790402888672,-3.016666662980142,0.23307821033466444,3,1
14,46,-0.2906044061746591,0.8493370767376246,-3.0166666626995613,0.23456526293579433,3,1
15,47,-0.4249158987013669,1.16442385937802,-4.010748017824949,0.2523293401076611,3,1
16,43,-0.3981768743650299,1.4107477659091414,-5.017500002559712,0.3076984359648081,3,1
17,47,-0.5115711512533809,1.5015606898968208,-5.0174999991723555,0.3375621377145556,3,1
18,48,-0.42775821120107343,1.5333986624682823,-5.0174999939802145,0.3494925695193623,3,1
19,45,-0.5962936794487818,1.8505482063153464,-7.018000001490201,0.3666448597685488,3,1
20,44,-0.12407891869638715,1.3673289290634048,-7.01799999931829,0.4134098132107676,3,1
21,45,0.0930234393422029,0.8168195303307527,-4.017142856808975,0.4673326453045388,3,1
22,48,-0.03797323873969677,1.06481876042277,-5.017500002415954,0.5087184889766124,3,1
23,44,0.057140784892568276,1.3824810064132858,-8.018181818371824,0.5087184889766124,3,1
24,44,0.03887184335864724,1.0555579611629617,-5.017500001300828,0.5193940802856599,3,1
25,44,-0.009645762993694098,1.1914708083093701,-4.017142860355676,0.5322770550746052,3,1
26,47,0.16923805476972753,0.8957300787367111,-6.003615459183051,0.5322770550746052,3,1
27,42,-0.08256086109293997,1.2889423590346367,-4.017142858561584,0.6699850874140006,3,1
28,50,-0.2968204233021622,1.7160050633718444,-6.017777778238986,0.5613637640614233,3,1
29,47,-0.20543298514708938,1.6444679676363037,-6.017777778546857,0.5613338511319065,3,1
30,45,0.00488188188873662,1.2754831142340473,-5.017500000657507,0.5613338511319065,3,1
31,45,0.2939010676494804,0.7770750058154633,-5.017499996231875,0.5948829730032392,3,1
32,44,0.25541891219740853,0.9117683354243034,-6.017777778153756,0.5948829730032392,3,1
33,48,-0.1482535730417775,1.737389153889821,-6.0177777776157,0.704609116215043,3,1
34,45,0.1821120481929647,1.1763442660490682,-6.017777780143394,0.6248002717207435,3,1
35,48,0.1833890424264652,1.289762111825682,-7.013353392738774,0.6291222005863241,3,1
36,43,0.31827340193931913,0.7802567854275502,-5.017500001082347,0.6291222005863241,3,1
37,45,0.38320813716798746,0.7828407795139852,-5.017499999319408,0.724270536996838,3,1
38,50,-0.16526741962868244,1.7883548048154776,-7.018000000632236,0.7242705369968391,3,1
39,47,-0.08206562779892147,1.6535119661210378,-5.017500002595906,0.7242705369968391,3,1
40,45,0.40680039956677966,0.9319827851391449,-6.017777777580575,0.7775916917948129,3,1
41,47,0.5151071095757084,0.19226011260923787,0.1401355223126124,0.7785212133722044,3,1
42,44,0.3679999561146881,1.0772517594430615,-7.017999999629457,0.7785212133722059,3,1
43,44,0.13795824857793346,1.24698885350881,-5.01749999968555,0.8055158848617916,3,1
44,43,0.39558912154106657,0.8112666301187547,-5.0175000015504585,0.8055158848617916,3,1
45,44,0.3222995629840247,1.3119125277328847,-6.017777777956156,0.8714381987862339,3,1
46,45,0.4575637828158503,0.8195073024125854,-5.0175000008010375,0.8714381987862339,3,1
47,48,0.03264859075934631,1.7409360603528754,-7.018000000226097,0.9428859486438134,3,1
48,47,0.4689562832893829,0.8131408032901934,-5.017500001630371,0.8714381987862322,3,1
49,45,0.43918227585854297,0.9539231875605791,-6.01777777772678,0.8714381987862322,3,1
50,44,0.2701299363734876,1.2791063372993008,-5.017500000693202,0.8714381987862322,3,1
51,46,0.30041281754184135,1.2212520906966682,-6.017777778065785,0.8757025481085162,3,1
52,47,0.3501123981320473,1.2561933445522135,-7.01800000227625,0.880248801256146,3,1
53,46,0.44291681558844476,1.0922738409235753,-7.006225313235334,0.8801548753626188,3,1
54,47,0.2195655781856248,1.4355781350724681,-6.017777778080654,0.8802488012561464,3,1
55,47,0.4769293394551668,0.9601509317419731,-6.017777777952617,0.8801316506384451,3,1
56,49,0.24681860968765215,1.3089752924433737,-6.017777778016592,0.9033940923723285,3,1
57,49,0.2690635661822914,1.601861235872086,-6.017777777695044,0.9047670968451331,3,1
58,46,0.4623196907469187,0.9609332483963214,-6.017777777689811,0.9157359103856223,3,1
59,46,0.6852184269382932,0.23428728730630613,0.007142251986070639,0.9047670968451331,3,1
60,50,0.5771425025799058,0.2952774521513928,0.0016947709153227006,0.9157359103856223,3,1
61,43,0.22529775759686652,1.4541052140761748,-6.01777777781184,0.9103791105265758,3,1
62,45,0.5555978518499666,0.2951691402072844,0.004656612013769914,0.9103791105265758,3,1
63,46,0.25893542545278153,1.2223136894445072,-6.017777780327969,0.9193346208537965,3,1
64,45,0.34528166299824825,1.2269941986516466,-6.0027296549308495,0.9157359103856223,3,1
65,44,0.24718213506656914,1.5222172905091795,-8.006080729203562,0.965796740303654,3,1
66,44,-0.0038951996016277635,1.8860307682374622,-7.018000000163768,0.9697082297356252,3,1
67,48,0.261443502701416,1.3078222224741005,-6.002225231937143,0.9697082297356252,3,1
68,47,0.392429227872238,1.1441360457427818,-5.017499998838739,0.9697082297356252,3,1
69,47,0.5478734612812357,0.30587052888849914,0.010969204074306273,0.9697082297356252,3,1
70,45,0.38243011606028604,1.3314155848765437,-6.017777787188026,0.9702701239588627,3,1
71,47,0.3070412424415296,1.3941978565210031,-6.002269125844676,0.9712016425513073,3,1
72,48,-0.30948372449154826,2.144769919008278,-6.017777781975215,0.9712016425513073,3,1
73,46,0.3509545221238151,1.1286455470468189,-5.0174999994258505,0.9864396885814647,3,1
74,43,0.4713373602286095,1.0544907425353665,-5.017500000414803,0.9864396885814647,3,1
75,49,0.576110921946107,0.5800826184967575,-3.016666666599403,0.9809940420199357,3,1
76,47,0.24181482260744624,1.3574019642747346,-5.0174999981831405,0.9809940420199357,3,1
77,45,0.06636183166642536,1.8146640917952797,-7.003954419019066,0.9923071366772434,3,1
78,46,0.660578965607954,0.30900280609440256,0.04357171464925631,0.9923071366772434,3,1
79,44,0.4866710584307967,0.9580101740569568,-4.017142855399978,0.9923071366772434,3,1
80,50,0.035114077938831735,1.6631465562919,-5.017500000420779,0.9923071366772429,3,1
81,48,0.25348549198392173,1.2777781015509955,-5.000642145118541,0.9923071366772429,3,1
82,49,0.44854861387758066,1.05084401914933,-5.017500000420779,0.9817662707442533,3,1
83,45,0.683304712309461,0.279881444371378,0.13483618515619322,1.0005852915384266,3,1
84,47,0.49324750065585404,1.2536326607986097,-6.017777777382305,1.0005852915384266,3,1
85,48,0.19887986855173634,1.3523702574088066,-5.017500000420779,0.9925738513197,3,1
86,47,0.47828656243104656,1.0544082546325448,-5.017500000081431,1.0012531653182803,3,1
87,45,0.4899164967401494,1.0615836816756141,-5.017499999790036,1.0012531653182803,3,1
88,42,0.355767251245341,1.3153034972062145,-5.017500000431296,1.0012531653182803,3,1
89,47,0.6982430974297863,0.29909552505774756,0.1261464730171382,1.0012531653182803,3,1
90,43,0.31638429069278506,1.591533893831477,-5.017500000419196,1.0021791103119295,3,1
91,46,0.7440045604124292,0.2967212852723859,0.13230750158539492,1.0044759733917965,3,1
92,49,0.26529301669444144,1.379133666743013,-5.017499998371858,1.0051264844833598,3,1
93,47,0.4381957943092879,0.9630574046924624,-4.017142855292415,1.0051264844833598,3,1
94,43,0.5255668427103527,1.0728772060952543,-5.0174999998312,1.0051264844833616,3,1
95,46,0.4012442813320009,1.3950930193892581,-5.0174999998312,1.0051264844833598,3,1
96,47,0.4368059918780531,1.0612658485394957,-5.000972582116265,1.0051264844833598,3,1
97,46,0.5979901936939637,0.7192238685886508,-4.017142859565396,1.0051264844833634,3,1
98,41,0.3077236357485166,1.3018200346544142,-5.017499998371858,1.0051264844833634,3,1
99,43,0.7292518556768983,0.3039624386845929,0.12236751197508419,1.007843332697699,3,1
100,47,0.3557452150402358,1.381028656857804,-5.017499999967211,1.007843332697699,3,1
