gen,nevals,avg,stddev,min,max,run,representation
0,50,-1.0099999999999998,0.0,-1.0099999999999998,-1.0099999999999998,4,4
1,44,-0.950199999999904,0.2366952189353348,-1.0099999999999998,-0.013333333331737479,4,4
2,48,-0.6314666663214696,0.48392603242931803,-1.0150000000428947,-0.013333316366767402,4,4
3,47,-0.27276666590493587,0.4376795648754811,-1.0150000000428947,-0.013333316366767402,4,4
4,45,-0.19333333698091337,0.3841887552149436,-1.0150000241803767,-0.013333202422789986,4,4
5,42,-0.07333333222643111,0.23748754380704296,-1.0150000001866226,-0.013333316366767402,4,4
6,48,-0.07343333178011727,0.23788265411544118,-1.0150000064993092,-0.013333316366767402,4,4
7,46,-0.17349999685391,0.3669885331951174,-1.0150000064993092,-0.013333316366767402,4,4
8,44,-0.09346665071207653,0.2717453586839499,-1.0150000074390273,-0.013333184544105262,4,4
9,44,-0.15356663948605148,0.347565355866153,-1.0150000074390273,-0.013333184544105262,4,4
10,46,-0.11339996447123196,0.3002006774781971,-1.0150000064993092,-0.013333184544105262,4,4
11,42,-0.07328986539894027,0.2374987137180812,-1.0150000074390273,-0.011162533377449014,4,4
12,47,-0.19116213360614318,0.3850726831806413,-1.0150000241803767,0.03739664196769886,4,4
13,43,-0.16258025158836462,0.372574648386045,-1.0150000001901438,0.1035852153294111,4,4
14,45,-0.15630720135903167,0.4509301364865721,-2.015999996806296,0.15374718482066266,4,4
15,48,-0.38943757246087857,0.9736283532577917,-4.01714276076807,0.2037147076124892,4,4
16,46,-0.45694746359770444,1.0073356677383007,-4.017142934673992,0.20818947753645584,4,4
17,48,-0.34364526749717217,0.8283911287300317,-3.0166666311814327,0.2593123110548601,4,4
18,44,-0.58729256809302,1.221993808854935,-4.017142856357863,0.3312196071406621,4,4
19,46,-0.10305273872704054,0.9845547490733038,-5.017500000765464,0.4017021665640784,4,4
20,45,-0.25735300300898367,1.193657739942739,-4.0171427547492184,0.40484791585907726,4,4
21,43,-0.30581554822574447,1.2762523208003929,-4.0171428822504724,0.40484791585907726,4,4
22,45,0.15902991116745832,0.5307081522464262,-3.0166666489509892,0.470751198145527,4,4
23,42,0.04656758369664447,0.7948573865586713,-3.016666733419262,0.470751198145527,4,4
24,46,0.2784447714415286,0.48829922649694646,-3.0166651638395092,0.548836816276293,4,4
25,47,-0.3574645766349569,1.5497977498182258,-5.017500195825672,0.548836816276293,4,4
26,46,0.015872947592045918,1.147567028688421,-4.017142889910743,0.5567088125843702,4,4
27,47,-0.08377905372757823,1.2133782693855222,-4.017142834560743,0.5567088125843703,4,4
28,47,-0.2368965076497595,1.5586436613620445,-5.017500128819501,0.5567088125843703,4,4
29,45,-0.6390997959358217,1.915587123401296,-5.017500128819501,0.6549328610591852,4,4
30,43,-0.15293996269236212,1.4611014235858042,-5.0174999039767965,0.6549328610591852,4,4
31,46,0.026340374442538672,1.2366529290356048,-5.01749998837668,0.6549748711723069,4,4
32,45,-0.2979939699624389,1.6689527441297773,-6.017777459554753,0.6550197320273553,4,4
33,48,-0.23825582624051428,1.6756068671302842,-6.017777839385132,0.6550197320273553,4,4
34,48,-0.1327251673228248,1.577185942170346,-5.017500003454103,0.6550197320273553,4,4
35,44,-0.515169274864681,2.471804949506684,-10.018461554626947,0.6550197320273553,4,4
36,45,-0.057137879752393726,1.6893667123283587,-7.017999997744301,0.6598931403160024,4,4
37,47,-0.2686006290008699,1.852180480988061,-7.018000008910428,0.6598931403160024,4,4
38,43,0.004583725418713356,1.5347229798573794,-7.018000050562246,0.6598931403160024,4,4
39,49,-0.11409635672037727,1.6255716854015207,-6.017777788734857,0.659893140316003,4,4
40,42,0.25761263779213167,1.0203689087548362,-5.017499994267453,0.659893140316003,4,4
41,46,-0.3893493996889903,1.9497825238996065,-7.018000019010581,0.660161790973514,4,4
42,47,-0.27530629887605257,2.023123494165518,-7.018000028023446,0.660161790973514,4,4
43,48,0.007725756118077727,1.3716443536426228,-5.017500002651635,0.660161790973514,4,4
44,49,0.04782962937296686,1.343513749206574,-6.017777734646993,0.7147221827569495,4,4
45,48,-0.12861512859713095,1.774244821331859,-8.018181840317046,0.7147221827569495,4,4
46,46,0.06383715506609368,1.3150816137279473,-5.017500000859244,0.7157282067362748,4,4
47,44,-0.1502223669130629,1.7445792910068971,-6.017777819708252,0.7157282067362748,4,4
48,48,-0.12765323836431308,1.681125227147567,-6.017777820795019,0.7355572713906098,4,4
49,46,0.4628617693171098,0.30463008568701866,-1.0099999999999998,0.7810743556524147,4,4
50,47,0.20408297153966395,1.1970074360123835,-6.017777795178501,0.7810743556524155,4,4
51,47,0.16038380292910573,1.2667841274087106,-5.017499999204778,0.8790468552210597,4,4
52,48,-0.41699235875000534,2.012839439416239,-7.017999988131732,0.87827703776899,4,4
53,48,-0.2624277831109592,1.9631571867178124,-8.018181819509449,0.87827703776899,4,4
54,49,0.19409406195062384,0.9018695021517339,-4.017142917837047,0.87827703776899,4,4
55,46,0.14183986843637825,0.9745730210858867,-4.017142894389228,0.8380480282146624,4,4
56,46,-0.23433474699045032,2.1906399698812717,-12.018666669264576,0.8380480282146624,4,4
57,48,0.04524384565839567,1.4796858911821427,-6.017777751606897,0.8380480282146624,4,4
58,45,0.3262701807833057,1.1412740282528835,-6.017773524316939,0.8380480282146624,4,4
59,47,-0.2490483215685392,2.081914295528651,-7.018000019421174,0.8380480282146641,4,4
60,45,0.2572530836388118,1.5114453275538011,-7.018000063962449,0.8515920574229904,4,4
61,47,0.4401066975130422,0.9893591196764013,-6.017773524316939,0.8595388292313059,4,4
62,46,0.28389213301717836,1.2109483350227885,-6.017773524316939,0.8757429054059117,4,4
63,47,-0.05854777754754133,1.8943674260679824,-7.012357676854648,0.87827703776899,4,4
64,46,0.08717133587597731,1.4296244317299311,-6.017777771920222,0.9256433202615666,4,4
65,48,0.4833141227768685,0.3652184338628367,-1.0150000174696863,0.879317185270452,4,4
66,47,0.5235650908343172,0.486823259210815,-1.0150000037035727,0.879317185270452,4,4
67,45,0.3788771415577261,0.9250060953042739,-5.00109547710642,0.9464658313362202,4,4
68,42,0.3912722500199928,1.4440771732968034,-7.018000065242714,0.9815036877119595,4,4
69,45,0.47583235640162636,0.9838692345938721,-6.0177777174751,0.9871062050333712,4,4
70,47,0.4734431908477925,0.7291185146668873,-4.017142909926485,0.9871062050333712,4,4
71,49,0.2813164236787184,1.0315941999005105,-5.017500094822901,1.081677647927695,4,4
72,45,0.44220682485041285,0.8866936176966641,-5.017500007489905,1.081677647927695,4,4
73,42,0.4711384535948818,1.1723636308583814,-5.017500094822901,1.081677647927695,4,4
74,47,0.0979992102951554,1.7280867384088465,-5.017500090768672,1.081677647927695,4,4
75,47,0.3404927722912236,1.6595160464562588,-7.017999970435052,1.0974495986645056,4,4
76,47,0.5973141088988698,0.7936246715402566,-4.017142828968363,1.119310673301359,4,4
77,45,0.20269397934767036,1.8056508514732739,-6.017777797377312,1.1271966572289593,4,4
78,46,0.44405891273400583,1.3774373086612326,-5.017500079657611,1.1311412165468515,4,4
79,43,0.47925038521389446,1.489492118217718,-7.0179998572033,1.1383498057420052,4,4
80,47,0.22251950404632453,1.920895858310844,-8.018181778485149,1.1304131505644408,4,4
81,46,0.35309212823705755,1.4143663140300895,-5.017500007263996,1.1304131505644408,4,4
82,48,0.40623672617892986,1.165550123523223,-5.017500102820137,1.1272085136705536,4,4
83,44,0.25935101664464993,1.5845116755127924,-6.017777764533271,1.1272085136705536,4,4
84,45,0.5431966702694541,1.1118481662392539,-6.017777789794712,1.1272085136705536,4,4
85,43,0.2558204803036146,1.6785564432009052,-6.017777754504098,1.1284968463286713,4,4
86,46,0.8881159901802629,0.35690164293903126,0.15922557490784545,1.1899818152928587,4,4
87,49,0.10485609476789297,1.6524326320500415,-6.0177779334316694,1.1377375732709007,4,4
88,47,0.1936405044501505,1.4483716191052727,-6.017777769174748,1.1377375732709007,4,4
89,44,0.25328868396000676,1.5581207468885006,-5.017499995350274,1.1412078267170076,4,4
90,48,0.44826832639836495,1.2421776615064941,-5.017500044151165,1.1446332187968533,4,4
91,47,0.1368961826080211,1.7368791885032708,-5.017500025452609,1.1446332187968533,4,4
92,45,0.05660374660523151,1.7962370651222395,-6.017777776732754,1.1899546268447072,4,4
93,42,0.20440090986917492,1.7490464674562134,-6.01777776540852,1.2051675889483224,4,4
94,47,0.6573884614528744,0.9152152615924967,-5.017500006488176,1.2066357369883827,4,4
95,47,0.08619676402460023,1.860195658648332,-6.017777882776835,1.2079220272904305,4,4
96,44,0.46767012717443207,1.394691656679916,-5.017499919809312,1.2200594922423742,4,4
97,45,0.041346796239029766,2.052091931386999,-7.018000033581248,1.2237378584438559,4,4
98,43,0.3995813441643101,1.643641568994274,-7.0179999630492915,1.2393252886355768,4,4
99,45,0.03993166461492666,1.9676352014272387,-6.017777889275097,1.2291237089203655,4,4
100,47,-0.016870454415758032,1.9352010028458047,-6.017777763379439,1.2293404059240338,4,4
