gen,nevals,avg,stddev,min,max,run,representation
0,50,-1.0099999999999998,0.0,-1.0099999999999998,-1.0099999999999998,7,1
1,48,-0.7907333333329821,0.41286548253300664,-1.0099999999999998,-0.013333333331737479,7,1
2,46,-0.39266666749873835,0.48453700631650204,-1.0150000000428947,-0.013333318611476526,7,1
3,45,-0.3128333261489184,0.45749563310337876,-1.0150000000428947,-0.013333106378293956,7,1
4,46,-0.3131911400089065,0.5005717383090228,-2.016000004475248,0.0031094863528231503,7,1
5,47,-0.35309998963343836,0.47338591800370294,-1.0150000035116378,-0.013333106378293956,7,1
6,48,-0.3131332387525041,0.4579539674473051,-1.014999991645224,-0.013333318611476526,7,1
7,45,-0.29308666224704033,0.4912772972257934,-2.016000003078057,-0.013333316366767402,7,1
8,46,-0.21316666245425206,0.39966823113699734,-1.0150000000428947,-0.013333316366767402,7,1
9,47,-0.39316665690691255,0.485175948279409,-1.0150000241803767,-0.013333184819176835,7,1
10,48,-0.1734999943437857,0.3669885332330345,-1.0149999997469918,-0.013333184819176835,7,1
11,43,-0.09336665195754854,0.27140693130323085,-1.0149999940672279,-0.013333184819176835,7,1
12,47,-0.35348664541665115,0.5145004456652421,-2.016000007866361,-0.013333150500580595,7,1
13,47,-0.3934666460109748,0.48555867006688436,-1.0150001361729,-0.013333078446711253,7,1
14,47,-0.23274100440301027,0.41402217832980187,-1.0150001528280512,0.0049270104421097445,7,1
15,45,-0.16972990296032114,0.41793631564259315,-2.0009780287562475,0.03739324859548725,7,1
16,46,-0.17759973587772493,0.3912906271241053,-1.0150001469107761,0.09308750295489572,7,1
17,47,-0.40143100568388895,0.7706152833006251,-3.01666667015057,0.1791674225886859,7,1
18,44,-0.36424492844551226,0.8406454585270905,-3.016666667080428,0.1791674225886859,7,1
19,45,-0.1390406618802218,0.5464038319260895,-2.0160000273776406,0.17917218434219334,7,1
20,46,-0.30877567380865484,0.7402073929732359,-3.0166666662987502,0.17917218434219334,7,1
21,49,-0.08211322224074136,0.6154147136861803,-3.016666775109072,0.2876270950487013,7,1
22,49,-0.05301173944451611,0.5343227156866186,-2.0160000078841693,0.2876270950487013,7,1
23,43,-0.12440048966966426,0.6324785422882053,-2.0160001219500505,0.28773263184909065,7,1
24,45,0.13830934878415183,0.19829872056855952,-1.0099999999999998,0.28773263184909076,7,1
25,44,0.07420142104774599,0.5002623166192717,-2.01600000497254,0.28773263184909076,7,1
26,48,0.1456670932341958,0.36692907207739217,-2.01599998587936,0.34411473303340573,7,1
27,48,0.1151364048299172,0.4063513947327767,-2.0159999936464166,0.34411473303340573,7,1
28,48,0.18468157025147888,0.2014233119189528,-1.0149998073612125,0.34411547163406925,7,1
29,47,0.16503387828214466,0.33487680044390133,-2.0160000030106864,0.40658777853661854,7,1
30,45,0.09175942510106762,0.4638986778480294,-2.010036516125168,0.3441184664203715,7,1
31,43,0.17555937587399295,0.33598492796733004,-2.0159992284822565,0.34412154480446205,7,1
32,45,0.1990895046815254,0.27038229043276785,-1.0150002813829992,0.40658777853661854,7,1
33,44,0.05407214703640501,0.6136775800170113,-2.015999999874711,0.501306778182992,7,1
34,48,0.2037644088277506,0.3868273884526639,-2.012256222177171,0.5513943700165403,7,1
35,45,0.2648977447501663,0.237308408373379,-1.015000001003116,0.5513943700165403,7,1
36,44,0.09211613825048243,0.5791984977304468,-2.0160000015704718,0.5514152146410313,7,1
37,41,0.2707332450955628,0.44621736735254863,-2.016000003296789,0.5514152146410313,7,1
38,47,0.271281244824463,0.3559714927173434,-1.0150000014014486,0.5514243882355796,7,1
39,45,0.31686258457780564,0.4591875735543101,-2.016000026922275,0.551426892254867,7,1
40,46,0.13031013130121288,0.651424561458045,-2.0160000165539715,0.551426892254867,7,1
41,46,0.3506269693362399,0.2509311767009479,-1.015000001003116,0.551426892254867,7,1
42,48,0.4021422749546163,0.1531494469989937,0.11751146773521944,0.5782424600719038,7,1
43,42,0.3384272808393366,0.25356325613554037,-1.015000001003116,0.5514268922548672,7,1
44,46,0.21423797753711246,0.6157655014889879,-2.0160000165539715,0.5514268922548672,7,1
45,43,0.3212764894552545,0.3714598590463561,-2.015999994532421,0.5514268922548672,7,1
46,45,0.33251508144575753,0.5001906753568955,-2.0159999945321334,0.5514268922548675,7,1
47,48,0.31107334882445786,0.41872182870638847,-2.015999994532573,0.5514268922548672,7,1
48,49,0.3733775843721937,0.24737251609297453,-1.015000001003116,0.5532915474262999,7,1
49,48,0.31693014708448203,0.30892415102961845,-1.015000001003116,0.5533047336390642,7,1
50,48,0.3632428242681418,0.15407758934731564,0.11729910327176421,0.5532915474262999,7,1
51,48,0.12103045605252868,0.6978442639997934,-2.01600000131744,0.5682878199062927,7,1
52,45,0.1873973630719468,0.6674740668097434,-3.0166666663318322,0.568288630990921,7,1
53,42,0.11726461165195737,0.8718077839282212,-3.016666570118606,0.6188318054363101,7,1
54,49,0.3069952840014581,0.5356608021150138,-2.016000001792267,0.7431156098087126,7,1
55,45,0.23635213012957937,0.721098710570286,-3.0166666663318322,0.8117626125569052,7,1
56,48,0.22004544587708808,0.9122032101438555,-3.0166666853992474,0.8117626125569052,7,1
57,45,0.3284289628623032,0.6326828897132162,-2.0160000049796123,0.8117626125569052,7,1
58,46,0.2949806619873643,0.7202919824834759,-2.0160001244953265,0.8469464049180803,7,1
59,44,0.23502863749789907,0.9290337756147857,-3.0166667083122936,0.847707651847699,7,1
60,45,0.11001994656871368,1.145745044502984,-4.017142792932808,0.8469464049180804,7,1
61,44,0.43941537797624663,0.6608701546747631,-3.0166666385297787,0.8469464049180804,7,1
62,45,0.20339677870792744,0.9896160206938294,-3.016666667787045,0.8644629721511168,7,1
63,48,0.49636388456695313,0.6800446451438892,-3.0166666443475987,1.158588904710888,7,1
64,46,0.6319865181183202,0.45888638297246637,-2.0160000021661446,1.158588904710888,7,1
65,41,0.620808088634703,0.6030292755732208,-3.016666695964052,1.158588904710888,7,1
66,47,0.4880107812797087,0.9631397655768528,-4.017142867056891,1.158588904710888,7,1
67,46,0.7554889519457292,0.3408512327543001,0.002131991490894156,1.1585889047108888,7,1
68,45,0.6728346610756847,0.4139708699849678,0.01723414647375124,1.3834727600587382,7,1
69,47,0.33357353697520403,1.3333758427516966,-4.012865367540085,1.3834727600587382,7,1
70,49,0.4929399750239723,1.0665266734835348,-4.005849821201482,1.158588904710888,7,1
71,48,0.5538318594948674,0.7640523963682353,-4.005887234224523,1.158588904710888,7,1
72,47,0.623720542239385,0.6511830789296892,-3.005385639846876,1.158588904710888,7,1
73,44,0.5369738662657942,1.0071745994328813,-4.008580536484795,1.157171559408964,7,1
74,44,0.7777478499962764,0.7783669058436424,-4.005849821201482,1.4100533318372628,7,1
75,44,0.6086769748140515,1.1633192976135294,-4.0128663648848555,1.410053331837265,7,1
76,46,0.9370649867102852,0.4426502044903226,0.01807186990866861,1.410053331837265,7,1
77,49,0.6893331996411163,1.0994087321308064,-6.0177778229968535,1.4129114599152883,7,1
78,48,0.8801712650649958,0.5395738501468681,0.024876821110111885,1.6000703794992837,7,1
79,45,0.906927353406209,0.5663622228849019,0.0052790359068118214,1.4129114599152885,7,1
80,45,1.001804918141237,0.5267214611466415,0.016832938716466544,1.598577267849492,7,1
81,46,0.8849303205131359,0.6009283203825275,0.005280546911196083,1.5691722212907975,7,1
82,45,0.8731551652332472,0.6252278919859037,0.005279035906811807,1.6426993843271218,7,1
83,46,0.6091249144044226,1.3118062778785073,-5.010904719276147,1.7540663522655624,7,1
84,42,1.0731592877629776,0.6357762369975446,0.006784674105860379,1.7540663522655624,7,1
85,47,0.7620423994872312,0.6818041584789006,0.0026613757781610535,1.7540663522655624,7,1
86,48,0.8519544621733854,0.7191573353080059,0.004412224984377248,1.8135546497740689,7,1
87,44,0.791826888813603,1.2953578045509206,-5.008301628042785,1.8135546497740689,7,1
88,47,0.9369069348672916,1.1100676725222305,-5.008467648753757,1.822724065565235,7,1
89,45,0.7977889417172948,1.2224633490304857,-6.0007579664459945,1.822724065565235,7,1
90,48,0.9347517763538837,0.6958906614443473,0.045713643391752566,1.8312000073445458,7,1
91,48,0.8699192067415202,1.1081196844922114,-5.007794684917281,1.8499254755885783,7,1
92,42,1.0527176419915383,0.7514256616441536,0.006385729835853098,1.8640129540952604,7,1
93,44,0.7489397646004131,1.663178730179256,-7.01800000882733,1.8499254755885783,7,1
94,44,1.1423674586310606,0.7274977943729541,0.00834600963075887,1.8499254755885783,7,1
95,48,1.204945580466336,0.750479669197161,0.04112792543186264,1.8464855476203168,7,1
96,48,0.48611588450035276,1.5304102301544367,-7.011874514258472,1.8464855476203168,7,1
97,45,0.5888435760363233,1.681048716439449,-6.003840499392591,1.8417582487058228,7,1
98,47,1.0188774816576789,1.258562803577073,-6.000509617487364,1.8692894590826712,7,1
99,45,1.0488907544801,1.15081606121847,-5.008121558066252,1.8692894590826712,7,1
100,47,1.043998795963916,0.7990435022458408,0.000129692245859237,1.8692894590826712,7,1
