gen,nevals,avg,stddev,min,max,run,representation
0,50,-1.0099999999999998,0.0,-1.0099999999999998,-1.0099999999999998,6,1
1,46,-0.8505333333330778,0.36538403541173065,-1.0099999999999998,-0.013333333331737479,6,1
2,45,-0.4324333348553931,0.4925028142723004,-1.0150000000428947,-0.013333318611476526,6,1
3,41,-0.2132666655753998,0.399868167716391,-1.0150000000428947,-0.013333316366767402,6,1
4,47,-0.07323332784811198,0.23709173470357012,-1.0150000001901438,-0.013333316366767402,6,1
5,47,-0.23289999758865995,0.41343168283648685,-1.0149999887474395,-0.013333316366767402,6,1
6,48,-0.19323333382983868,0.3839754627962173,-1.0150000001901438,-0.013333184819176835,6,1
7,46,-0.272766656095542,0.4376795707069024,-1.0150000001901438,-0.013333080449730946,6,1
8,47,-0.31323334412467024,0.45810677904859015,-1.015000127247013,-0.013333185076375622,6,1
9,43,-0.1531666468680849,0.346575195814572,-1.0150000143439795,-0.013333184819176835,6,1
10,46,-0.3931533008313934,0.5248674902599685,-2.016000004475248,-0.013333039870788443,6,1
11,43,-0.21316660238469445,0.39966824347268975,-1.0150001373615753,-0.013333039568931318,6,1
12,48,-0.2131666104626817,0.39966826032722763,-1.0150001373615753,-0.013333025969197315,6,1
13,47,-0.33295324714308316,0.5071412157739162,-2.0160000879781093,-0.013333025969197315,6,1
14,45,-0.2531332082109577,0.42672904250729815,-1.015000127247013,-0.01333302592069049,6,1
15,48,-0.41308652878678664,0.528973880600696,-2.0160001349632637,-0.01333302592069049,6,1
16,46,-0.25233656682160077,0.47221321221806817,-2.0160000320528537,0.01888722463635564,6,1
17,47,-0.3313106366530072,0.46711597217689865,-1.0150001266177207,0.01888722463635564,6,1
18,47,-0.347335767168624,0.5176686030043252,-2.005640178367947,0.029599859275484294,6,1
19,46,-0.478476757205605,0.8155077928675797,-3.0166666742246435,0.09776279006191459,6,1
20,44,-0.3551020523872406,0.7922142454676184,-3.0089883568656557,0.174984764064967,6,1
21,48,-0.17800632303853348,0.5280131691220119,-2.0160000007267085,0.17700658755538382,6,1
22,47,-0.16524562901971937,0.7413038597652631,-3.016666667979731,0.17851933923896313,6,1
23,48,-0.5514597419327564,1.2042513941867825,-3.0166667082664382,0.25361616882322585,6,1
24,49,-0.6094287515271737,1.3545954103774605,-5.017499888967546,0.37686543332696265,6,1
25,48,-0.4487883884824818,1.3020479264316116,-4.01714286384658,0.37686689472311186,6,1
26,44,-0.5177386273097334,1.2841557359661993,-3.0166669022599786,0.37738642840162145,6,1
27,47,-0.2174391000371236,1.0836238060229795,-3.0166669026092663,0.4636581354547914,6,1
28,49,-0.14150184869089866,0.9795963229057623,-4.017141418703929,0.4636581354547914,6,1
29,44,-0.19295679955840858,1.1009845714560298,-4.017142847374554,0.4636581354547914,6,1
30,47,-0.3842826648259664,1.2598491825868894,-4.017142823545418,0.51285543669902,6,1
31,50,-0.1379715864190341,0.8943360882292634,-3.0166667425609046,0.4636960756001063,6,1
32,47,-0.2864655795717501,1.0439712544004616,-4.01714288151772,0.4636581354547914,6,1
33,45,-0.31328011197140193,1.1802491018456416,-4.017142933396508,0.4636581354547914,6,1
34,47,-0.2486009935412216,1.1991634121489916,-4.017142902249829,0.4636581354547914,6,1
35,42,0.08442177788619283,0.6358833185168583,-2.015999983470032,0.4636581354547914,6,1
36,43,0.008725810135876966,0.8984298522109317,-3.016666508288902,0.4636581354547915,6,1
37,46,-0.09038501783038486,0.8304948647257615,-2.0160005337495557,0.4636581354547915,6,1
38,47,0.026966439554157375,0.6942684982531423,-2.016000063513674,0.4636960756001063,6,1
39,47,0.06852737683641894,0.6324378494417248,-2.016000063984566,0.46369607560010684,6,1
40,47,0.08323924313482517,0.5789205932259102,-2.0160002882951393,0.4636960756001063,6,1
41,49,-0.301946041885707,1.0702164579782898,-3.016666813032548,0.5129916686126753,6,1
42,48,0.005722338872250391,0.7880579496492396,-3.0166652699798826,0.5376183960737773,6,1
43,45,0.09186695035733475,0.7493827899757592,-3.0166668564558394,0.5376183960737773,6,1
44,44,0.04476331279651341,0.6480582322104739,-2.0159999851977037,0.5376183960737773,6,1
45,48,-0.10538759591005382,0.9350525938806388,-3.0166668022872387,0.5376183960737776,6,1
46,48,-0.10219736790339354,0.9151676951292207,-3.016666751741968,0.5376183960737775,6,1
47,48,-0.024508535949169637,0.9292726547789647,-4.017142936115237,0.5376322989565139,6,1
48,43,-0.04921485584564698,0.8727554609029263,-2.016000086590445,0.5376322989565139,6,1
49,42,0.1298929043859652,0.7076171344935352,-2.0160000817664407,0.5376322989565139,6,1
50,45,-0.11198993577447791,0.8657958479034451,-2.0160000817664407,0.5376322989565139,6,1
51,48,-0.1997104318196801,1.0152254441690651,-2.0160000845776382,0.5376322989565139,6,1
52,46,0.16932493879701066,0.6120315766087915,-2.0160000670761686,0.5499391985746542,6,1
53,46,0.11449535647038359,0.7386520355142717,-2.0160000817664407,0.5499391985746542,6,1
54,45,0.03942057842614024,0.8277276276100719,-2.0160000846279065,0.5499676277818059,6,1
55,44,0.19058866511245964,0.6474456523491716,-2.015999989144909,0.5560915837189135,6,1
56,46,0.06202342648069698,0.7896067288245557,-2.0160000846279065,0.5560915837189135,6,1
57,48,-0.16484763223758822,0.9374977800532129,-2.0160000846279065,0.5560915837189135,6,1
58,45,0.06271532485092297,0.7712497267707131,-2.0160000831794127,0.5561187366927041,6,1
59,43,0.00161010799044347,0.8369747496852717,-2.0160000831794127,0.5560915837189135,6,1
60,48,-0.15977601274534062,1.0603909547561012,-3.016666696376264,0.5591684817421958,6,1
61,48,0.08862096368876804,0.7338154834716343,-3.016666666048912,0.5591684817421958,6,1
62,47,0.030556628910520044,0.7846359587525964,-2.0160000831794127,0.5591684817421958,6,1
63,45,0.06947149845467138,0.745949172947597,-3.009279026508037,0.556112363368185,6,1
64,46,0.2021176642953931,0.533265737423036,-2.0160000035252224,0.5591889140313809,6,1
65,49,-0.04953943073771977,0.8351526160426942,-2.0160000826139637,0.5591889140313806,6,1
66,46,0.0940268029629821,0.7026424338561268,-2.016000013015907,0.5607261336075215,6,1
67,50,0.05651882805287931,0.7655344783436094,-2.016000037592636,0.5935706188245238,6,1
68,48,-0.1685336048869954,0.9586501756425482,-2.0160000826139637,0.5935706188245238,6,1
69,46,0.03163688425810839,0.8482990877774452,-2.016000015406426,0.5935706188245242,6,1
70,49,-0.07436978247921483,0.8482410520105627,-3.009513832019489,0.5937626538929199,6,1
71,47,-0.019738167011814335,0.8739028474038766,-3.0166666201470225,0.6254469398664267,6,1
72,48,-0.0027068493995653807,0.8795327827596235,-2.016000083753991,0.6254469398664267,6,1
73,45,0.04042115247454916,0.7358297656111255,-2.0160000041885775,0.6254469398664267,6,1
74,48,-0.012861859402018753,0.7865829957521182,-2.0160000651468857,0.6274056759435622,6,1
75,45,0.163564127513655,0.7054496785972557,-2.016000015101993,0.6274056759435626,6,1
76,45,0.0796241184634582,0.9329434774326842,-3.016666725960937,0.6510381414405674,6,1
77,45,0.11513897058276733,0.8154020241091369,-2.016000000403018,0.6510381414405674,6,1
78,45,-0.05187953811977243,0.9854085099927818,-2.016000009700146,0.6525627630643238,6,1
79,45,0.10828958913957504,0.8144956983923113,-2.0160000038091845,0.661472456569745,6,1
80,45,0.11884350265915819,0.8879000329684437,-3.01666673256172,0.6619848720081315,6,1
81,44,0.029114503875650843,0.9001970310652624,-2.0160000390061295,0.6619848720081319,6,1
82,49,-0.14182027064685954,0.9404357043365323,-2.016000002977618,0.6710008527022927,6,1
83,44,-0.162090938339315,0.992017286984768,-3.0166666903437886,0.6710008527022927,6,1
84,45,-0.017420832172865764,0.9234407466376444,-2.0160000259362794,0.6710008527022939,6,1
85,49,0.05962049425943458,0.8243010830522708,-2.0160000294258333,0.6778422004825633,6,1
86,44,0.17033244734850103,0.9051020545666152,-3.0166667243741756,0.6778422004825633,6,1
87,44,-0.008705888381067286,0.9287970346729966,-2.016000000552772,0.6780706596182774,6,1
88,42,0.0009680054809166339,0.9551092004054381,-3.016666684832915,0.6953089350283536,6,1
89,48,0.20632162694911693,0.7777328512158899,-2.0160000490446075,0.6979458348815485,6,1
90,45,0.24113370424406483,0.7334615457006913,-2.0160000294258333,0.6953089350283537,6,1
91,49,-0.1358700951240344,1.18076147163611,-4.017142824491833,0.6979458348815485,6,1
92,44,0.28883928047612506,0.7181218133379943,-2.0160000112731327,0.6979458348815485,6,1
93,45,-0.10654320439922747,0.9794514850835584,-2.0160000490011214,0.6979458348815485,6,1
94,47,0.25980134655926024,0.6847297377198535,-2.016000012434263,0.6979458348815485,6,1
95,46,-0.1641160777937382,1.0812212406744173,-2.01600004897348,0.707732327645847,6,1
96,49,-0.1693026449125221,1.0246934640185015,-2.0160000445411934,0.6989893293192022,6,1
97,49,0.0073388846556134806,0.9708131137900663,-3.01666663882086,0.7071096891206723,6,1
98,46,0.012697334801421096,0.932625421433094,-2.0160000169642154,0.7071096891206723,6,1
99,46,0.09548539499239092,0.9649837915053495,-3.0166667020243048,0.7071096891206723,6,1
100,48,0.11749379489506456,1.081621844801535,-3.0166666355491887,1.2752586149799456,6,1
