gen,nevals,avg,stddev,min,max,run,representation
0,50,-1.0099999999999998,0.0,-1.0099999999999998,-1.0099999999999998,3,4
1,47,-0.8704666666664431,0.34583040802030995,-1.0099999999999998,-0.013333333331737479,3,4
2,49,-0.5319000002556409,0.49822406913104833,-1.0150000000428947,-0.013333316366767402,3,4
3,46,-0.31333334419033027,0.4582593807750715,-1.0150000000428947,-0.013333316366767402,3,4
4,48,-0.09336666116386205,0.2714069300407646,-1.014999999996562,-0.013333184544105262,3,4
5,46,-0.2328999833302938,0.41343169152807047,-1.0150000001901438,-0.013333184544105262,3,4
6,43,-0.13333329614479905,0.3249625720325396,-1.0150000001901438,-0.013333184544105262,3,4
7,45,-0.21316660106446594,0.39966825966120967,-1.0150000348623676,-0.013333078936700478,3,4
8,47,-0.13308980123463685,0.3244371640938503,-1.0149999464011918,-0.011162533377449014,3,4
9,46,-0.07315957836356385,0.2375321749119917,-1.0150002605698711,-0.011162533377449014,3,4
10,47,-0.11292193435947448,0.3003613174836048,-1.0150000400529546,-0.011142864808308128,3,4
11,49,-0.092448058932719,0.2713112027012227,-1.0150000484345398,-0.011142864808308128,3,4
12,48,-0.19239015078700905,0.3848917697273345,-1.0150000484345398,-0.011142864808308128,3,4
13,49,-0.25258324345602806,0.427974918969081,-1.0150000484345398,-0.011142081611648185,3,4
14,47,-0.1923822807474536,0.4340790880430093,-2.0160000667038447,-0.011142081611648185,3,4
15,48,-0.19177867766993228,0.38423428256941117,-1.0150000484345398,-0.011142081611647932,3,4
16,45,-0.2109708613583529,0.4487536430789256,-2.015999987966226,0.053879980483011874,3,4
17,47,-0.22312077841996358,0.46640010462650816,-2.0160000695252753,0.18191983221034608,3,4
18,49,-0.34479111349374675,0.7307329358498936,-3.0166666067493946,0.18214513221357248,3,4
19,46,-0.36046409326691564,0.9120191108718154,-4.0171427874111165,0.23871051677974697,3,4
20,47,-0.645762241181648,1.2403422197222016,-4.017142869440425,0.2387670732406923,3,4
21,46,-0.4713790762135935,1.1770337527183512,-3.016666945931098,0.38281762778152356,3,4
22,45,-0.047889342165278785,0.8592161361413576,-4.017142842493495,0.3849674345059755,3,4
23,47,-0.7728674273031377,1.701947650420014,-5.017500040012326,0.4764006622455817,3,4
24,44,0.021986296693915303,1.1158580805566154,-5.017499976584763,0.46531703798556084,3,4
25,47,-0.1699366487088319,1.2826747301971206,-4.0171428411801475,0.5404067161239915,3,4
26,48,0.059299886326074705,1.0167436627123834,-4.0171428394326165,0.5979442675323126,3,4
27,46,-0.13709255846892313,1.2352595670148474,-4.017142842444957,0.6595341648316526,3,4
28,47,0.20486641112421,0.7800583574793036,-4.017142842444957,0.7130166659899981,3,4
29,45,-0.06472815662172489,1.4144862202247057,-5.017500014587987,0.7139403075457308,3,4
30,48,0.02336308348682235,1.4298320169674066,-5.017500014587987,0.7139403075457308,3,4
31,46,0.03795352247599406,1.4073100088869552,-5.017499965587577,0.7604298006553827,3,4
32,47,0.3537240518370131,0.8011530687976529,-5.01749981789122,0.7604511414330486,3,4
33,44,0.10247604239517528,1.523751191952265,-5.017500010331698,0.7604511414330486,3,4
34,48,-0.29494887844743534,1.9188826847802571,-5.0175000093526405,0.7613498751629831,3,4
35,48,0.0038658208238562075,1.637763520313953,-6.017777781896206,0.7613498751629831,3,4
36,46,-0.29163732957881133,1.8150523732309434,-5.017499997640414,0.7871830493023743,3,4
37,48,-0.18110438800690862,1.8770686535685452,-6.017777789758827,0.8059864373963516,3,4
38,48,0.05358429364219082,1.5570821334340317,-5.017500010562365,0.8073831659190859,3,4
39,45,0.3179653162170245,1.3609571305329893,-5.017500007341225,0.8073831659190859,3,4
40,42,-0.12410859939486697,1.7799522268697272,-5.017500011187393,0.8073831659190859,3,4
41,45,0.12432685062476086,1.5469675595357575,-5.017500000654863,0.8073831659190859,3,4
42,44,0.25919880158373426,1.2938279607020127,-5.017500000312697,0.8073831659190859,3,4
43,48,-0.45805116658125145,2.1860930291177527,-7.018000000210132,0.8073831659190985,3,4
44,40,0.6421085798001015,0.21554387060311941,0.14051025390820568,0.8089721249140236,3,4
45,48,0.16970132409274669,1.4811066606766163,-5.017500004283975,0.8089721249140236,3,4
46,47,-0.01896280689907121,1.6398503696169686,-5.017500004283975,0.8089721249140236,3,4
47,48,0.600626849065791,0.24375249114236872,-0.013333324964557176,0.808972124914024,3,4
48,47,-0.11217800128502418,1.827548996195692,-5.017500004283975,0.808972124914024,3,4
49,47,-0.14840085327737512,1.7837500139881068,-5.017500000370834,0.8089721249140255,3,4
50,46,0.13616138618111273,1.5124769287790554,-5.017500004284407,0.8219615308647641,3,4
51,46,-0.13646186641571567,1.9493028242905122,-6.017777777798191,0.8220302638464225,3,4
52,46,0.28613855324396203,1.284490525999712,-5.017499996867458,0.8721694366276365,3,4
53,46,0.15278887902365834,1.549137510564129,-5.01749999936108,0.8721694366276365,3,4
54,48,-0.05720512237037462,1.6995867352706426,-5.017500002840064,0.9006838951365664,3,4
55,45,-0.24294211014585718,2.164318911337965,-6.017777786967747,0.9228057664030915,3,4
56,46,-0.20762328179749176,1.97135894493106,-5.017500002840064,0.9228057664030915,3,4
57,49,0.2759390583714942,1.3429967968630485,-5.01749999929477,0.9228366840609098,3,4
58,46,-0.37497194081442375,2.1446422176070827,-5.017500001710676,0.9228071704341413,3,4
59,48,0.3138659962388725,1.1403947189530872,-5.017499976676632,0.9228057664030915,3,4
60,47,0.011961762496417545,1.677891999570545,-5.0175000160887775,0.9228057664030915,3,4
61,44,0.024806083705406476,1.8235036069495345,-5.0174999976612575,0.9568404782042708,3,4
62,47,-0.040753629030183536,1.8722046001350863,-5.017499997750355,0.923099088660419,3,4
63,45,-0.002711657320582115,1.8274212969291492,-6.017777734267932,0.9384833842870195,3,4
64,48,0.45833695395481816,1.1509843709628857,-5.017499972206668,0.9556766904977936,3,4
65,43,0.2546978735124986,1.5782358512829675,-5.017500019485289,0.9556766904977936,3,4
66,48,0.4762576151418259,0.9476246671981652,-5.017499972203054,0.9556766904977936,3,4
67,49,0.6252187835319297,0.3800414230438761,-1.0099999999999998,0.9556766904977945,3,4
68,42,0.33988005479815797,1.356396932708777,-5.017499996175539,0.9556766904977945,3,4
69,46,0.3228582417162078,1.2435983059372686,-5.017499965099939,0.9791943577827801,3,4
70,48,0.27090987616902384,1.518180574796607,-5.0175000001664865,0.9871012238141534,3,4
71,49,0.23178061832722607,1.3340668504667017,-5.017500004410375,0.9956878653659367,3,4
72,46,0.34237594260264426,1.471524924019169,-6.017777780292077,0.9998535030251505,3,4
73,44,0.237456352733854,1.7208148689509448,-6.01777788339688,0.9998535030251505,3,4
74,46,0.5998591905132219,0.914527216368663,-5.017500002377918,1.0151399741117733,3,4
75,48,0.7107688868641311,0.7223857906492785,-4.017142831964855,1.0151399741117733,3,4
76,48,0.17446212246466664,1.8290887103667424,-5.017500002408338,1.0249160158081532,3,4
77,45,0.3596037013217186,1.5389597002346938,-5.0175000052870065,1.0303278605271136,3,4
78,46,0.5156031019384625,1.1677328036890149,-5.0175000024038825,1.0249160158081532,3,4
79,48,0.6718108450428387,0.7692244147611023,-4.017142825797809,1.0249160158081532,3,4
80,49,0.7207950746394218,0.49654532537536183,-2.015999999938581,1.037159111589974,3,4
81,45,0.6671819171891501,0.8937881577713416,-5.017500002387048,1.0374298030483828,3,4
82,48,0.4496462346842776,1.5162284420692318,-6.017777789135941,1.0408516228540747,3,4
83,41,0.43777433346763595,1.4085982498474847,-5.017500002274905,1.0984639335752615,3,4
84,47,0.83415781864447,0.28425351672051963,0.27217316962941046,1.0984639335752615,3,4
85,45,0.5448285916455515,1.2339829259403545,-5.017500006163484,1.0987927060667257,3,4
86,46,0.3560433019711756,1.5480068809327976,-5.017500001664838,1.0987927060667257,3,4
87,47,0.3482631941784325,1.5454970784401247,-5.017500002196494,1.10829857820743,3,4
88,44,0.2567047325274644,1.6242595205170267,-6.017777774299062,1.10829857820743,3,4
89,48,0.6439958357696791,1.0681892223369451,-4.0171428742514435,1.1296342080316646,3,4
90,49,-0.20829915164908697,2.1786077056365523,-5.017500032657229,1.124397593913243,3,4
91,46,0.022743669688495532,2.017679007993455,-6.0177777780815855,1.1305129316619391,3,4
92,48,0.5596584763699003,1.1015641005784986,-5.017500032657105,1.1305129316619391,3,4
93,47,0.5670433636147323,1.3649891951406525,-5.017500000161236,1.1330077534486744,3,4
94,46,0.07893842316069094,1.8556460256646654,-5.017499999435155,1.1334689296875828,3,4
95,48,0.2566934142913435,1.817650090589299,-6.017777774470756,1.3362890737324988,3,4
96,48,0.1954666634479306,1.9610586625375326,-6.017777796945605,1.2012895004519084,3,4
97,49,0.6060726434258629,1.449585322513655,-5.017500024018973,1.2012565464081855,3,4
98,47,0.5431276089844043,1.3478885063904602,-6.017777760233575,1.2212292913760023,3,4
99,48,0.4581940547516177,1.163316981743379,-4.017142923190645,1.2553711777318766,3,4
100,45,0.7450616195131023,1.0494231770555602,-4.017142858952507,1.2553711777318766,3,4
