gen,nevals,avg,stddev,min,max,run,representation
0,50,-1.0099999999999998,0.0,-1.0099999999999998,-1.0099999999999998,10,4
1,44,-0.8903999999998083,0.3238783310653388,-1.0099999999999998,-0.013333333331737479,10,4
2,44,-0.49213333391877145,0.4983525118601873,-1.0150000000428947,-0.013333333321310327,10,4
3,49,-0.17340000102567918,0.36675983059039324,-1.0150000090273101,-0.013333316366767402,10,4
4,49,-0.1333333323231228,0.32496256228664033,-1.0150000001901438,-0.013333316366767402,10,4
5,46,-0.19343333316928354,0.38440190334181673,-1.0150000022385466,-0.013333316366767402,10,4
6,47,-0.1935333239189342,0.38461490962317635,-1.0150000133010428,-0.013333316366767402,10,4
7,46,-0.1532666626573266,0.3468230352742383,-1.0150000001901438,-0.013333184544105262,10,4
8,44,-0.273423225972566,0.4388863513278272,-1.0150000001901438,-0.011162533377449014,10,4
9,48,-0.15314956346923675,0.34715886349060116,-1.0150000348623676,-0.011162533377449014,10,4
10,45,-0.07262520987586693,0.23724732928902267,-1.0150000348623676,-0.011150845724530175,10,4
11,46,-0.19191728834033936,0.3845929509910375,-1.0150000400529546,-0.011142864808308128,10,4
12,47,-0.09214904465694156,0.27213559623098094,-1.0150000400529546,-0.011142864808307743,10,4
13,46,-0.15197997232459592,0.3479187928759165,-1.0149999594519041,-0.011142864808307743,10,4
14,46,-0.11213677026662326,0.3002904209844078,-1.0150000484345398,-0.011142864808307743,10,4
15,46,-0.21230344548212393,0.4008502719011208,-1.0150000484345398,-0.011142864808307743,10,4
16,48,-0.15209345020927859,0.34787325922748746,-1.0150000484345398,-0.011142656566595615,10,4
17,45,-0.11202595511112318,0.3009926454792275,-1.0150000484345398,-0.011142656566595615,10,4
18,48,-0.1721726729484303,0.367568849241776,-1.0150000484345398,-0.01114208161164923,10,4
19,50,-0.21227781039043553,0.40136180455431947,-1.0150000484345398,-0.011142081611649195,10,4
20,46,-0.15210834809166432,0.3475796589442707,-1.0150000860794934,-0.011142081611649195,10,4
21,46,-0.11183556283093621,0.3007232492247782,-1.0150000000428947,-0.011142081611649195,10,4
22,47,-0.2522407792820315,0.428167041251391,-1.01500005400335,-0.011142081611649195,10,4
23,46,-0.23232985969682493,0.4154243609664058,-1.01500005532423,-0.011142081611648235,10,4
24,49,-0.2522804242809093,0.4728509652586497,-2.0159999851612778,-0.011142081611648235,10,4
25,47,-0.17203692560077805,0.36762770213315804,-1.0150000862785002,-0.011142081611648235,10,4
26,48,-0.07180238561111012,0.2378761048573143,-1.0149999559873637,-0.011142081611648235,10,4
27,43,-0.1316274325984208,0.3249780844560051,-1.0150000485925206,-0.011142081611648235,10,4
28,48,-0.09216860528085202,0.27212991247065066,-1.0150000485925206,-0.011142081611648235,10,4
29,46,-0.03171932962628756,0.1404715482901703,-1.0150000485925206,-0.011142081611648235,10,4
30,44,-0.13199644978175307,0.3254575632812938,-1.0150000862785002,-0.011142081611648235,10,4
31,46,-0.15195689568691104,0.34792813468026823,-1.0150000485925206,-0.011142081611648235,10,4
32,47,-0.1518763267108405,0.3473851174410501,-1.0150000554973329,-0.011142081611648235,10,4
33,40,-0.15211969271769463,0.347862711509837,-1.0149999559806566,-0.011142081611648235,10,4
34,49,-0.11188140110651386,0.30104045563498116,-1.01500005532423,-0.011142081611648017,10,4
35,45,-0.11197047076652156,0.3010110638601138,-1.0150000485925206,-0.011142081611647758,10,4
36,46,-0.1721564531968165,0.3670312486846561,-1.0150000862785002,-0.011142081611648017,10,4
37,45,-0.15212812951577567,0.34814669601951104,-1.0150000430294757,-0.011142081611648017,10,4
38,46,-0.23219480781323834,0.4150140908581501,-1.01500005532423,-0.011142081611648017,10,4
39,45,-0.15192493364757834,0.34765333724968084,-1.0150003305949513,-0.011142081611648017,10,4
40,48,-0.09199022863287634,0.27181447272258535,-1.0150000485925206,-0.011142081611648017,10,4
41,43,-0.07158071135310773,0.23751110473230672,-1.0150004607969445,-0.009237159883264661,10,4
42,47,-0.05108586117065424,0.19681312772944562,-1.0150000485925206,0.01660780541114236,10,4
43,47,-0.06405062761152515,0.24118735886200224,-1.0149999566323564,0.12028564735406287,10,4
44,43,-0.08711162878474972,0.4014172426629128,-2.016000032335308,0.2530323745043009,10,4
45,46,-0.19307762290757105,1.5994704491639262,-11.009925167741281,0.512227361862192,10,4
46,46,0.21172030556931426,0.22681119283594486,-1.0149998874279096,0.6558796832208283,10,4
47,45,0.30409506208127035,0.36515493860213566,-1.0150002485797212,0.6558694759848237,10,4
48,45,0.3289075960104232,0.8049746220564958,-5.01749991655908,0.7589206783955068,10,4
49,49,0.03361558610192032,2.702752467190562,-18.00353434600261,0.774984700046552,10,4
50,44,0.5340786281888074,0.30022259665191686,-1.0099999999999998,0.804521779952892,10,4
51,43,0.5799619241389293,0.23987423949565922,-0.013333188154955917,0.825698215142613,10,4
52,46,0.07184617192847507,3.681894116020051,-24.019258023004074,0.899973106544872,10,4
53,47,0.6373733613307255,0.24524194422325143,-0.01333329935778409,0.899973106544872,10,4
54,46,0.1438971796920018,3.610522817580239,-24.019252372660205,0.9269949861005118,10,4
55,47,0.6863590930660096,0.35168517857150605,-1.0099999999999998,0.9693949045281705,10,4
56,43,0.18611669358458896,3.5802271263597305,-24.019259262135794,0.9857136917064828,10,4
57,45,0.7748306890104181,0.25178360742675526,0.021177216802356354,0.9932173803656995,10,4
58,45,-0.4373030476808968,5.397302775508192,-25.01928486261891,1.0499751479708663,10,4
59,45,-0.34268548882315314,5.173753350168029,-24.019259256479177,1.150871745875283,10,4
60,45,-0.2557750843694788,5.129174902266426,-24.019249859832538,1.1788700515125894,10,4
61,45,0.806614402345713,0.4081555254834698,-1.0099999999999998,1.1788700515125894,10,4
62,46,0.7562435735560373,0.3459728595011943,-0.013333318566554215,1.1788700515125894,10,4
63,47,0.9279492137407354,0.2519895102652427,0.06394994439795039,1.1788700515125894,10,4
64,46,0.19814513496620134,3.8344616771406974,-25.01812209651205,1.1830570395515347,10,4
65,46,0.3891187204192356,3.690570357121623,-25.019285709160698,1.2184556805062516,10,4
66,45,-0.16645970194493123,5.218481602360404,-24.019259252959912,1.2415037886445317,10,4
67,48,0.8571122452699839,0.4414468146904667,-1.0099999999999998,1.2415037886445317,10,4
68,48,1.0099511154177996,0.3059569019456098,0.00913552932272908,1.2415037886445317,10,4
69,47,-0.24828711816793855,5.0975499615079976,-24.019259254541566,1.2498760048006046,10,4
70,47,0.8616050210664701,0.40154704585048295,0.00799979650257342,1.2661677678060241,10,4
71,45,0.2758623593424742,4.0281790532201365,-26.019310340484022,1.2661677678060241,10,4
72,48,0.8760996181909498,0.5000567089408718,-1.0099999999999998,1.3018487302098714,10,4
73,43,-0.11283169320305723,5.002228691168533,-24.01925925646931,1.3018487302098716,10,4
74,48,0.6357537551629902,1.9571427833521677,-12.01725401423277,1.3018487302098714,10,4
75,48,0.32966990450038564,3.9302376475776284,-25.00847421225661,1.3092699326578996,10,4
76,49,0.11271968723192752,4.21208611973747,-25.00877074671084,1.3092729952969318,10,4
77,47,0.3775252265324625,3.8172234677809036,-25.019285703198083,1.3092729952969318,10,4
78,47,0.7236878586065636,1.8933916053157094,-12.01866666440727,1.3092729952969318,10,4
79,49,0.15064479116392882,4.229695161711359,-24.019259257042147,1.3139305079700887,10,4
80,46,0.30258457395235944,3.7861155526461676,-24.019259259379794,1.347602495878934,10,4
81,43,1.0692373564697215,0.37953474165498907,-0.013333494291268332,1.3488639318781384,10,4
82,47,1.0975213773627883,0.36047354098362666,0.006678488594059688,1.3390790791825675,10,4
83,44,0.5065239573761388,3.7243196241548966,-24.019259259064217,1.355852510599097,10,4
84,49,0.7507247071679443,2.061459270596275,-13.01874724666254,1.3596997970059124,10,4
85,49,1.0418099577450517,0.5830699891609968,-2.0159999139889497,1.3622511911734716,10,4
86,46,-1.2977285448371116,7.558737697932254,-26.019310345721415,1.3622511948754894,10,4
87,48,1.169968802782278,0.2402272464489043,0.44653534607995543,1.3622511948754894,10,4
88,45,-0.12207849634545108,5.54485026756088,-26.007784582825895,1.3622511948754894,10,4
89,48,1.1617075601629643,0.307614245073942,-0.0133333333484908,1.4028521108916052,10,4
90,47,1.0828027522247552,0.5593732834744988,-2.015999963667369,1.4039730731150117,10,4
91,47,-0.008757698688431332,5.678970170235237,-26.008006332797798,1.404836150810781,10,4
92,45,-0.08987877868434456,5.673322967332833,-26.0193103498076,1.4048807982191858,10,4
93,49,0.40210696867557977,4.073191174874788,-26.00906426949812,1.4139563590627184,10,4
94,43,0.507866287643008,3.8423433296465865,-26.00678044549302,1.4176997344776445,10,4
95,47,1.0608195312593416,0.6006495906708195,-2.015999962788963,1.4256183606727604,10,4
96,47,-0.6880507326654005,6.749513533766379,-27.01933335196832,1.4383256054554836,10,4
97,48,1.0489755388317583,0.39815790338251594,0.055773276742079284,1.4420269473150251,10,4
98,50,0.12177410777390862,4.510146934566743,-26.005503097131907,1.442591731437682,10,4
99,42,0.5291669546709906,4.288407131071142,-27.005945844531308,1.445347518694118,10,4
100,47,0.39559480584755136,4.432470167869671,-27.01933335194785,1.462110059958821,10,4
