gen,nevals,avg,stddev,min,max,run,representation
0,50,-1.0099999999999998,0.0,-1.0099999999999998,-1.0099999999999998,2,4
1,46,-0.9302666666665388,0.2703888886610269,-1.0099999999999998,-0.013333333331737479,2,4
2,46,-0.6114333333276347,0.488347099916319,-1.0149999997469918,-0.013333333331737479,2,4
3,47,-0.05330000265791594,0.19579651795696845,-1.0149999997469918,-0.013333316366767402,2,4
4,43,-0.13353333270022463,0.32550314016929244,-1.015000020153103,-0.013333316366767402,2,4
5,46,-0.09336666564568194,0.2714069293140702,-1.0150000000428947,-0.013333316366767402,2,4
6,45,-0.23334324881429147,0.46022842827318944,-2.0159999972331257,-0.011162533377448791,2,4
7,47,-0.1334333249556022,0.3252329820363469,-1.015000008051883,-0.013333184544105262,2,4
8,47,-0.25331999989231674,0.4716860989581386,-2.016000156327704,-0.013333227415041702,2,4
9,45,-0.09309612569706224,0.2711196108434281,-1.0150000001901438,-0.0090696681971806,2,4
10,47,-0.13309236741660738,0.3253609171537563,-1.015000023203502,-0.009069668197176913,2,4
11,45,-0.05250650930092443,0.196475474298104,-1.0149999806654202,-0.009069668197176913,2,4
12,46,-0.09178906752183989,0.2715214526406204,-1.0149999806654202,-0.009062643292269641,2,4
13,48,-0.1315802807305496,0.3253081774884121,-1.015000072186099,-0.009062643292268868,2,4
14,46,-0.07143203735685946,0.23797570143107188,-1.0149999852318203,-0.00906205319722201,2,4
15,45,-0.05125631055615987,0.19594846789927708,-1.0123011405070952,-0.009062053197221868,2,4
16,44,-0.011257155843014253,0.0020513702684602044,-0.013333398021586385,-0.009062053197221774,2,4
17,46,-0.1113945063404039,0.3601991382325632,-2.004925361372394,-0.009062053197221774,2,4
18,47,-0.09170374676780027,0.27146738896782024,-1.0150001889506084,-0.009062053197221774,2,4
19,47,-0.1067883099181693,0.30342261621584443,-1.0150000461976594,0.20675401638065122,2,4
20,49,-0.07292607485533469,0.28406505415316413,-1.0150000456587909,0.21912156106467218,2,4
21,50,-0.046883699486712685,0.29408242369036064,-1.0150000050943109,0.21912491103141707,2,4
22,47,-0.11300684268307673,0.4744660283795118,-2.0160005155934844,0.3219396163227465,2,4
23,48,-0.06115228363099343,0.6043948756230233,-3.0122052555556915,0.4095621518903377,2,4
24,48,0.06951682437938156,0.3680613899509517,-1.0150000069682095,0.4095621518903377,2,4
25,49,-0.1495285883275158,0.8826847706243459,-4.0163779276251015,0.5129695751955349,2,4
26,46,0.01721528882965446,0.7813726007696459,-5.001140425572821,0.5129695751955349,2,4
27,47,0.25281210195835113,0.14380530531749888,0.008945715671406706,0.5129695751955349,2,4
28,44,0.101895074976455,0.854298294001806,-4.017142719265104,0.5129695751955349,2,4
29,44,-0.16822299030437743,1.1494897955893237,-4.017142719265104,0.6485728097140558,2,4
30,46,-0.03270204727450695,1.1205997442366071,-4.017142830049845,0.6485728097140565,2,4
31,46,-0.08524877590811364,1.119817573807551,-4.017142969210006,0.6485728097140565,2,4
32,48,-0.19800889218021994,1.1678174152297416,-4.017143220385446,0.6510905543291227,2,4
33,45,0.020221044829405437,1.0880106483060168,-5.0163722760414,0.651019205280767,2,4
34,44,0.1060658599429326,0.8533404077618357,-3.016666678150981,0.651019205280767,2,4
35,45,0.2660032455078307,0.5784177352394779,-3.0166666810950673,0.651019205280767,2,4
36,43,0.0794694743227077,0.9574450131103058,-3.0166666764399674,0.7394797262687727,2,4
37,44,0.1523137784307635,0.7805714881271131,-3.0166667443371193,0.8005693673152156,2,4
38,47,0.07289706071970983,0.9412127882388595,-3.016666684709624,0.8005693673152156,2,4
39,43,-0.05842236900026745,1.0958060841320398,-3.0166666783897167,0.8005693673152156,2,4
40,47,0.02237580560162141,1.0946122270790146,-4.0171429736795,0.8013872450687689,2,4
41,43,0.1381596843942253,0.985124458115326,-4.0171429736795,0.8013872450687689,2,4
42,49,-0.2091015134788019,1.2614224822347935,-4.017142781599335,0.8539433175621202,2,4
43,46,0.19139986427957872,0.8937773331278004,-4.017142884133716,0.8539433175621202,2,4
44,45,0.07983976502963,0.9638322253333619,-3.016666675919996,0.80138724506877,2,4
45,46,0.02471385479441686,0.9410434380931272,-3.0166667428970406,0.8013872450687695,2,4
46,48,-0.007519007717191553,1.1044479813015569,-4.017142816977619,0.8021734102072267,2,4
47,46,0.37071369825543626,0.745338802713837,-3.0166667429278413,0.8296013115916671,2,4
48,48,0.3594683090673874,0.7803151374218024,-3.0166666541742257,0.8021734102072267,2,4
49,47,0.22602359887229823,0.7756641857307409,-3.0166666541742257,0.8021734102072269,2,4
50,44,0.2741818311202598,0.7574505805604835,-3.016666634682994,0.8021734102072267,2,4
51,45,0.33451285542707154,0.6382626490920176,-3.0166666542592484,0.8129907127301694,2,4
52,45,0.10054872699633297,1.0434492987158979,-3.0166666542592484,0.8129907127301694,2,4
53,44,0.17231047639423505,0.8972766074390881,-3.0166666542592484,0.8247458597261129,2,4
54,46,0.4641781186542049,0.5027367538784866,-2.015999998229628,0.8247458597261131,2,4
55,46,0.40643014822741497,0.7600530750928601,-3.0166666470597576,0.8247458597261131,2,4
56,45,0.3921529186925833,0.7800002275251477,-3.0166666470597576,0.8263216595463551,2,4
57,48,-0.12461019283416924,1.3106025171690743,-3.0166666457997158,0.8969170015063969,2,4
58,46,0.5488616084452485,0.3385177724221802,-0.013333325595058938,0.9335455909606936,2,4
59,45,0.23265050470830723,1.0077355727303643,-3.01666664826264,0.9335455909606936,2,4
60,47,0.3545598999357917,0.753507675104204,-3.0166666458536815,0.9335455909606936,2,4
61,48,0.16008081575614017,0.9966209530563372,-3.0166666457997158,0.9335455909606936,2,4
62,49,0.30546089307599195,0.6772230411200993,-3.010737274341686,0.9588384082932148,2,4
63,47,0.3248145327692599,0.701985843909383,-2.0159999998110183,0.9588384082932148,2,4
64,49,0.44967861661998293,0.6845283134017768,-3.0166666744491506,0.9588384082932148,2,4
65,47,0.5894647284350414,0.5140661775005773,-2.015999997622502,0.9588384082932148,2,4
66,49,0.3505536422634053,0.7021468360476898,-3.0166666592913716,0.9661875776535312,2,4
67,50,0.5999009329467322,0.3729798380379133,0.008571419120954538,0.9661875776535312,2,4
68,47,0.4889356102491935,0.3904506252709134,0.025362029215082443,0.9661875776535322,2,4
69,48,0.40959962843528525,0.9006101630779069,-3.0166666433314733,0.9715601756119022,2,4
70,46,0.5934274000294587,0.3726983059548301,0.0375862464488896,0.9715601756119022,2,4
71,44,0.30344506166038615,0.9849543325598528,-3.016666641093119,0.9715601756119022,2,4
72,45,0.5097698364764083,0.8099765231785514,-3.016666642148161,0.9798734593052509,2,4
73,45,0.5105660149253448,0.7158109659862228,-3.0166666575728684,0.9798734593052509,2,4
74,46,0.40512433739149756,0.9387378986343412,-3.0064483876951504,0.9817999287349276,2,4
75,48,0.5830637998842204,0.8361925494272329,-3.0064483876951504,0.981822719139292,2,4
76,49,0.5052585084676617,0.8017857139139749,-3.0166666652199368,0.9818227191392923,2,4
77,46,0.5815840698911172,0.6347354804799408,-2.0159999987683594,0.983445980980663,2,4
78,45,0.30954735514816734,0.9933020998279751,-3.0166666328011686,0.983445980980663,2,4
79,43,0.6674424363286581,0.3691940332179204,0.10412318389862392,0.9845224015685795,2,4
80,48,0.5071512864720904,0.8104303029111105,-3.016666671177532,0.9845224015685795,2,4
81,48,0.348707778737643,1.0823538261096604,-3.0057228189843763,1.0115198861976935,2,4
82,46,0.6769245532279747,0.42260198327747606,-1.0099999999999998,1.0241439886506045,2,4
83,46,0.5560570010034832,0.6758124189808808,-3.00418084954535,1.0241439886506045,2,4
84,41,0.6798207621218018,0.3906726354217632,-0.013333364553702291,1.0241439886506052,2,4
85,48,0.5934825638614163,0.6704543521365107,-3.00418084954535,1.0709647922282544,2,4
86,46,0.7134250826021231,0.5151271999001299,-2.0159999988513357,1.0718941676011309,2,4
87,44,0.7231150816431525,0.633503610995375,-3.0040207256159337,1.0718941676011309,2,4
88,45,0.6225769333680923,0.7718033026847643,-3.0035931170749848,1.0718941676011309,2,4
89,46,0.7496422483597784,0.6329202316644366,-3.0035800768152674,1.0831272723040368,2,4
90,45,0.8810037201531897,0.2934294768855982,0.0787032413616247,1.1241836334986597,2,4
91,46,0.7781693878978345,0.6120418843630976,-3.016666656557668,1.13794476148774,2,4
92,44,0.8664255919842161,0.3398666186598443,0.14978131047560578,1.1380545980339132,2,4
93,48,0.8481507875988732,0.3591929328692478,0.13546269994588264,1.162601185621048,2,4
94,47,0.8565186808976237,0.34983923951847523,0.11982290957856653,1.1749034483608576,2,4
95,47,0.701275549978961,0.5529833712642691,-2.016000014658851,1.2036551601135155,2,4
96,47,0.9138563914141621,0.3624713731514449,0.14307606465450645,1.2036551601135161,2,4
97,48,0.8356449047082402,0.3902358524873294,0.1730344137098578,1.2036551601135161,2,4
98,46,0.7742858796261229,0.6921334082314552,-2.0160000469039927,1.2036551601135161,2,4
99,44,0.9083680824817704,0.5393506165603168,-2.016000001541038,1.217998215799154,2,4
100,46,0.7884612079691884,0.9128070138042974,-4.016060026686455,1.2228140628494317,2,4
