gen,nevals,avg,stddev,min,max,run,representation
0,50,-1.0099999999999998,0.0,-1.0099999999999998,-1.0099999999999998,4,9
1,47,-0.5515333139034847,0.4967361280542124,-1.0099999999999998,-0.013333202202318682,4,9
2,46,-0.4876347073767108,0.5039690519459704,-1.0150000612119865,0.21830864110251655,4,9
3,45,-0.506947154930125,0.5058115892589051,-1.0150001782004896,0.14666781032973827,4,9
4,48,-0.42691996364666734,0.5593233680233002,-2.0159999967154123,0.21648533250313506,4,9
5,46,-0.28423564329991646,0.6202477034333748,-2.015999986629433,0.3554484959418452,4,9
6,47,-0.06415051642374289,0.5585688355232519,-2.0160000067552106,0.34217880472777923,4,9
7,43,-0.23357294762127373,0.9167606448239243,-3.016666738879614,0.43594156140722906,4,9
8,43,0.11622054128828854,0.516200619569684,-3.0166667947904693,0.43594156140722906,4,9
9,43,0.03670081992377167,0.6364935337697926,-3.0166666346062927,0.4359453425301095,4,9
10,46,0.03571487626667508,0.6351280434460658,-2.019999999448067,0.43594156140722906,4,9
11,46,-0.001002737132186327,0.8708360804930012,-3.020000024900953,0.8113964124686199,4,9
12,46,-0.04248982067407508,0.8607638570821935,-3.0166666736900702,0.8137562771947615,4,9
13,47,-0.36872516277636413,1.1763866359447828,-3.0166666914640574,0.8137562771947615,4,9
14,49,-0.15758566716911648,0.9799496378762018,-3.0166667947904693,0.7034661937559443,4,9
15,46,-0.018857149877744527,0.8629697362394892,-3.0166666590541285,0.5575345504402928,4,9
16,47,0.040037672470141415,0.9552972031694517,-4.017142844282447,0.8137562771947615,4,9
17,50,0.12257803799677357,0.7793337057142362,-4.017142831323405,0.5826388518909491,4,9
18,46,0.22414226707853094,0.5168246864935055,-3.0166666858793674,0.6604771576616094,4,9
19,48,0.20370514345206367,0.6138380799485204,-3.0166666858793674,0.8646854815119152,4,9
20,48,0.14248997871340585,0.8829613659177575,-5.017499966381767,0.8646854815119152,4,9
21,47,0.0957247468121416,1.0720735287091236,-5.017499977907597,0.8199501199147233,4,9
22,47,0.20578042754800688,0.7940109424744883,-4.017142777968817,0.8629623542731404,4,9
23,49,0.22421100212414666,0.7998110377065436,-3.0166666874511026,0.8598266658179362,4,9
24,49,0.22287036837991864,0.9912112669981223,-5.0174999640340845,0.8137562771947615,4,9
25,46,0.1187222761591506,0.9277464404244768,-3.0166666914640574,0.8112474589130203,4,9
26,45,0.1731000712073862,0.9618667596661017,-5.017499929155941,0.7776639900478178,4,9
27,45,0.35111812101341,0.5230905504407511,-3.016666729071603,0.7912857529372781,4,9
28,46,0.34187015341550747,0.6637435819882602,-4.017142911492791,0.8012570846372334,4,9
29,45,0.4063602410556053,0.23098308173594534,0.12525153807382086,0.9072864948064202,4,9
30,50,0.41326354110146263,0.23498371270919935,0.09736373542185899,1.0070816089432102,4,9
31,45,0.48026479986182613,0.23151946666405648,0.13404243102162128,0.8552702168728678,4,9
32,48,0.37009350077059516,0.6671994261940272,-4.017142858127886,0.8532179751867781,4,9
33,45,0.5135281599733607,0.2464788774680069,0.09512282429611159,0.8652115790042554,4,9
34,45,0.4378016921337665,0.3438679828598146,-1.0150000445617409,0.897694961677844,4,9
35,42,0.456686108446998,0.23700031708187824,0.09107323223134524,0.897694961677844,4,9
36,47,0.43235907631990217,0.21953966464283606,0.06665896526961132,0.8660832808601728,4,9
37,47,0.33469604508239376,0.8254674690519871,-5.01749998195255,0.897694961677844,4,9
38,46,0.4674951036868278,0.2343140804428309,0.08496875702815192,0.9063158876817256,4,9
39,47,0.45174455375328143,0.22345904015464005,0.12725395400754272,0.9016555231532546,4,9
40,43,0.38495003059312644,0.3184603855928801,-1.0150000812353415,0.8213489925030819,4,9
41,47,0.4269121237154955,0.22983266103724692,0.12745698434684807,0.8878341053166138,4,9
42,45,0.47106522958152147,0.20874494671796054,0.15590904362141195,0.9016239214106797,4,9
43,45,0.5121089543671062,0.23619449556907962,0.1275119081707225,1.038600841947023,4,9
44,45,0.4054040129821208,0.8051627049054726,-5.02,0.9016555231532546,4,9
45,46,0.42479510375552215,0.23711730106088813,-0.01333325896964796,0.897694961677844,4,9
46,46,0.49641638773788904,0.22139535319614956,0.07462059091724603,0.9862119286931161,4,9
47,49,0.3991844217162651,0.5315219158759925,-3.0166666763553938,0.8384445622514695,4,9
48,46,0.4554032317198527,0.2150324844349058,0.07421556867665934,0.8277183475293015,4,9
49,47,0.372680083725754,0.41136570233814723,-2.016000003633576,0.8582851664863845,4,9
50,46,0.33295192392388323,0.5242623272590222,-3.0166667103893765,0.8582851664863845,4,9
51,45,0.4437584630205326,0.3003103832069876,-1.0149998432038245,0.8582851664863845,4,9
52,44,0.5162342444420529,0.23039654788448474,0.08522535248458955,0.8666978353199057,4,9
53,45,0.4856420760096781,0.2710187690337152,0.11547089949941969,0.867105888954237,4,9
54,48,0.41426333916898345,0.31443747335031585,-1.0149962984184082,0.8641760556166822,4,9
55,44,0.4082344164313569,0.41458768575627386,-2.0159999054251396,0.8641760556166822,4,9
56,45,0.43496875015816244,0.23251334575608001,-0.013333420189165739,0.8719842573249873,4,9
57,47,0.4625962363547137,0.2352598060730911,0.032882727838958285,0.876071797982357,4,9
58,46,0.2960006598228576,0.818002114363997,-5.017500131863677,0.876071797982357,4,9
59,44,0.2271813696031152,1.1287887101599536,-6.017777777590321,0.8637723151423322,4,9
60,46,0.4062519966476244,0.2127863635051735,0.0956228960070842,0.8621201451125807,4,9
61,48,0.11141437951048797,0.8959996260747114,-4.017142855425437,0.8621201451125807,4,9
62,43,0.40487972691372554,0.18404468112293199,0.08273326109534561,0.8621201451125807,4,9
63,46,0.2732067333071515,0.5351323617288496,-3.016666659566365,0.8372043325489688,4,9
64,46,0.37376119840428546,0.18624763386785287,0.09217281548640248,0.9360539716133238,4,9
65,42,0.4090935252810912,0.18601401023613998,0.07472043214128402,0.8602203548668341,4,9
66,44,0.26659691674195196,0.9203443308842751,-6.017777799972076,0.8602203548668341,4,9
67,44,0.3267118687117925,0.5281240934473135,-3.0166666508325752,0.8602203548668341,4,9
68,48,0.3932982209867296,0.2121272902366118,0.12141726765177402,0.8602203548668341,4,9
69,47,0.371226215778825,0.28788743947557566,-1.0150000145645106,1.0126759484568226,4,9
70,45,0.37764841903814256,0.16826657071829265,0.1390608194972722,0.7739482559729417,4,9
71,46,0.417706684302624,0.19260045085883543,0.10421017985050712,0.8372043325489688,4,9
72,47,0.4174697974784038,0.1887260859604519,-0.013333323954250137,0.8161030116788084,4,9
73,47,0.43151826472936167,0.20923974214689067,-0.013333420189165739,0.8425774977800682,4,9
74,47,0.4432058672260953,0.19490727451029066,0.17602388778309896,0.9256349101317315,4,9
75,44,0.3856192779812176,0.26897168075411054,-1.0150000612119865,0.8273299080537059,4,9
76,45,0.4651784998241517,0.19909676779541344,0.09916207692075009,0.8417483621718946,4,9
77,46,0.4665823963934537,0.1852778965892042,0.1764446139023929,0.8273299080537059,4,9
78,45,0.46976274346254593,0.1959528871639911,0.11762109006950795,0.8464546932983545,4,9
79,45,0.36328515586097754,0.5220876042184566,-3.016666625255351,0.8273299080537059,4,9
80,47,0.4319375887380567,0.2729246885360643,-1.0149999837124937,0.7753837622963486,4,9
81,47,0.41867436043949036,0.1945056825708397,0.15922157387638455,0.76894977120334,4,9
82,46,0.4728632436881089,0.20600468333877023,0.09892386486783249,0.8479698437498498,4,9
83,45,0.3783484508877067,0.4099585553416048,-2.0159976622612947,0.9138829174599907,4,9
84,44,0.45239945016668137,0.23211793322575336,0.02193081255194165,0.9199510872380305,4,9
85,45,0.2752551497240965,1.0053126693970955,-5.020000031667327,1.0022938499899854,4,9
86,44,0.5014746619116944,0.2259750767971152,0.13099833754435397,1.0022938499899854,4,9
87,43,0.531627103526659,0.22373683160306418,0.13978001287808559,1.0022938499899854,4,9
88,43,0.48311684009263567,0.5633911405299475,-3.0166666540853937,1.0049679273428178,4,9
89,45,0.5427409089424079,0.26322555185296087,0.17190705380313376,1.0049679273428178,4,9
90,47,0.5798902625127245,0.27580475052459447,0.09651629252851625,1.015044178034773,4,9
91,49,0.4876370746053702,0.28628508620833426,0.08241765011679023,1.0050689000695252,4,9
92,45,0.4860188762320552,0.24792627223070635,0.08565710182774383,1.0050689000695252,4,9
93,44,0.5242258482064905,0.24010779531698692,0.06320422290985653,1.0050689000695252,4,9
94,46,0.48583877960533306,0.23303489666486876,0.07322625727033445,0.921134797136041,4,9
95,44,0.5001674944517825,0.2514003587878201,0.08572178749722482,1.0186045358243103,4,9
96,47,0.4286355030362248,0.6797989802907002,-4.017142856938154,1.0186045358243103,4,9
97,47,0.3807672490842979,0.5349060681618428,-3.0166665237924186,0.911274596882068,4,9
98,43,0.5149692531300143,0.2278095206081957,0.09702247220028654,0.911274596882068,4,9
99,50,0.4533563142952056,0.24799356836019174,0.07533860777224682,1.0051170858465623,4,9
100,44,0.5091282416253545,0.23482466923037248,0.13323307458413797,0.8611806823041747,4,9
