gen,nevals,avg,stddev,min,max,run,representation
0,50,-1.0099999999999998,0.0,-1.0099999999999998,-1.0099999999999998,1,1
1,49,-0.8106666666663473,0.39866666666730494,-1.0099999999999998,-0.013333333331737479,1,1
2,46,-0.31233333310465233,0.45673004441363885,-1.0099999999999998,-0.013333318611476526,1,1
3,47,-0.3929666607551009,0.48492053349466335,-1.0150000000428947,-0.013333250652603693,1,1
4,45,-0.2530333246326658,0.42655098953097076,-1.0150000241803767,-0.013333250652603693,1,1
5,46,-0.2523841685843102,0.42669869554557077,-1.015000010566297,0.014124550048992527,1,1
6,45,-0.2321414432160594,0.4140006467955388,-1.0150000106501895,0.02718532731363152,1,1
7,45,-0.19035323946892457,0.3847572493498583,-1.015000010566297,0.06351955731274946,1,1
8,47,-0.2647773467338966,0.44469909387135953,-1.015000116086363,0.09930867071243965,1,1
9,46,-0.2870139542016282,0.6541097803897279,-3.0166666661969304,0.15824977513426117,1,1
10,46,-0.32212804141966067,0.8782347418320143,-3.0166666652176053,0.15824977513426117,1,1
11,45,-0.013742845294513147,0.44127565973583266,-2.016000002045411,0.3365564378518512,1,1
12,49,-0.06771973460845357,0.6926989469340663,-4.004602345758223,0.33655643785185135,1,1
13,43,0.09490630108773349,0.4535085093151496,-3.0166666633784547,0.33774662642119074,1,1
14,43,0.12270433488867892,0.4579890347889765,-3.0078493975985374,0.33774662642119074,1,1
15,48,0.12411099235173317,0.4587077787515396,-3.0078617176676894,0.3581207428360306,1,1
16,45,0.22401002911842968,0.10925249785621782,0.03633355677550634,0.35839941989801544,1,1
17,46,0.24497174761536164,0.10316187734214827,0.03633355677550634,0.36687372295278275,1,1
18,48,0.0784959627323719,0.8630262846623478,-5.000571768378289,0.4194016990276943,1,1
19,43,0.29124817546307263,0.10200700258655335,0.017708007300800552,0.4194016990276943,1,1
20,46,0.223826401428604,0.4795367788786131,-3.0166666732029155,0.476002186220939,1,1
21,48,0.3471377555682412,0.095016145550836,0.12091772986341127,0.532063272825849,1,1
22,47,0.10957952972588973,1.0737765726262742,-6.017737309722699,0.5345358318605385,1,1
23,46,0.34862533899584974,0.14797355327318978,0.00528515122866926,0.5527947563351174,1,1
24,48,0.12089836477272385,1.2585975380873244,-6.00298204189481,0.5775205339000351,1,1
25,47,0.07856507765698556,1.45536472013281,-7.018000000348539,0.5685992533580281,1,1
26,45,0.39391941577233874,0.1610427356792003,0.002774883999990625,0.5685992533580281,1,1
27,49,0.4156415277472851,0.14438878522343543,0.03970057115212972,0.5861743972415034,1,1
28,47,0.4080252015213903,0.1583440735008289,0.05156326510745475,0.5916224710074269,1,1
29,48,0.2855992742856246,0.913209361747159,-6.017777777346562,0.5916224710074269,1,1
30,44,0.4294243673026284,0.15578891178120624,0.08699999369557218,0.5916224710074279,1,1
31,47,0.31809981901461937,0.7731019034052755,-5.0174999986223945,0.6004708422006763,1,1
32,44,0.479756718334267,0.12099540330828605,0.09384475259784493,0.6004708422006763,1,1
33,45,0.4730852138591565,0.13055950909849026,0.05723728342704013,0.602582618724889,1,1
34,49,0.49245070823006354,0.1399821389089039,0.07185776394257633,0.6125017804033834,1,1
35,48,0.5066299914058243,0.12828141636394408,0.0507756570861548,0.6539768269949048,1,1
36,47,0.5176977631111074,0.1138116433851516,0.1634284417309109,0.6767696229151501,1,1
37,48,0.5214081331698238,0.12580392366166032,0.11815888210404721,0.6941408710073309,1,1
38,41,0.506305429248726,0.16196455053405515,0.036253680693516505,0.7105328367580759,1,1
39,47,0.5577918810408159,0.16569966623981405,0.05911451207220008,0.7177529784457711,1,1
40,46,0.5751741193628519,0.1633716964398843,0.11289740730803251,0.7680031526288258,1,1
41,48,0.571982703645559,0.19864806642732918,0.026430318456885385,0.7898651457264159,1,1
42,48,0.5546687576825511,0.207803156008129,0.1513378700670802,0.8076205576378797,1,1
43,44,0.6365419311955961,0.15241720379057663,0.20745731836970455,0.8076205576378797,1,1
44,45,0.5553270986093982,0.23090900266732187,0.08405570174944815,0.8076205576378797,1,1
45,47,0.5771270505022337,0.20944675778819288,0.08222454864458484,0.8076205576378797,1,1
46,49,0.531501311906883,0.2477402563385705,0.03957833840303384,0.7899174073978221,1,1
47,48,0.5318223498743014,0.24828742916593224,0.05817084948111024,0.8584537175759986,1,1
48,49,0.5529469254220367,0.2696813089406551,0.00758252187080807,0.8630296452472545,1,1
49,46,0.5765270170573507,0.22176245563222768,0.030704560127915836,0.8630296452472545,1,1
50,47,0.5965597704297064,0.23638572993122767,0.04805770957860606,0.8630296452472545,1,1
51,48,0.5588696269006919,0.24346327358395972,0.013073635219087444,0.9293746215325768,1,1
52,46,0.5598943340854873,0.27852938317806464,0.0879172181073919,0.9341910126601595,1,1
53,48,0.5374446555399522,0.29819559249365135,0.025673518541309857,0.9341910126601595,1,1
54,46,0.5812681073495027,0.2623167179478809,0.10133336288152543,0.9691124106953284,1,1
55,43,0.6578023025332836,0.27087958918021443,0.12451824900339006,0.9691124106953284,1,1
56,49,0.6405271554962568,0.292328933531452,0.05018158887831,0.9731394868636598,1,1
57,47,0.7264994315710323,0.29359950712316263,0.12629403073697962,1.0209575653729956,1,1
58,45,0.6477783529827282,0.31913507927754065,0.07690796987520396,1.0574055340954347,1,1
59,44,0.7354330802910879,0.28696053407017574,0.14656901022436478,1.2259794976641674,1,1
60,50,0.5660449582788102,0.3395184199653505,0.03395560939323572,1.148817144707909,1,1
61,45,0.7050339290753681,0.32049707526499926,0.08029580064533866,1.1678640055199538,1,1
62,43,0.7680923089967058,0.3296717399604579,0.08741964927719437,1.1678640055199538,1,1
63,48,0.7080381823045596,0.32953552686499704,0.12682009795774718,1.1678640055199538,1,1
64,46,0.7201633913121124,0.3341354295718461,0.1002624073681927,1.327656362762303,1,1
65,48,0.7651053783443507,0.35703067781110587,0.03592815186346084,1.3502465626921318,1,1
66,47,0.6460989499215064,0.3640708527110362,0.05342589442084267,1.2285686316811586,1,1
67,45,0.7784533128984737,0.34166966127927234,0.12563939979376165,1.350246562692132,1,1
68,48,0.7392190478688871,0.3724469730230171,0.10801929821515412,1.2285686316811586,1,1
69,45,0.7390968526034877,0.39537296176687686,0.10147740322064637,1.2285686316811586,1,1
70,46,0.8137081917387942,0.39918284557549527,0.123780473213345,1.320125640791882,1,1
71,48,0.8179420944871173,0.42213597687926163,0.11197431390161595,1.320125640791882,1,1
72,48,0.7888467321737735,0.4167947931468611,0.123780473213345,1.3201256407918838,1,1
73,44,0.8725066131157675,0.40316304980399303,0.0731753366060084,1.3370700523293126,1,1
74,44,0.945650416899295,0.39878354284283357,0.09903529122249458,1.3504893032723055,1,1
75,47,0.8808044126153903,0.46380002314989716,0.14396603023365562,1.3504893032723055,1,1
76,40,0.9213153386083199,0.44753596631481907,0.13717885811805158,1.4484313022099278,1,1
77,49,0.8336900691306495,0.4434409296048924,0.10994116665623851,1.448431302209929,1,1
78,48,0.7807895674988384,0.4485812651206812,0.11610296331545221,1.448431302209929,1,1
79,42,0.8748350358710872,0.478673742636097,0.10305934364836829,1.448431302209929,1,1
80,46,0.8847248551603413,0.47348556016605,0.08248529411570843,1.4484313022099295,1,1
81,42,0.9448393474719995,0.47454692619847527,0.14627500292187495,1.4716738923232076,1,1
82,48,0.8271484748631118,0.46028351356450176,0.14056691560035342,1.4716738923232076,1,1
83,42,0.8563997107823947,0.4767848518630169,0.11683486487797097,1.4715307893977865,1,1
84,47,0.8959979885222389,0.4672650231119289,0.1885546882390497,1.4716738923232076,1,1
85,41,1.0772722465373021,0.461436265236447,0.13180089289188285,1.471518507242914,1,1
86,46,0.9511165256981851,0.5015114066775537,0.07203388470420835,1.4715185072429195,1,1
87,44,0.883514661541819,0.4905491220400861,0.07088355176757875,1.471518507242914,1,1
88,47,0.6301065946552491,0.43555848174997697,0.05018359868176167,1.471518507242914,1,1
89,49,0.617961037391696,0.3817188441137684,0.1201341632665406,1.471518507242914,1,1
90,41,0.8460913244299281,0.4610765547522459,0.10825893793305531,1.471518507242914,1,1
91,48,0.7080838682657601,0.4591190434584633,0.10488246709308262,1.4931420315817465,1,1
92,47,0.5009446283713985,1.430297305544752,-9.002671737148969,1.4931420315817472,1,1
93,46,0.6844009968352414,0.4879820489939383,0.04016640494505009,1.4986952293277385,1,1
94,42,0.9159929475653718,0.5060500707669157,0.04744845663598769,1.4986952293277385,1,1
95,46,0.7807879152582197,0.5287283254383903,0.12636548133858366,1.4994840603080162,1,1
96,46,0.879034194297472,0.5160571423906797,0.15931447933340895,1.5126583814409225,1,1
97,45,0.7065696042263814,0.4602970621502727,0.02102870984716696,1.4986952293277394,1,1
98,44,0.7470937741556183,0.50571330722301,0.13141907841911551,1.4994840603080168,1,1
99,41,0.8538323029881799,0.4818352148469036,0.15931447933340895,1.5072911608939799,1,1
100,48,0.6781597640602205,0.4487815857083965,0.04397625336346556,1.5072911608939805,1,1
