gen,nevals,avg,stddev,min,max,run,representation
0,50,-1.0099999999999998,0.0,-1.0099999999999998,-1.0099999999999998,4,0
1,45,-1.0501333305715008,0.34369041165017855,-2.01,-0.013333183563090444,4,0
2,49,-0.830866663824321,0.4755861041128522,-2.01,-0.01333311366046511,4,0
3,44,-0.3668481544793011,0.48297912781303404,-1.0099999999999998,0.10949531167710295,4,0
4,45,-0.12962017512958435,0.3592054464764645,-1.0150002255875368,0.21078006503739372,4,0
5,46,-0.006641544465448974,0.25810944127152247,-1.0118522142047912,0.21078006503739372,4,0
6,49,0.0814213610007087,0.1677564913086528,-1.0150000387819629,0.25582820334733314,4,0
7,44,0.15687133476079032,0.08444119921391692,-0.013333367474025875,0.45005001297320996,4,0
8,48,0.16518008035284865,0.25918121239607583,-1.0150000353665387,0.5263745422809488,4,0
9,44,0.25326381976577517,0.1338216359221971,-0.013333488598540293,0.5263768058784092,4,0
10,42,0.3279975049164516,0.11628967904415177,-0.01333330920211182,0.5263768058784092,4,0
11,46,0.32104479393831675,0.366636030659544,-2.0199999536861055,0.5264327633013874,4,0
12,46,0.461106820070363,0.09511724561675503,0.24696764489143816,0.5275353833482516,4,0
13,48,0.4153027867821539,0.23542185409034727,-1.0150000253321878,0.5275353833482516,4,0
14,48,0.42468720197610454,0.23943975086069616,-1.015000015929083,0.5465531858782386,4,0
15,46,0.4606710627972243,0.11269609365857688,0.13536787413592205,0.5646420704445185,4,0
16,45,0.46265692890185944,0.12402614812669285,0.09971633391768492,0.564652900428409,4,0
17,50,0.4857861918761786,0.11828062360510083,0.016925130454257264,0.6831356503417515,4,0
18,48,0.46717335924498454,0.1266795813547883,0.17025844566626716,0.6831356503417515,4,0
19,46,0.48047463300845494,0.12834635450946102,0.17345028857777375,0.6831356503417515,4,0
20,48,0.5122409689158769,0.10336442864768924,0.23592216655692777,0.6831352142288102,4,0
21,44,0.47576054163506465,0.1613762587812691,0.14960773672970037,0.6831354739678742,4,0
22,46,0.5631109642455044,0.11331688477760692,0.22697403432286528,0.6831354739678742,4,0
23,47,0.5771224277258873,0.13087264210219915,0.17228845824710334,0.6831539223199853,4,0
24,49,0.5913548996558715,0.12848515691043358,0.17273392744368682,0.7070579256598506,4,0
25,43,0.6150537635472787,0.14095548687370862,0.17273355894547474,0.7070579256598506,4,0
26,44,0.5882476849954713,0.14638332953070773,0.17273207374195973,0.7218173223511352,4,0
27,46,0.5761274158668043,0.20283587778890033,0.013210488343209903,0.901179571209875,4,0
28,47,0.6117859787246538,0.16471806294993283,0.2014297667646318,0.9513393571863973,4,0
29,43,0.6666974624639199,0.1508206736270407,0.10330474435792239,0.9513393571863973,4,0
30,47,0.6230760455779238,0.3014756294981274,-1.0150000071115857,0.9558852065958201,4,0
31,48,0.6918486462799703,0.2541211769346119,0.16000008507574248,0.9558852065958201,4,0
32,50,0.7372516271110174,0.27428610867468606,0.1522723622070265,0.9559074466417307,4,0
33,48,0.7420684517594793,0.3056296475787394,0.09232213145482873,0.9559074466417307,4,0
34,42,0.7569979191718048,0.2917416245989044,0.1653035431218319,0.9559356845072081,4,0
35,45,0.7764449062948512,0.2812561617309398,0.1484508743108218,0.9575595606897197,4,0
36,42,0.7332565841119678,0.3030175668107777,0.1733592071015808,1.0313518213721513,4,0
37,44,0.7323849932969033,0.315700036182747,0.14044481925507,1.0316969875113449,4,0
38,47,0.7434555498152562,0.32824589573904717,0.09231700594213532,1.03177224160906,4,0
39,43,0.7917931452883002,0.320332105574735,0.19869736133494267,1.0317729063060581,4,0
40,46,0.8033124244804627,0.3505500080993129,0.13579415472097744,1.04476463702501,4,0
41,46,0.8406315400078713,0.32989484652883394,0.0736832114128302,1.0784170949832168,4,0
42,45,0.9226570531183194,0.268653002850655,0.10994587273499995,1.0784170949832168,4,0
43,42,0.8331313843417902,0.3520944164422198,0.077477611607661,1.0784170949832168,4,0
44,45,0.7814234817942052,0.3825758707773005,0.1417554336716589,1.078467925351303,4,0
45,45,0.8346116106813057,0.3485538034678456,0.1504246590004302,1.078467925351303,4,0
46,47,0.7329526043586426,0.39396874126390696,0.1504246590004302,1.078467925351303,4,0
47,48,0.7613522104077934,0.3918165987479731,0.16685830790770412,1.078467925351303,4,0
48,45,0.8630138406172521,0.34723852027022173,0.1665257855118042,1.097667633502483,4,0
49,46,0.7992747843776972,0.3917953416064288,0.1884567110452294,1.097667633502483,4,0
50,47,0.8080415813638112,0.3812261515649232,0.057022547810185495,1.106713930038182,4,0
51,48,0.7976836736434482,0.3981665240104959,0.05703786039283478,1.106713930038182,4,0
52,48,0.7572673823692098,0.4122820280610712,0.03179648716790213,1.106713930038182,4,0
53,48,0.7475468162693556,0.4268086449156639,0.03179648716790213,1.1067142981727636,4,0
54,45,0.8075926268463794,0.40695307489936244,0.169890464984102,1.1067142981727636,4,0
55,45,0.8230380551176082,0.4097823810438723,0.03179642379129759,1.1067309537739112,4,0
56,44,0.8965901723220131,0.35123854536097204,0.17882347471432092,1.1067309537739112,4,0
57,48,0.6652974475916872,0.44011115657648553,0.03179642379129759,1.1067384779532552,4,0
58,48,0.8787421924779657,0.37003995404787315,0.03179642379129759,1.1067309537739112,4,0
59,45,0.8423910621791068,0.3980481604379773,0.14028504668560307,1.1126125789025332,4,0
60,45,0.8260601595141007,0.4082789400108721,0.04272075372502364,1.1126200008336549,4,0
61,46,0.8150059007462346,0.3937665781607969,0.12936653070675905,1.118137714094189,4,0
62,48,0.8572725230182572,0.39985661028870184,0.15918646772770403,1.118137714094189,4,0
63,42,0.849268109857404,0.4061747172121689,0.034035926069888874,1.118137748360397,4,0
64,46,0.8887523306173086,0.37313674570070243,0.16194956245579367,1.1181424341856,4,0
65,45,0.842853803250057,0.4069990318476711,0.09065960340014376,1.1181424341856,4,0
66,42,0.8885422884582106,0.3955435747117384,0.03571557132405913,1.1181424341856,4,0
67,49,0.779213157930019,0.4218754518140161,0.16814941007030018,1.1184223088660694,4,0
68,46,0.8069241391606579,0.41164609655453094,0.10439993003760449,1.1485762088021492,4,0
69,46,0.7891678492645667,0.425464754236549,0.16658887898450572,1.1485762088021492,4,0
70,45,0.8780046592518829,0.3906523793455172,0.035854735048247786,1.1485762088021492,4,0
71,47,0.8541447317002959,0.3957614984218799,0.08822086341823056,1.1485762088021492,4,0
72,46,0.8458507603862597,0.39770993445552116,0.16880207034691205,1.1485762088021492,4,0
73,46,0.862653232292151,0.3980843470470309,0.16746612483945886,1.1502244488480105,4,0
74,43,0.7978152237962801,0.43203562210063823,0.14297431504706304,1.1507919420384964,4,0
75,44,0.8126056093114954,0.4134884193514985,0.167851553217928,1.153323634098264,4,0
76,45,0.7697877011595774,0.43569150334561113,0.16445941516965812,1.1546109143957686,4,0
77,48,0.9396443584220745,0.360479237625689,0.19897047318337874,1.260773916960151,4,0
78,47,0.8641495137045367,0.4403111521974813,0.053168775921493286,1.260773916960151,4,0
79,44,0.8908859552518815,0.43673333724510666,0.1862796156632611,1.2607877479621594,4,0
80,49,0.9438596962666511,0.45113232673057296,0.16527637243153268,1.2666373220231584,4,0
81,45,0.8624358786275653,0.5022222404890612,0.15315659352117675,1.2666373220231584,4,0
82,42,0.8242501198033022,0.7364859253836126,-3.0064542266578718,1.2666373220231584,4,0
83,45,0.9976003853008021,0.42423221929447885,0.16044321590608057,1.2666383120297324,4,0
84,42,0.9667591996798299,0.44184326203824065,0.12396048733947809,1.2666383120297324,4,0
85,47,0.8336082680159496,0.733537008716845,-3.0123640053205305,1.266648889393736,4,0
86,45,0.9685907669673334,0.43980352227079766,0.13839783559023622,1.2702232762542682,4,0
87,48,0.8459698134978682,0.5137685210462181,0.15129586958099886,1.2722027017292266,4,0
88,48,0.8555200610375648,0.5075062980644235,0.13907176518863223,1.2722027017292266,4,0
89,44,0.8708510928400521,0.48190071670606366,0.12141119185011166,1.2722029326081143,4,0
90,46,0.9357983826515631,0.46778472981480523,0.12110716959377948,1.2722029326081143,4,0
91,44,0.9557703511088501,0.47942987730444997,0.14940483619360528,1.2722079949683565,4,0
92,45,0.7669523247329496,0.741608849185406,-3.0164826031512657,1.2823325537875203,4,0
93,46,0.8463710298523145,0.5175481995337444,0.11380577186254004,1.288532158821506,4,0
94,48,0.8868977333097721,0.7240552357897734,-3.0164807075456657,1.2885326690000871,4,0
95,46,0.9129961023573888,0.5113300850092491,0.12277542440766015,1.2885326690000871,4,0
96,48,0.9597397655321948,0.4973706383719763,0.04517655741845861,1.2891842674518614,4,0
97,46,0.9790671081908467,0.48731569099946287,0.02884123678960538,1.2969440107849097,4,0
98,46,0.8965354847926428,0.5120075436979913,0.10313217806552014,1.2968754969890612,4,0
99,46,0.8479330151080237,0.5230374344410127,0.09932525496673093,1.2968754969890612,4,0
100,46,0.7886408339505964,0.529250271513881,0.028856449168606985,1.2968754969890612,4,0
