gen,nevals,avg,stddev,min,max,run,representation
0,50,-1.0099999999999998,0.0,-1.0099999999999998,-1.0099999999999998,6,9
1,45,-0.49173330571985574,0.4979345336024715,-1.0099999999999998,-0.013333202202318682,6,9
2,47,-0.56421412241641,0.5055629211030642,-1.015000042391821,0.21835866265018514,6,9
3,45,-0.3824792732799546,0.5907494306315966,-2.0159999979018086,0.21830864110251655,6,9
4,46,-0.3011972324719984,0.5538249596200747,-2.015999996668674,0.23313550949605352,6,9
5,47,-0.14487040331046813,0.5030993348471964,-1.0199999999999994,0.5144437784927188,6,9
6,45,-0.5085815038301763,0.9658051091573328,-3.0166666705171012,0.5143285833807961,6,9
7,44,-0.08805133701432379,0.6210298127740131,-2.0160000220384204,0.5143285833807961,6,9
8,45,-0.21653793139642682,0.9328089506466141,-3.0166666792117662,0.5143285833807961,6,9
9,46,-0.044642556936535245,0.7562560671047805,-3.0166666701391196,0.5034450354319577,6,9
10,46,0.18381116277614354,0.4209170166443454,-2.0159999952907786,0.6505079725533738,6,9
11,45,0.07938189731967372,0.8832793551829092,-4.017142898538829,0.730154625301817,6,9
12,46,0.2545510339146598,0.369570322578846,-2.0160000013880253,0.7308315382224015,6,9
13,44,0.3106298173778579,0.2524742603535651,-1.0106186368166183,0.7308315382224015,6,9
14,45,0.04106926161872826,0.9957448210816238,-5.017499928685146,0.730154625301817,6,9
15,48,-0.05151594801130739,1.0175839307825294,-5.017500005826851,0.706107192257667,6,9
16,47,-0.015566526988373961,1.1537838917779573,-5.017500056849788,0.7308315382224015,6,9
17,46,0.00029204340648540493,1.0212219774874869,-4.017142847033544,0.7308315382224015,6,9
18,48,0.11473088772623197,1.077162789675962,-5.017500049143678,0.7308315382224015,6,9
19,43,0.2176406471795085,0.8829683351836239,-4.0171427922617315,0.7308315382224015,6,9
20,45,-0.13381043816913807,1.492276235360765,-6.017777823072669,0.7308315382224015,6,9
21,49,0.0752119922621417,1.163408724349627,-5.017500007554167,0.8534198911855138,6,9
22,48,-0.31195015108398905,1.5671151052225667,-5.01750001268467,0.7525735206366772,6,9
23,42,-0.017569411470747726,1.2564387903251544,-5.01750005641138,0.8534198911855138,6,9
24,48,0.15215524544912015,0.8239289214059308,-3.0166667882880103,0.8534198911855138,6,9
25,48,0.2651104354868021,0.7803313942850003,-5.0175000782150505,0.7785850053770335,6,9
26,45,0.04538350402915606,1.0164955277762127,-4.01714297797875,0.7065387302127304,6,9
27,48,0.17723420096236495,0.7796486293231814,-3.01666668932829,0.7065387302127304,6,9
28,44,0.29423382207121646,0.5825377514058426,-3.02000000846408,0.906261741405481,6,9
29,43,0.3786873511003075,0.22333402429565816,0.0739406946948329,0.8311203522407137,6,9
30,47,0.264530200666488,0.5439095570623835,-2.0160000482569576,0.8311203522407137,6,9
31,46,0.2160464394997506,0.7180802071034168,-3.0199999482750757,0.8311203522407137,6,9
32,44,0.20104954837513553,0.8874340605151728,-4.017142912572396,0.8311203522407137,6,9
33,47,-0.05645502346972221,1.2952130565886322,-5.017500104770298,0.7258307475323088,6,9
34,44,-0.2789387160074634,1.5657708500423058,-5.017500018770701,0.7299983490014941,6,9
35,49,0.08990469640593833,1.0714043102324908,-5.017499985205875,0.7178201754745468,6,9
36,49,0.105708617784431,0.7517761721110588,-3.01666668932829,0.6493924994088489,6,9
37,43,0.25839778704127186,0.5269611642256989,-3.0166666765372256,0.6547234064029988,6,9
38,50,0.19779328955551334,0.4811239559391996,-3.0166667385475803,0.6547234064029988,6,9
39,48,0.2241860063698443,0.482948273676125,-3.0166667008886736,0.6141313255243881,6,9
40,47,0.2585671804529377,0.5282379450222418,-3.0166666734317933,0.7027089300789084,6,9
41,44,0.2667584423685347,0.6972346478415287,-3.016666687655182,0.6984733384842223,6,9
42,49,0.1449544150977789,0.8421128078357858,-4.017142759127784,0.8533919800436517,6,9
43,47,0.13915422021407745,0.9305867357255359,-4.0171428387220445,0.8533919800436517,6,9
44,43,0.3687020847919849,0.4079791690472066,-2.0160000127946227,0.8533919800436517,6,9
45,47,-0.023434466900682162,1.3496601499964278,-6.017777712363738,0.856181383540902,6,9
46,45,0.3887228685255631,0.1894357377820143,0.09600646156324648,0.856181383540902,6,9
47,43,0.40128308075785296,0.52576244003778,-3.016665160556169,0.856181383540902,6,9
48,46,0.32481364615141084,0.17157884170136853,0.09831800521422894,0.7095370948512602,6,9
49,43,0.32269058736362666,0.543916221522767,-3.0200000016471913,0.7596906046207896,6,9
50,46,0.406030326462037,0.28913354583283757,-1.0150000011923974,0.7651663402006312,6,9
51,39,0.3403794107549604,0.5333084600584732,-2.0160001209053697,0.8270610813142808,6,9
52,48,0.19414148030449305,0.7084592229555201,-4.017142910143834,0.7213529157829065,6,9
53,46,-0.19615718995352277,1.476298788833099,-6.017777729731409,0.7299983490014941,6,9
54,45,0.1862144004065411,1.186287850728703,-8.018181854857001,0.7299983490014941,6,9
55,44,0.19018812154436748,0.8328492726890853,-4.017142857341532,0.7299983490014941,6,9
56,43,0.08336388721969551,1.2115402251899996,-5.0175001156449035,0.7308315382224015,6,9
57,48,-0.023303782279288712,1.208870938566965,-5.017500011098928,0.7361258407156105,6,9
58,43,0.1379200755448075,0.8906228895535482,-3.0166666789500898,0.760796766313396,6,9
59,44,0.06704141166546142,1.2223897938142472,-4.020000050603513,0.760796766313396,6,9
60,42,0.25819362399557066,0.6092741886322085,-2.016000056849422,0.760796766313396,6,9
61,43,0.36928387001386054,0.2987187995178819,-1.0150000009577889,0.760796766313396,6,9
62,47,0.010444600402600462,1.0682348491541307,-5.017500018770701,0.7258307475323088,6,9
63,46,0.22321454055330542,0.6537324024806146,-3.016666676054481,0.760796766313396,6,9
64,48,0.11725629735993096,1.081946173664329,-5.0175000758349455,0.7313040746175158,6,9
65,47,0.007686340943344824,1.1566310102556883,-4.0171428678493015,0.7313040746175158,6,9
66,49,0.2535019866674657,0.6427662655441673,-4.017142933665522,0.7308720495260305,6,9
67,46,0.11102168477245207,1.0804195855595986,-5.017500026231087,0.7308720495260305,6,9
68,48,0.2523117741326402,0.9148957933650329,-6.017777818165823,0.7297597123724898,6,9
69,43,0.09121685557994175,1.194270011630649,-6.017777843032842,0.7297597123724898,6,9
70,47,0.19535272991817465,0.8781333911663926,-4.017142921702218,0.7301903502600509,6,9
71,42,0.2752689952158692,0.670281959225029,-4.017142839146534,0.8002452432157274,6,9
72,45,0.3203456047268646,0.2729492548704602,-1.0050680887572614,0.7066496690914972,6,9
73,45,0.10476700182344593,0.8555649375488567,-4.0171428352095475,0.8002452432157274,6,9
74,48,0.01654056805975095,0.9916587461023206,-4.017142921702218,0.7093874009726086,6,9
75,45,0.11278719580666156,0.834884618614486,-3.016666676054481,0.8002452432157274,6,9
76,48,0.19293245709287438,0.7106464815201933,-4.0200000419600626,0.8002452432157274,6,9
77,47,0.22660206285921938,0.6310208048363368,-3.0166666305413004,0.7066496690914972,6,9
78,44,0.20701080487139778,0.623721594370037,-3.016666687655182,0.6965105980122799,6,9
79,45,-0.0420454674821611,1.2623902183894757,-5.0174999797335005,0.7034454669539718,6,9
80,48,0.13352082731863024,0.6616263616357955,-3.016666676054481,0.7064313094494644,6,9
81,47,0.03921755262851342,1.1682257706688535,-5.017499979699333,0.8371778835461217,6,9
82,46,0.0860369169156474,1.1092938966155768,-5.017499968935213,0.7066370088512985,6,9
83,47,-0.04671442545600104,1.1648023017837006,-4.017142886394993,0.7064313094494644,6,9
84,45,-0.176195338442158,1.2735546305477419,-5.017499968097826,0.7064313094494644,6,9
85,48,0.026644761387816553,0.8612073570426672,-3.023333333446717,0.7036837729765704,6,9
86,43,0.2038937410398569,0.6752692680232887,-4.01714295851405,0.716387910743556,6,9
87,42,0.13318937474631345,0.8856080023862734,-4.01714285426382,0.716387910743556,6,9
88,48,0.022998089184770712,1.2024293384488771,-5.017499964968532,0.7266447553235672,6,9
89,47,0.19659052736326882,0.679312550012584,-3.0166666718780224,0.7064313094494644,6,9
90,49,0.30193688559599424,0.5025821014597891,-3.016666668065943,0.7975625698390622,6,9
91,45,0.25836374789127686,0.5691574071652087,-3.016666669478402,0.7064189121995245,6,9
92,47,0.3551342320467164,0.18097509365712383,0.09037915974866645,0.7975625698390622,6,9
93,45,0.29494648750886054,0.26900767112607105,-1.0150002907759053,0.8425949690508316,6,9
94,44,0.20725124174316534,0.7102688306171128,-3.0199999613879367,0.8425949690508316,6,9
95,47,0.1559916029991403,0.9157368410739137,-5.01749999820275,0.7505098665421727,6,9
96,48,0.2445055218230781,0.5679369525793495,-3.0166666305413004,0.7505098665421727,6,9
97,49,0.24004670776962375,0.6370885647379619,-4.017142909722551,0.7027089300789084,6,9
98,48,0.23028152126196585,0.4131252289025421,-2.0160000082106255,0.7027089300789084,6,9
99,45,0.30881943638522896,0.5029623359615137,-3.016666710563431,0.7027089300789084,6,9
100,47,0.37358163419231727,0.27268999240555597,-1.0149999997218582,0.7439420942435876,6,9
