gen,nevals,avg,stddev,min,max,run,representation
0,50,-1.0099999999999998,0.0,-1.0099999999999998,-1.0099999999999998,7,9
1,46,-0.651199994224212,0.4784000077010512,-1.0099999999999998,-0.013333202202318682,7,9
2,46,-0.46095726530065606,0.5089904455889588,-1.0150001811824994,0.21830864110251655,7,9
3,46,-0.508237503926309,0.5284036223737969,-1.0150001782004896,0.34434227785071686,7,9
4,44,-0.37134109311408947,0.6032062901237812,-2.016000033816924,0.5142520090438086,7,9
5,46,-0.3635576413651214,0.7901824023221701,-3.016665150325875,0.5142520090438086,7,9
6,42,-0.4112879422135549,0.9216059749235326,-4.0171428578157755,0.4225623332244246,7,9
7,44,-0.24443250504311886,0.8957851069266711,-3.016666638539131,0.6985577994311126,7,9
8,47,-0.04897017102301602,0.7867182404689823,-3.016666677460062,0.7058277287950792,7,9
9,49,-0.027559986122171466,0.9876851790243352,-5.017499977070162,0.5969254537972657,7,9
10,47,0.07002294625070492,0.8311914889604194,-3.016666729071603,0.5969254537972657,7,9
11,48,-0.24676979614602637,1.0246872598523629,-4.017142869373404,0.5968706348733505,7,9
12,48,0.08882536553862726,0.7178446019803201,-3.016666643911159,0.5969254537972657,7,9
13,44,-0.06630880812039716,1.0108378396785949,-3.0199999995993765,0.7239210146581685,7,9
14,49,0.08060990753002852,0.9743380119738326,-4.020000034508539,0.7278473371391125,7,9
15,46,0.20647113972747666,0.759571754065181,-4.017142800087656,0.7278473371391125,7,9
16,47,0.07067422733212197,1.0227849341438036,-4.020000014999836,0.6935588431760412,7,9
17,46,-0.02917199343886514,0.971074806263546,-4.017142860675444,0.7299983490014941,7,9
18,46,-0.02495509980953038,1.1195534334748491,-4.020000050603513,0.81230371102849,7,9
19,47,0.2472960761594543,0.6577449233623207,-4.020000023642945,0.81230371102849,7,9
20,44,-0.17435431069031387,1.356405731327296,-5.01749995836416,0.7493640433150813,7,9
21,48,-0.16118866910794022,1.309885930606622,-4.019999945639072,0.8362847614070833,7,9
22,46,0.13634320883526668,1.056117505941443,-5.017500073523696,0.8362847614070833,7,9
23,46,0.04972690442481453,1.3459295697241258,-6.017777708758105,0.8362156176571012,7,9
24,47,0.08821819483075859,1.0920507971938302,-4.017142861948259,0.7254431105908785,7,9
25,42,0.25060588370190384,0.7510851009774447,-4.017142861948259,0.7254431105908785,7,9
26,48,-0.16424149940308932,1.4914022238454865,-7.020000026651106,0.7254431105908785,7,9
27,46,0.23501483940535123,0.7919529063063805,-4.017142788575484,0.8362847614070833,7,9
28,46,0.17270191681121724,1.1316619368977336,-6.017777915337045,0.7561016838284041,7,9
29,45,0.38674161006862656,0.41333149321151896,-2.0159999936991513,0.808997878739684,7,9
30,44,0.44299729821381584,0.23797479465311736,0.06426865061990791,0.8316537156871671,7,9
31,46,0.4085349265680356,0.2492288184615278,0.06602251871752625,0.8316537156871671,7,9
32,45,0.44937161107341256,0.3187711899850325,-1.0149999919205237,0.8316915677430188,7,9
33,48,0.3592858958593055,0.6741222369643812,-4.01714279875643,0.90636336486169,7,9
34,47,0.3957010618368353,0.4625896170419431,-2.015999992060817,0.8098177012636666,7,9
35,45,0.3595853823259354,0.9382393898073821,-6.0177777707901186,0.90636336486169,7,9
36,45,0.3862041273552076,0.7056230236669355,-4.017142900360221,0.8351219064579344,7,9
37,48,0.36456123772549387,0.9442322706835193,-6.017777751774945,0.8351219064579344,7,9
38,47,0.37664998788574683,0.4043521575583142,-2.016000018718944,0.8351219064579344,7,9
39,45,0.5136078323861584,0.21336062519857296,0.08538063744751949,0.9700486894084402,7,9
40,46,0.44084083044276945,0.42141369299729126,-2.0159999844973693,0.9000309432510205,7,9
41,43,0.48727063363009454,0.23157349562646792,0.10445728292122042,0.9000309432510205,7,9
42,49,0.4711397700038684,0.23678846327226127,0.07238931873071432,0.9000309432510205,7,9
43,47,0.22485215246114212,1.1372342906425041,-5.0174999745339735,0.9950429104641983,7,9
44,47,0.5048883808616411,0.24632356428544255,0.08367244000146548,0.8911349299368899,7,9
45,47,0.5599142565251143,0.2443761693163855,0.12319513133154551,1.0648074353745076,7,9
46,47,0.4315265509948485,0.6525314508383616,-3.01666659626383,0.9639837164019435,7,9
47,47,0.5898937273725133,0.23243183944994697,0.1400839880127884,1.0648074353745076,7,9
48,45,0.49118542102958956,0.4347202557455627,-2.016000014632088,0.9145346341551138,7,9
49,47,0.43981112793009375,0.5555597611218231,-3.016666616029679,0.9149396214664048,7,9
50,48,0.5522232007546021,0.3334750257316257,-1.012000756602786,0.9145346341551138,7,9
51,48,0.4892429191192316,0.3310864055201463,-1.0099999999999998,0.9872333044997195,7,9
52,47,0.46400657773464404,0.9807093484735835,-6.017777795175099,0.9872333044997195,7,9
53,47,0.5935288638920446,0.2909804638071347,0.08212098600835398,0.987308590920831,7,9
54,42,0.6093977832100347,0.2871542718816137,0.08907675498936753,0.987308590920831,7,9
55,47,0.6030873585956565,0.2964949273967295,0.1809543170709769,1.0632146579430155,7,9
56,45,0.6272639586297286,0.2899092326691447,0.11681550278204066,1.1249810720989901,7,9
57,48,0.5291231996260796,0.29775013140433915,0.1092717417400224,1.1249810720989901,7,9
58,46,0.5141056290760891,0.46000330410736806,-2.0159999923826435,0.9810962810885232,7,9
59,42,0.5510836271937513,0.28973928318118436,0.12597973094802986,0.9818279726364199,7,9
60,49,0.5212757491520531,0.3748365073274414,-1.0149999979238657,0.9810962810885232,7,9
61,48,0.5428394089478378,0.2985420755368678,0.09112112222012442,0.9842578166876796,7,9
62,45,0.5718739175686565,0.2900064561205205,-0.01333333283630947,0.9893097286323024,7,9
63,46,0.5962256768374906,0.2658612364142588,0.12164788278223228,1.075498132789729,7,9
64,43,0.4687863207809655,0.3616686744778701,-1.0149998891028684,0.9182676194231993,7,9
65,44,0.5718187540544095,0.26950005972453334,0.0478264464662381,0.9901618408544824,7,9
66,46,0.502771250992421,0.45914299561063604,-2.016000067769548,0.9901618408544824,7,9
67,45,0.3883947827978049,0.8479606391024356,-5.017499923561393,0.9901618408544824,7,9
68,46,0.495685335843867,0.2628648456243582,0.10055239128382587,0.9887951347886151,7,9
69,47,0.3814661043592445,0.42544855151561334,-2.016000082314642,0.9502639326533943,7,9
70,47,0.5155915478366846,0.2350887504106651,0.08295351758479988,0.9086186570273259,7,9
71,45,0.44925803433579964,0.43285513219934196,-2.015999948761769,0.9086186570273259,7,9
72,46,0.4213718762363574,0.382347589293238,-1.015000076694819,0.9175041217844723,7,9
73,47,0.47372021713242246,0.32135526972106415,-1.0150000007254931,0.9844199769603156,7,9
74,44,0.5291231655839433,0.2534932640906308,0.07527884657774678,0.9844199769603156,7,9
75,47,0.4067023729518301,0.5992719637704059,-3.016657832739753,1.0677826105814348,7,9
76,41,0.5333417452635101,0.29037067307410863,0.09033940342578244,1.0677826105814348,7,9
77,43,0.30845114267658047,1.2024770268944684,-7.017999828860833,1.0677826105814348,7,9
78,43,0.49726184227851683,0.37927166185705874,-1.0150000612119865,1.0677826105814348,7,9
79,47,0.5009734401652761,0.3022289433341475,0.09810215589916632,1.0677826105814348,7,9
80,48,0.333430420825133,1.0852349028439268,-7.018000007884577,1.0677826105814348,7,9
81,48,0.4367513640323984,0.22194947427663556,0.11186154587073541,0.9128593357080401,7,9
82,43,0.47559001716415794,0.22732401661484192,0.09086705703350112,0.9128593357080401,7,9
83,47,0.4326318125645427,0.25069372145549706,0.07410510319699638,0.9838314820407846,7,9
84,43,0.5458515699681172,0.22293659407349478,0.1430441903343313,0.9838314820407846,7,9
85,46,0.5675984234444554,0.2489788557395105,0.16110248328936022,1.0718659060988458,7,9
86,48,0.5693459143975342,0.28635004236520056,-0.013333709658771781,1.0718659060988458,7,9
87,45,0.5069565456095233,0.302685265636673,0.1188918285670682,1.0718659060988458,7,9
88,48,0.5407457703309817,0.2845706300483565,0.11842673549278102,1.0511536421285208,7,9
89,44,0.5439075992313589,0.2775105933353095,0.10303630283111304,1.0511536421285208,7,9
90,42,0.5606309777907686,0.3041636044780699,0.03579717587461883,1.0511536421285208,7,9
91,44,0.5198642614793642,0.39595362510015597,-1.0149998432038245,1.069761076363601,7,9
92,42,0.5805731455572062,0.3729489585170029,-1.0150000009577889,1.069761076363601,7,9
93,42,0.5514243974332889,0.465473156953677,-2.0159999939741433,1.108109496447404,7,9
94,46,0.5939058798704397,0.3005720332903399,0.08179012922588366,1.108109496447404,7,9
95,45,0.5300652786338058,0.3692506762299264,-1.014999998969243,1.0887430980934703,7,9
96,48,0.5262005404984343,0.4613031995627815,-2.0159999115619267,0.9829884422725863,7,9
97,46,0.6453089259063174,0.26451625787367505,0.12638482765596087,1.0250617542831646,7,9
98,46,0.39779108754544673,1.2041349591929784,-7.018000049788106,1.0250617542831646,7,9
99,46,0.5123728713240613,0.36823092672072866,-1.015000168796088,0.9648054417856985,7,9
100,44,0.32743359203438394,0.8907318946316258,-3.016666662144726,1.0460944689062512,7,9
