gen,nevals,avg,stddev,min,max,run,representation
0,50,-1.0099999999999998,0.0,-1.0099999999999998,-1.0099999999999998,2,0
1,48,-1.010333335425515,0.4464687325687237,-2.01,-0.013333265160741663,2,0
2,48,-0.7112333366675678,0.5370996986330167,-2.01,-0.013333080465059682,2,0
3,41,-0.2085231065332167,0.4021773335767942,-1.0150002414582504,0.20040354947237282,2,0
4,47,-0.1576289930076866,0.3760781615424535,-1.0149999857934218,0.2004035494723729,2,0
5,44,-0.08598360082716729,0.35075736021310294,-1.0150001076336528,0.2004073010500613,2,0
6,46,0.08852647885450945,0.19113509110059723,-1.0150000606643057,0.427104846440589,2,0
7,47,0.2006039781510918,0.11584519573574825,-0.013333455135786616,0.427104846440589,2,0
8,45,0.2694955468628831,0.13926761472470633,-0.01999999999999945,0.42773867035066704,2,0
9,43,0.2829138424144131,0.30237583977155297,-1.015000012686665,0.5234083719051548,2,0
10,47,0.3790150632041573,0.14732138757938024,-0.013333453915602525,0.5234083719051548,2,0
11,45,0.3496502042461597,0.32279755973664326,-1.0149994442839803,0.5234142668111786,2,0
12,43,0.4655778230902022,0.12787035187147794,0.11054725566610518,0.5409433224732159,2,0
13,47,0.4096864387142085,0.2509784170784421,-1.0149995037044521,0.5409433224732159,2,0
14,47,0.4156090298345186,0.2518620772074189,-1.0149998160688696,0.5410398344421008,2,0
15,47,0.4284797334904013,0.16400613143603054,0.05863938176061009,0.585469157786373,2,0
16,45,0.46795212440984707,0.14916080358555964,0.11162812936371533,0.585469157786373,2,0
17,47,0.4508513987289634,0.18515543327258685,0.004261085081741672,0.6012129452194512,2,0
18,42,0.4297905426687565,0.21430249082529435,0.0036082085201117747,0.6012129452194512,2,0
19,48,0.4303052371234554,0.21844120340286172,0.0033407764436973594,0.6012129452194512,2,0
20,48,0.4388427608352192,0.20096254953070009,0.004261085081741672,0.602151989366046,2,0
21,44,0.39850913399570426,0.3439593237466232,-1.0019421014261787,0.6012129452194512,2,0
22,43,0.37087507724098195,0.4412205918223057,-1.0019421014261787,0.6538508175021716,2,0
23,45,0.4639648311272242,0.27482617671768883,-1.0016495969750288,0.6538508175021716,2,0
24,46,0.4356277671524769,0.2887592422212957,-1.0149999591433019,0.6554283012738857,2,0
25,46,0.4897277698418517,0.19710780381085663,0.07809720801159387,0.6611145540953286,2,0
26,48,0.5847162356182972,0.13810001403601355,0.1453025952337643,0.7255517356621327,2,0
27,46,0.5423384714899532,0.20837495178871077,0.04611819818289786,0.7288879680693272,2,0
28,47,0.582799511215759,0.20096744709293368,0.0185999669923435,0.8308891744858327,2,0
29,42,0.5776898297690165,0.2433411609614152,0.03276758452877931,0.8283633696841338,2,0
30,44,0.6050151138114375,0.23737538525813248,0.11734614562394724,0.8283633696841338,2,0
31,44,0.6101399862520899,0.24576667375741276,0.04814236700523474,0.8283633696841338,2,0
32,46,0.6630698571545639,0.2314995210178201,0.03620032313239051,0.8374492380730207,2,0
33,49,0.7005475817017427,0.24765056843350067,0.06492284961832447,0.8583747559182053,2,0
34,46,0.6704404594802797,0.2830945335305906,0.09603118480238396,0.8585647373293969,2,0
35,46,0.6671965341710382,0.2893074133724627,0.07896828613157231,0.8589003614239673,2,0
36,46,0.7276534436151391,0.2677671446299606,0.09122393354336183,0.8684595168109563,2,0
37,45,0.6561720824044008,0.3123890139255086,0.07911906178221417,0.8685446410539683,2,0
38,46,0.7287792632336735,0.2678099487197848,0.0989463165550366,0.8749371267168939,2,0
39,48,0.6392458346199777,0.30963673623383353,0.07077595257342101,0.9165747121988327,2,0
40,47,0.7118795518335773,0.2871384473164438,0.07834746927658506,0.916681657255798,2,0
41,45,0.7469584605464442,0.26809421776572867,0.05558026236001126,0.9342748204486928,2,0
42,42,0.7709079258432712,0.27136153585854583,0.08937155769743989,0.9342748204486928,2,0
43,44,0.7345256879575124,0.31172300039309886,0.14723134531839036,0.9607347899653546,2,0
44,48,0.7337482048453252,0.3060627779208873,0.14159809138256693,0.9607347899653546,2,0
45,45,0.7356569923216498,0.3075433757422236,0.1210362270890748,0.9870042056882714,2,0
46,49,0.7676839638317712,0.3001749030040589,0.09135770979764213,1.0357667840351326,2,0
47,44,0.7265666639189893,0.32835671749916573,0.0933993423652172,1.0357667840351326,2,0
48,49,0.7000224587938155,0.3568831856822657,0.09566052123571558,1.0282779659115246,2,0
49,47,0.6743547757356416,0.35444928600459025,0.17287846005888427,1.0297011459512841,2,0
50,44,0.7831070649437035,0.33937061475781083,0.10022947411080782,1.0297011459512841,2,0
51,46,0.7277378017571928,0.3779609598545984,0.1623720412218825,1.0297011459512841,2,0
52,47,0.7604889442988594,0.3792805316014949,0.15700373109528956,1.0978504162622378,2,0
53,47,0.7936120805700654,0.3553417198092285,0.17086693723759078,1.0978504162622378,2,0
54,46,0.7702053803173282,0.37245762017921885,0.17207735093670573,1.0999309897879372,2,0
55,46,0.791143555675648,0.3843707646819793,0.08855900072350016,1.099931414763722,2,0
56,45,0.7900295833553471,0.41910016928769034,0.10901723718118612,1.099931414763722,2,0
57,44,0.8214771160111235,0.4090804937638465,0.15830341054956082,1.099931414763722,2,0
58,47,0.8375244246931708,0.40771794485341273,0.09402143882636456,1.1011504887545045,2,0
59,47,0.8608448507572152,0.37949232001523525,0.12418252193042036,1.106998441907406,2,0
60,45,0.8977680581456561,0.37494488998928466,0.09415857183699947,1.1432941363384728,2,0
61,50,0.8560259861484032,0.3664018826734346,0.17111776470138174,1.1431901232669566,2,0
62,48,0.9518786291229153,0.31650609267731433,0.08504839494253638,1.1431901232669566,2,0
63,47,1.004041466941725,0.2906823312519215,0.20340894898643916,1.143843573026704,2,0
64,46,0.9119595536184721,0.37393368416638506,0.17787672016299225,1.1605882114807657,2,0
65,46,0.9923686497326913,0.3158944988918165,0.08549129964901472,1.1605882114807657,2,0
66,47,1.0277769227957148,0.2910414975216366,0.18578827388604147,1.1605882114807657,2,0
67,47,1.0330213428428938,0.28611118447858597,0.20278564435472982,1.2032372703606582,2,0
68,45,0.9387555263973845,0.3641586696825672,0.16024180025242904,1.2032372703606582,2,0
69,44,0.9556807590684729,0.36811107805802956,0.09394759982791194,1.2673325199305767,2,0
70,45,1.0271962258363987,0.3134691750284913,0.1711403030894819,1.2673325199305767,2,0
71,44,0.9607673583148307,0.390221708564266,0.1612370699887482,1.2673325199305767,2,0
72,44,0.836356227620314,0.4741839417546822,0.11806828261416087,1.2673325199305767,2,0
73,50,0.9756692985258267,0.39014469892837433,0.14167967547390084,1.2673325199305767,2,0
74,45,1.0307508124898666,0.35384398697071,0.17407448010234672,1.2673325199305767,2,0
75,49,0.9677211083295378,0.4123722559734422,0.12167861314909531,1.312840065887556,2,0
76,49,1.0218686020174672,0.400818126015533,0.17855936111532003,1.3129365425227402,2,0
77,45,0.9914674006422075,0.4379413454133538,0.15870548809343699,1.3249732880241474,2,0
78,50,0.9650187862662194,0.44960315824417824,0.24811095961847268,1.3262428485685975,2,0
79,47,1.076990315058047,0.4209569929565933,0.23605666749267198,1.3453523326368082,2,0
80,48,1.1191144291178432,0.39610869923933145,0.20709010437635952,1.3453523326368082,2,0
81,45,1.0860201168644108,0.42834537550845925,0.22827103010621141,1.360925616154788,2,0
82,47,1.0087501796207952,0.4491258113892997,0.23499416560439731,1.360925616154788,2,0
83,47,1.0455953365738815,0.4555643570921504,0.18442705457435307,1.3614635561338448,2,0
84,45,0.9455572885226847,0.49144407798124207,0.23351043778808434,1.4078741445757046,2,0
85,48,1.1844650200867293,0.36817749323576865,0.27513811848205305,1.4146558080059213,2,0
86,43,1.1666630780315272,0.414612779887658,0.2654026666717382,1.4146558080059213,2,0
87,41,1.0074292626214612,0.5253036821365115,0.1824955465357658,1.414690810393676,2,0
88,46,1.04649694767627,0.49980618790808296,0.10711473706851098,1.4151767211488084,2,0
89,40,0.9451756427006492,0.5363628980854456,0.10596957621916615,1.4151767211488084,2,0
90,48,1.0894933648416574,0.49611709265422865,0.10596957621916615,1.4151767211488084,2,0
91,44,1.037767864893244,0.5234593683912379,0.10596955588128405,1.4151767211488084,2,0
92,42,1.044808023149403,0.5104857284137896,0.1871437454446348,1.4152183838896213,2,0
93,47,1.0950267384165122,0.48410489948700836,0.2347699001483418,1.4152623223115244,2,0
94,47,1.0620599364065577,0.5064631500634257,0.10233595591215883,1.4152623223115244,2,0
95,45,1.0766959688497286,0.5004734114228976,0.10596955588128405,1.425545366063245,2,0
96,47,0.9651427491817033,0.537367442257233,0.20491517428178946,1.4263373718867058,2,0
97,45,1.0676388489832895,0.5136392308353052,0.1738437298191097,1.4263373718867058,2,0
98,46,1.1273572724638352,0.4776033813364337,0.20859574789631546,1.428147452183329,2,0
99,44,1.2313841293632652,0.40313349400677123,0.23116346329827642,1.4281622307177617,2,0
100,48,1.1574049429953863,0.46516833329726154,0.15825022167520014,1.428165962284216,2,0
