gen,nevals,avg,stddev,min,max,run,representation
0,50,-1.0099999999999998,0.0,-1.0099999999999998,-1.0099999999999998,8,4
1,44,-0.8505333333330778,0.36538403541173065,-1.0099999999999998,-0.013333333331737479,8,4
2,43,-0.5517333333282088,0.49692163030377934,-1.0150000000428947,-0.013333333321310327,8,4
3,48,-0.2333999999699425,0.4143731490124693,-1.0150000000428947,-0.013333333321310327,8,4
4,47,-0.19342000059421266,0.43341626264273136,-2.0160000002607763,-0.013333333277290834,8,4
5,47,-0.11320000150723233,0.2996010007971954,-1.0149999997469918,-0.013333321383902967,8,4
6,47,-0.19343333203914503,0.3844019033411974,-1.0150000000428947,-0.013333321383902967,8,4
7,49,-0.15176802364611283,0.34811904998276744,-1.0150000120897429,0.046220127116122896,8,4
8,43,-0.08539231925537853,0.27546121450525446,-1.015000008284556,0.15916453465440472,8,4
9,49,-0.354762194039534,0.4965058897842456,-1.015000008284556,0.17104236315678842,8,4
10,50,-0.37882667817310967,0.5580318742950264,-2.0160000073960243,0.1595096706890508,8,4
11,45,-0.4978166915381992,0.8439254896844043,-3.003205884976014,0.18530228919797545,8,4
12,46,-0.22351849880866909,0.714993474732889,-3.0166666690227855,0.302457668404138,8,4
13,45,-0.1440727540918122,0.6543024685385138,-2.0159999997741336,0.302457668404138,8,4
14,47,-0.181203544585911,0.5835045739653839,-2.015999993749843,0.302457668404138,8,4
15,46,-0.23129173609579887,0.833906731903949,-2.0160000924948136,0.38991585742143464,8,4
16,48,-0.2872316692392401,0.9584810534061831,-3.0166666699643154,0.3409899119758037,8,4
17,46,-0.0775036292206181,0.7865818099300975,-2.016000001897079,0.38991585742143464,8,4
18,48,-0.2870274525866553,0.9613916879634631,-3.0166666658816785,0.38991585742143464,8,4
19,46,-0.23134503034647488,0.8952071222377985,-3.0166665971676214,0.43296054206191487,8,4
20,46,-0.25033904251184225,0.9447501940241673,-2.016000000048902,0.43296054206191487,8,4
21,46,-0.04123806948934262,0.8134764005104781,-3.0166666664143404,0.43296054206191487,8,4
22,46,-0.3346074114953667,1.0633992594362625,-3.016666667838223,0.4750028026327606,8,4
23,49,-0.09479152681996104,0.9137865086174467,-3.0166666669471742,0.4760677227788582,8,4
24,49,0.08381048119738367,0.7576771201847909,-4.017142856271685,0.4760677227788582,8,4
25,44,0.11619427972721974,0.6222977251070579,-2.016000000153769,0.5036262566472094,8,4
26,48,-0.09258742965735556,0.8738631646148525,-2.0160000001838667,0.5161302877285024,8,4
27,43,0.36288874207089095,0.24423747688744768,-1.0150000040278149,0.5731813809878885,8,4
28,46,0.06740174678770906,0.9036825214804078,-4.017142858407658,0.574338419555397,8,4
29,45,0.1659759457731038,0.8212758563029531,-4.017142857924279,0.5896608150204251,8,4
30,46,-0.06174299056241359,1.1391541997686712,-4.0171428580402315,0.7749872639921057,8,4
31,45,0.007558289979636521,1.2051646944724173,-6.017777776006718,0.7749872639921057,8,4
32,49,0.0237356870276089,1.2118336249024595,-5.017499997494839,0.7749872639921057,8,4
33,47,0.04822336064287422,1.2689953424791482,-5.017500000016477,0.8253664905688755,8,4
34,45,0.21779788460158625,1.0409048097409561,-4.017142857468824,0.8253664905688755,8,4
35,48,0.19090879046428236,1.1980305731744871,-5.017499999406458,0.8253664905688755,8,4
36,49,0.2556613544346418,0.8889874549226705,-4.017142857468824,0.8253664905688755,8,4
37,46,0.35781500572216784,0.7417868237221313,-4.017142856978282,0.8151052751711697,8,4
38,40,0.4244400004063016,0.7161680785078076,-4.017142870605847,0.8151052751711697,8,4
39,49,0.1483614524125677,1.3334649129001912,-5.017500001005167,0.8518537036048598,8,4
40,47,0.13187713772193402,1.4464309832915834,-6.017777777588105,0.8647165476045906,8,4
41,48,0.14598206032714237,1.4606123274531682,-7.0179999991516455,0.8329238305367913,8,4
42,45,0.03474657957717952,1.6544845179667602,-5.017500013643697,0.9017942942679958,8,4
43,43,0.09430863507672216,1.6148897648830816,-6.017777777375024,0.9687176509706346,8,4
44,45,0.4131940358132049,1.141727214346406,-5.017499999553431,0.967690666429809,8,4
45,47,0.44661127155685487,0.8650978533387883,-5.01750000025591,1.2000590195069532,8,4
46,47,0.05580317088700852,1.5888860300882823,-5.0175000065510815,1.2000590195069532,8,4
47,48,0.12055525744062828,1.4899719986471138,-5.017499916685327,1.2000590195069532,8,4
48,46,0.5231469898364571,0.7183435375490916,-4.017142857098307,1.2000590195069532,8,4
49,44,0.496253456768628,0.8002063208517146,-4.017142857872558,1.2000590195069532,8,4
50,46,0.584149686828481,0.8019319346309817,-4.017142857002614,1.2000590195069532,8,4
51,42,0.35607977525510875,1.1751868852983303,-5.017499999861995,1.2000590195069532,8,4
52,45,0.5223526490836672,0.6511657160112702,-3.0166665974927582,1.2000590195069532,8,4
53,46,0.507155214992718,0.785542319569375,-4.01714285690088,1.2000590195069532,8,4
54,46,0.672677502034059,0.35483911252885225,0.09100253923862676,1.2000590195069532,8,4
55,47,0.5567225369262007,0.7491152972647166,-4.017142858191546,1.224517505036344,8,4
56,46,0.7433482479164306,0.33999656358252367,0.08290067354905443,1.2000590195069532,8,4
57,41,0.7145985585792163,0.4179296115321916,-1.0150000002616022,1.1238637053117069,8,4
58,46,0.7627155411478082,0.41219756319272044,-1.0099999999999998,1.1242161036893723,8,4
59,41,0.8366781438051383,0.3389189342953224,0.20253745000228518,1.1327914903495588,8,4
60,47,0.7796483751434283,0.3817362541110941,0.10605585434501168,1.1327914903495588,8,4
61,49,0.7979768061523721,0.3533366724569491,-0.01333333333403183,1.162512295233194,8,4
62,47,0.7536102338486212,0.6390698512349396,-3.016666665746823,1.1700215583350377,8,4
63,45,0.8403484346961868,0.37091908636928783,0.19025088433547865,1.1700215583350377,8,4
64,47,0.5855492649674627,0.8878520458220358,-3.0166666669065485,1.1982642002579178,8,4
65,47,0.811996600457554,0.6584858442279822,-3.0166666662920973,1.1982642002579178,8,4
66,45,0.8768940961936674,0.3928159768684077,0.03880312574307761,1.2028891798168508,8,4
67,46,0.8413959919530418,0.3996940857120592,0.04763892346692972,1.2061005787339598,8,4
68,43,0.8688233777501622,0.48695416278000575,-1.0149999961876908,1.2132199723232953,8,4
69,44,0.7953369173292676,0.49757253832956994,-1.0099999999999998,1.242655437129225,8,4
70,48,0.7316348151911966,0.4428681484583399,0.025611096612856894,1.262311611346868,8,4
71,49,0.8201178182635276,0.5338573752265712,-1.0150000002616022,1.26231161134687,8,4
72,47,0.6847936527217818,0.59466585666473,-2.016000051143023,1.296725883778523,8,4
73,43,0.8086839229955529,0.475455028489887,0.007841968123394442,1.2967296137878266,8,4
74,44,0.6611842114233636,1.0007088810572768,-5.000888946426697,1.2967296137878266,8,4
75,47,0.7982045723453433,0.4816429958406168,0.018358965628136777,1.300090765342777,8,4
76,45,0.7744686262600442,0.5380964692755246,-1.0099999999999998,1.3014009886810762,8,4
77,43,0.7616131006658141,0.9599169595648566,-5.0175000000397585,1.3043962150939497,8,4
78,43,0.8608813802261284,0.5451942282655843,-1.0150000660035523,1.3041327673761007,8,4
79,47,0.8062520223609628,0.9416590446825621,-5.017500001129705,1.3041327673761018,8,4
80,46,0.7395139432406608,0.5390144589692912,-1.0150000002616022,1.3204418320837248,8,4
81,49,0.8079512001587336,0.4774596863017347,0.029859078972795834,1.3204418320837248,8,4
82,45,0.4715403910566178,1.8441494901371862,-10.004166804116917,1.3256398818534265,8,4
83,47,0.8554009111224916,0.5089889214446425,0.028652988735119844,1.3358095920085171,8,4
84,42,0.9476923851057628,0.49998479856157996,0.028132800394567847,1.3621397739641345,8,4
85,46,0.9806643949942169,0.5088081620872411,-0.013333348575584268,1.368735397140725,8,4
86,46,0.9551917141417197,0.49118132859522745,0.03023237622238324,1.368735397140725,8,4
87,45,0.9130745686512439,0.5317129269081464,-0.01333370613966535,1.3687461984430616,8,4
88,47,0.940252977658117,0.5674292275412406,-1.01500000040807,1.3687462033704338,8,4
89,43,1.0400866826133308,0.5289232217062241,-1.01500000040807,1.368747398584918,8,4
90,46,1.03842279946668,0.5413124870765325,-1.0099999999999998,1.3687474035083904,8,4
91,48,0.8604768895631798,0.5956022775240366,-1.0099999999999998,1.3774533091578312,8,4
92,46,0.7924560345528789,0.7366895395163207,-2.0160000001485465,1.3774533091578312,8,4
93,46,0.9680509058605216,0.49827239107639404,0.18598296938874312,1.3774533091578312,8,4
94,45,0.9120447449038047,0.5856440950751798,-1.015000001407442,1.3989882267068539,8,4
95,46,1.0906207206523215,0.45854920804133303,0.04205720103725601,1.4049726652348817,8,4
96,47,0.9033513823503189,0.6571444968308043,-1.015000000530706,1.4310180754146942,8,4
97,48,1.0099491395193665,0.5217024952171903,0.07033309903233022,1.409487906694062,8,4
98,48,0.8946755922769282,0.5789241844195042,0.007484661161515062,1.4281858639433298,8,4
99,46,1.0980345512347571,0.45460451010870645,0.03559105795530552,1.4281858639433345,8,4
100,44,0.8958934713437442,0.7579363911639081,-3.0166666697078295,1.4465382769375223,8,4
