gen,nevals,avg,stddev,min,max,run,representation
0,50,-1.0099999999999998,0.0,-1.0099999999999998,-1.0099999999999998,10,0
1,46,-0.9503333338545508,0.36847568760581934,-2.01,-0.013332737620631736,10,0
2,48,-0.7909658994362019,0.6081897682517154,-2.01,-0.013332737620631736,10,0
3,46,-0.17212653401809028,0.36598029595037307,-1.0149899006636807,0.01403160259074082,10,0
4,46,-0.16954291537049404,0.3677294116731287,-1.0150001199792802,0.01403160259074082,10,0
5,44,-0.16329670050264908,0.36904295400716536,-1.0150001164799007,0.03049820964327352,10,0
6,47,-0.08283565335541246,0.31217940314547715,-1.01499999982134,0.3070052050010442,10,0
7,47,-0.02340785804073623,0.30149112178310183,-1.0149988173573647,0.3070052050010442,10,0
8,47,0.0875186713722067,0.24651944116926786,-1.0250000104600965,0.3070052050010442,10,0
9,47,0.14729797362413938,0.36329910624973144,-2.002909201249976,0.30700528327052296,10,0
10,47,0.24801559557239158,0.19000953317497704,-1.0112330251084247,0.30700528327052296,10,0
11,45,0.22672468964293727,0.19636586163556569,-1.011233220501439,0.3073553982646978,10,0
12,48,0.18854079609023217,0.3109371862351203,-1.0112332477476673,0.33345698168912863,10,0
13,43,0.23111527191860343,0.1956814285605327,-1.0112332171820604,0.34736456791628495,10,0
14,47,0.2212803007441545,0.2658129433681046,-1.0123420235810938,0.39356443140973696,10,0
15,46,0.3131034557918969,0.06912413103088592,0.08354019772433749,0.4815937765606608,10,0
16,47,0.3341206051332054,0.06930952456051265,0.062326060133300665,0.4815937765606608,10,0
17,44,0.3482492251118163,0.083372476086957,0.0587685566719832,0.4815937765606608,10,0
18,46,0.354669836241977,0.08689294035344294,0.07710312869435047,0.4815937765606608,10,0
19,43,0.36067984696715755,0.109447300727659,0.005903743462677881,0.4815937765606608,10,0
20,48,0.3046873390634905,0.4816208269988921,-2.0193797605588233,0.48250847665088203,10,0
21,45,0.4155036282631192,0.08668807501528543,0.21180914551803426,0.4863457185159853,10,0
22,47,0.4021342527550423,0.09180255195530226,0.10573984121579579,0.4867072827779357,10,0
23,45,0.4144401005201954,0.09419958981731111,0.13162527339114924,0.4867072827779357,10,0
24,44,0.43865913260289674,0.08346527649222839,0.20475184752566905,0.4867303026714988,10,0
25,46,0.43556765379037865,0.09042189337052597,0.20456144750332309,0.48681108497054276,10,0
26,45,0.4187192280007298,0.08911669159807696,0.2041787468063937,0.48681108497054276,10,0
27,48,0.44678094534042584,0.06737778307819497,0.254979276123678,0.4898907327502167,10,0
28,47,0.4202455367319141,0.10207679373228404,0.1890239457282598,0.48989113718372135,10,0
29,47,0.4503978534873817,0.08158428666200465,0.2019534909589708,0.5119000788526602,10,0
30,49,0.4333684220639695,0.09197997997191835,0.20120428710651053,0.5647921006434076,10,0
31,47,0.4541954663578974,0.08869927961829922,0.19622285540457549,0.5647921006434076,10,0
32,44,0.4852842897511064,0.08187234413742717,0.25106662054554446,0.5739447534985435,10,0
33,48,0.5098479633943639,0.09757036132555871,0.2408230605171871,0.5960067908298043,10,0
34,47,0.5143399693520028,0.12414694310395068,0.12931269675675172,0.6114856384763478,10,0
35,49,0.5109727021782802,0.1396720884554285,0.05213091402288702,0.6160443904950009,10,0
36,43,0.5311617955900833,0.1241765159573526,0.17380255039584927,0.6386582088774004,10,0
37,46,0.5199450453592513,0.15464792608469013,0.13555213209263473,0.7265969993706971,10,0
38,44,0.5546526976110726,0.13491487363876126,0.18736508914898758,0.7265969993706971,10,0
39,48,0.5417417953896284,0.1871959539890506,0.08517598825884222,0.7257649976890812,10,0
40,43,0.5586484892926928,0.19324902156221005,0.050546924193043526,0.7257649976890812,10,0
41,45,0.5977412047619627,0.17268938266264006,0.1407863581044384,0.7257649976890812,10,0
42,42,0.61354981129924,0.1923269423303414,0.09307969853279607,0.7263550188697219,10,0
43,44,0.628965183293047,0.19101636670923428,0.024637407456666358,0.7263550188697219,10,0
44,48,0.578186186355219,0.2351962472127058,0.05338561966799956,0.7310385915948,10,0
45,43,0.6279924443871568,0.19261888074475705,0.03172467995357851,0.7310385915948,10,0
46,47,0.6183515557806595,0.20414297128680575,0.10684148733838267,0.7310385915948,10,0
47,44,0.6144455009381846,0.2020809882094811,0.11594491711055337,0.7310577325924147,10,0
48,43,0.6178024431517339,0.20640077566321474,0.09715967378491104,0.7314217872694074,10,0
49,46,0.614166392642529,0.19794151087091963,0.14720755175835393,0.7314104823786902,10,0
50,49,0.5657250479514784,0.23650610054823662,0.10593046114347722,0.7314104823786902,10,0
51,47,0.5587059552724114,0.22704277438583026,0.10615778701880522,0.783503762543824,10,0
52,46,0.590810275637207,0.21037063812965434,0.1364160563441314,0.793823075023596,10,0
53,47,0.5934743877495977,0.23937913940997413,0.0789568684012257,0.793823075023596,10,0
54,47,0.639365005835466,0.205462237722988,0.18384968058560763,0.793823075023596,10,0
55,42,0.5607548578475917,0.27224670727278766,0.018578431398601332,0.793823075023596,10,0
56,44,0.7097351514488434,0.18130257271199088,0.13969743502432497,0.8161977788828713,10,0
57,41,0.6548180150078913,0.23661155694137392,0.059816630478808266,0.8161977788828713,10,0
58,45,0.6408815459675941,0.24651707261530525,0.0530878206803652,0.8161977788828713,10,0
59,45,0.6728051055693931,0.23791707439106083,0.16057915571000733,0.8169363311630221,10,0
60,48,0.5838423803038889,0.295575984107719,0.07978496947575973,0.8927691945494662,10,0
61,42,0.6644873806675348,0.2636646714894795,0.11157328603384897,0.826365467032581,10,0
62,44,0.6766189601852889,0.24349184483982642,0.17205827335091586,0.826365467032581,10,0
63,47,0.6801970982037575,0.26577244806931216,0.08227971523860798,0.8267906735337561,10,0
64,43,0.6744081868649353,0.2644931762272246,0.08638044832500745,0.8267906735337561,10,0
65,45,0.6838680474564203,0.2550985406589317,0.1525241911863259,0.8267906735337561,10,0
66,42,0.7427926679996282,0.20348550937520626,0.11018902972709523,0.8267906735337561,10,0
67,43,0.7196182140887091,0.23466481916963552,0.15865912115844813,0.8269646961021082,10,0
68,46,0.703250771244257,0.2303968326791045,0.08887719194903848,0.8270303192469873,10,0
69,47,0.6804999774692359,0.25053980856538777,0.15648684736228471,0.8271986438910471,10,0
70,48,0.6830630649257969,0.2590924196537687,0.07099716016287339,0.8271986438910471,10,0
71,44,0.6864641294023714,0.25818467299924713,0.08423739421656201,0.8272149572473246,10,0
72,39,0.6470899129082579,0.2781825752758582,0.11603177027868915,0.8272149572473246,10,0
73,46,0.6737382593391491,0.252428712261442,0.11592334703977486,0.8272149572473246,10,0
74,44,0.5987220999468413,0.2937180062128373,0.1204066053075182,0.8733964905403507,10,0
75,46,0.6745750920988018,0.2616233174021577,0.08046520329775704,0.8733964905403507,10,0
76,42,0.6969890400171082,0.26448260721767425,0.1387254377262219,0.8766694749989768,10,0
77,43,0.6221638094023184,0.3169601844452492,0.11124750082648192,0.8766732364337284,10,0
78,46,0.633856668082554,0.30816955048272016,0.07505515729361964,0.8766732364337284,10,0
79,44,0.6284947429626168,0.3181758904144069,0.08726067127376588,0.8767237910748372,10,0
80,46,0.6622471743900418,0.2990390892468913,0.07705539525966879,0.8767237910748372,10,0
81,48,0.6285768920614255,0.3216403563341504,0.06206431948494933,0.8900099860166325,10,0
82,47,0.6313405559074055,0.318542600124391,0.10178868830629584,0.899128740468962,10,0
83,43,0.697485489936,0.2997581326258408,0.057640183604488776,0.899128740468962,10,0
84,47,0.7333376670332674,0.2730597409774924,0.08758087303602789,0.899128740468962,10,0
85,45,0.6725637150670465,0.31989912850985286,0.09427664347171297,0.899128740468962,10,0
86,47,0.5940568814466937,0.34432975774046176,0.07094165733859141,0.9005960379737801,10,0
87,45,0.6152810181788475,0.33821687320916943,0.0786478492044754,0.9005960379737801,10,0
88,43,0.7193858122981074,0.2886140147718088,0.13261341034628288,0.900937136311072,10,0
89,46,0.7285706193122756,0.29350623116854285,0.11509031062865963,0.900937136311072,10,0
90,46,0.6282686645512128,0.3337281921518492,0.11509732693125536,0.9010594585805882,10,0
91,44,0.6966374615268103,0.3081433251764583,0.14634993137685137,0.9010594585805882,10,0
92,45,0.7179499767796723,0.291820826737783,0.1482254406823004,0.9010594585805882,10,0
93,46,0.6481908674796683,0.33352933937406753,0.11509452907322887,0.9010594585805882,10,0
94,46,0.6727181557369757,0.3264529180923324,0.0803441791261509,0.9010594585805882,10,0
95,48,0.6924704801361792,0.31752719609819624,0.05963957773274599,0.9022126157960216,10,0
96,47,0.6979456501575824,0.30911272285026264,0.11459422947753745,0.9044141874493759,10,0
97,47,0.6029766649109126,0.3367836669591756,0.11509452907322887,0.9044141874493759,10,0
98,47,0.61973058254354,0.3312132322364766,0.11509557203483603,0.9044141874493759,10,0
99,47,0.6102229941927075,0.3344775034780581,0.11509452907322887,0.9044141874493759,10,0
100,45,0.6150671679615275,0.34254304326400287,0.09831018192883459,0.9049399271206595,10,0
