gen,nevals,avg,stddev,min,max,run,representation
0,50,-1.0099999999999998,0.0,-1.0099999999999998,-1.0099999999999998,7,0
1,46,-1.0102666740120227,0.39933378244119033,-2.01,-0.013333156732734188,7,0
2,47,-0.8307333350251014,0.4758142885983012,-2.01,-0.013332941839332558,7,0
3,44,-0.29266668470585055,0.4473377929856233,-1.0099999999999998,-0.013332932015530216,7,0
4,46,-0.21158639117306616,0.39918797719323657,-1.0149998738493704,0.03892235826339224,7,0
5,48,-0.12877450590335324,0.326323246261249,-1.0150000120169875,0.10698330892130993,7,0
6,42,-0.07955747150213303,0.2754799648335894,-1.0099999999999998,0.10414052560606861,7,0
7,44,-0.013484079794810234,0.2070097465506783,-1.015000199892202,0.11407736494307921,7,0
8,48,0.014538180856428655,0.21119181685803287,-1.0028808716981328,0.1461356272762966,7,0
9,45,0.09319213575738688,0.06285392758245562,-0.01999999999999945,0.363958308695463,7,0
10,49,0.11198826911832892,0.24968082090793658,-1.0200000359431216,0.4174017633898047,7,0
11,46,0.1998648947430689,0.3371296688286022,-2.006992306024667,0.5180527279392826,7,0
12,47,0.3561574713029802,0.09447508997906082,-0.01999999999999945,0.5180527279392826,7,0
13,45,0.372010425284777,0.2205309922554576,-1.0099999999999998,0.5180527279392826,7,0
14,47,0.4257642250800774,0.09976798553366042,-0.013333307059655868,0.5579670612837557,7,0
15,46,0.4725025119781507,0.0961398078072407,0.15189512890428394,0.5755364310385911,7,0
16,45,0.41436143452713625,0.3134854984146332,-1.0150000103580339,0.5755365248779716,7,0
17,47,0.4646460418570817,0.1352215554296902,0.1666145511162518,0.5755364310385911,7,0
18,44,0.4769491757848982,0.14182095270147496,0.1871039578134195,0.5925034189281335,7,0
19,42,0.49780516021035126,0.1317937435520627,0.15558293341625268,0.5971162577992716,7,0
20,44,0.5002460127171893,0.1271617071240432,0.15077928666578044,0.6164938172199679,7,0
21,44,0.4942933150515668,0.15520044875261318,0.15506454065594438,0.6525451062649694,7,0
22,44,0.5189952716465469,0.14012721185978913,0.1723710409214756,0.6525451062649694,7,0
23,47,0.52176109965183,0.16353144180165366,0.1402160671432001,0.6680851688601505,7,0
24,45,0.5443759722192002,0.1628502557893179,0.14021615018605038,0.6680851688601505,7,0
25,47,0.5953266459063198,0.14655579195997795,0.1839211147334694,0.8761296231633671,7,0
26,45,0.6216616657210505,0.1235359369504885,0.17342742647306533,0.7556961485098013,7,0
27,42,0.6224595083868182,0.12385642394039857,0.26083578978259175,0.7556961816061039,7,0
28,45,0.6407250433552162,0.16655706022630123,0.2021110457470585,0.7686780519040542,7,0
29,48,0.6700059004589636,0.1819164894832381,0.14428795928268676,0.7686780519040542,7,0
30,50,0.6679790551931946,0.19029866236055848,0.1488743701838026,0.796028069550875,7,0
31,42,0.7029378567899363,0.1708106181475103,0.15109160723079404,0.7962709168286145,7,0
32,47,0.6781335361337767,0.20053536772550695,0.17799496015176336,0.7962709168286145,7,0
33,46,0.6791550882179576,0.2111660693870543,0.15319828330485236,0.887927178251536,7,0
34,49,0.6486939709358596,0.25729291456575043,0.10486845342163251,0.9280661969636591,7,0
35,46,0.7459703988944123,0.2038120345795722,0.15475905025687445,0.9280687723110542,7,0
36,45,0.7001064347061164,0.28417330771873234,0.05672009291873156,0.9280120334514645,7,0
37,48,0.7843485249307284,0.2251394593681146,0.11210125668439214,0.9280135982974446,7,0
38,45,0.731022635540069,0.29879104612324786,0.1503423117097028,0.9349482942964119,7,0
39,45,0.7624896244141135,0.2857469861472164,0.12869771893475748,0.9489687863308686,7,0
40,47,0.7601427471405448,0.28536858230696094,0.13855092004561972,0.9374641021067005,7,0
41,43,0.7833413540489232,0.2653085750670189,0.15032632390762743,0.9346818247696456,7,0
42,46,0.79409234035275,0.26884880238552644,0.1518728771390515,0.9346828998207458,7,0
43,45,0.7644668262630951,0.28487414398508915,0.15016700291716317,0.9673164568400018,7,0
44,49,0.8717524422371664,0.17351118198266793,0.1763127818508721,0.9673164568400018,7,0
45,49,0.8019879077864246,0.2628423364595685,0.1559487559126902,0.9725798714643046,7,0
46,46,0.7440369970908963,0.31543822812028044,0.09248346522040836,0.9725798714643046,7,0
47,45,0.8583034618356202,0.23742909800037312,0.15946945927170572,0.9728199475926889,7,0
48,45,0.7123838415335176,0.34383707339927105,0.1145679117364334,0.9730482541931382,7,0
49,48,0.7345684849178205,0.3222043106827857,0.1522581341971173,0.9730547870071505,7,0
50,47,0.7964839148883541,0.30735406868742804,0.14496527880523183,0.9735416414050533,7,0
51,46,0.8437736110264431,0.26098286589416947,0.13604475819946696,0.9735416414050533,7,0
52,46,0.7530365590236839,0.33891984124683394,0.1303161958521446,0.9905158878779184,7,0
53,47,0.8303216343024706,0.26592259777783006,0.14760058820317523,0.9905163837289601,7,0
54,46,0.7329598593544717,0.34783096461725754,0.1237089972025454,1.0279001132365457,7,0
55,49,0.8148072369005195,0.2916522406924483,0.1557592175513971,1.0279001132365457,7,0
56,47,0.7656300475884471,0.3320304586477955,0.08179727533112455,1.0279131067254481,7,0
57,46,0.779879908097086,0.33863983135235914,0.11640411068919461,1.0279823146918252,7,0
58,47,0.6949891616972534,0.3893146281752388,0.044248757491719186,1.0281120632699552,7,0
59,47,0.8631521584008685,0.30561237643969347,0.14427361486322687,1.0282277358871958,7,0
60,47,0.7914487978932455,0.34912556412961454,0.16664318550142065,1.0314072279394344,7,0
61,41,0.7963897747796923,0.3476728006065829,0.14817788408339433,1.0314072279394344,7,0
62,46,0.8231656360851648,0.34161887273095476,0.13112340730848174,1.0358619525995107,7,0
63,45,0.8051989589009179,0.36004438784224047,0.06674769901870038,1.0358619525995107,7,0
64,49,0.8207680087737319,0.3415468475333914,0.09857466658421293,1.0360556661043263,7,0
65,45,0.7897976624079174,0.3716562797233786,0.12224368563330791,1.0360556661043263,7,0
66,46,0.7692809002998651,0.3801127615666365,0.12172172693530654,1.0419849742064173,7,0
67,47,0.784864626521033,0.36405308825482,0.10129954463973599,1.042068397442789,7,0
68,41,0.8358758033968505,0.34685721443130013,0.11723985968945715,1.042068397442789,7,0
69,44,0.8180461575824215,0.34913921265427955,0.15633607497312557,1.042485241742088,7,0
70,47,0.7779729950992224,0.37294444414008676,0.13941932081469077,1.045224356503492,7,0
71,44,0.745329940881483,0.39466722407066035,0.08456756047599816,1.045224356503492,7,0
72,47,0.821760627522914,0.35957232242610365,0.06608498362401373,1.046730080483887,7,0
73,47,0.7134365489321475,0.41355907144639165,0.05747192051902214,1.046730080483887,7,0
74,48,0.7701162704816744,0.3848324038506186,0.13524288965632428,1.046730080483887,7,0
75,46,0.7859355420983727,0.38836434386094204,0.09690870111140616,1.0467302804430212,7,0
76,46,0.7899303728311959,0.3626596957279165,0.15634541551206418,1.0467302804430212,7,0
77,48,0.8475208315178004,0.3293247144824597,0.095455255209132,1.0515356516001517,7,0
78,46,0.8214298678078962,0.3682676470125714,0.1107647112466683,1.0515471443680806,7,0
79,45,0.8483904783880718,0.34895526108546393,0.10907884317478518,1.0515471443680806,7,0
80,47,0.8374546188471842,0.3601657220778512,0.16491355149591266,1.0515624807957777,7,0
81,49,0.7858874551118303,0.38589098022925644,0.06966997605009312,1.0543488964235732,7,0
82,46,0.8018542465302617,0.384160628597612,0.06103554826867994,1.0543488964235732,7,0
83,43,0.8255550498833236,0.3612731223042775,0.08133691146710453,1.0543488964235732,7,0
84,48,0.7835469942297757,0.3790656574070723,0.07043801631156484,1.0543488964235732,7,0
85,46,0.7272503395996138,0.41021140438444526,0.09199022897447298,1.0544091177564665,7,0
86,45,0.9116266582872283,0.30673342641443035,0.058299246891882706,1.0544028044718996,7,0
87,46,0.7736110947218144,0.39690592988383,0.058291514527371795,1.0564813729409939,7,0
88,48,0.7520435946412991,0.4012411772870279,0.057515795602689004,1.0564813729409939,7,0
89,44,0.8370436371939549,0.3528999683484663,0.13939061730569943,1.056481389068616,7,0
90,48,0.7151313597909524,0.4044238688917856,0.06213994832887043,1.0564833198788919,7,0
91,46,0.8342999170107734,0.36376237585794513,0.08984070699672796,1.056484576741836,7,0
92,45,0.8179829561151718,0.3693522445299591,0.09977373337629583,1.0566472013348605,7,0
93,47,0.8300049507920341,0.346826078740753,0.1484228139525191,1.0566472013348605,7,0
94,47,0.8674027762799801,0.33197764669448854,0.15917399008425012,1.0566510614434597,7,0
95,47,0.7321554688471978,0.41068899693407496,0.04856550576348073,1.0566616138757865,7,0
96,45,0.7288213961229749,0.40250802670623276,0.14520958383050106,1.0596684599046045,7,0
97,42,0.8608134130043062,0.3355085414064069,0.07318285079501693,1.0596684599046045,7,0
98,48,0.7968097828238687,0.3884304204879104,0.09107895021955302,1.0596684599046045,7,0
99,49,0.8034514953549151,0.39978155200997845,0.03825719631577135,1.0596684599046045,7,0
100,46,0.8012180412145298,0.37821908722515274,0.06226920561988794,1.0598095862886878,7,0
