gen,nevals,avg,stddev,min,max,run,wlasne_prawd
0,50,0.0,0.0,0.0,0.0,8,3
1,45,3.16537013216127e-13,5.340152826410137e-13,0.0,1.2174500508312578e-12,8,3
2,45,2.953374539771288e-10,4.438105679537104e-10,0.0,1.715727874615181e-09,8,3
3,42,5.892036950341377e-10,4.762227652956104e-10,0.0,1.715727874615181e-09,8,3
4,47,1.7791174138915055e-09,5.3226742935953435e-09,0.0,3.4219638393756343e-08,8,3
5,46,1.1248308040367722e-08,4.461780968900838e-08,0.0,3.006004402011889e-07,8,3
6,46,5.418265341558462e-08,1.5677262520035825e-07,0.0,7.442829790664972e-07,8,3
7,44,2.959980679391539e-07,4.5323153018705275e-07,0.0,2.5524281721021916e-06,8,3
8,48,8.654867672622725e-07,1.2919301658572284e-06,0.0,7.794897135474994e-06,8,3
9,45,1.9459036285056934e-06,2.07484341936901e-06,0.0,1.015473567023843e-05,8,3
10,45,5.199280291743461e-06,5.188484000438031e-06,0.0,2.637904439743511e-05,8,3
11,46,1.1567111099704494e-05,9.382149187815321e-06,0.0,5.233091687041862e-05,8,3
12,42,1.7760730696860954e-05,1.4768577442439464e-05,0.0,7.015958884957243e-05,8,3
13,46,1.9940216463985075e-05,1.3065366415762902e-05,0.0,5.462397043269776e-05,8,3
14,40,2.5629956335099373e-05,1.4624424958462216e-05,0.0,6.642813503175735e-05,8,3
15,46,2.761107603004448e-05,1.9523897858126744e-05,0.0,6.642813503175735e-05,8,3
16,46,3.3699341064327405e-05,2.618726338241799e-05,0.0,0.00012380425145877062,8,3
17,44,3.5096408967973714e-05,2.8821458774265062e-05,0.0,0.00012380425145877062,8,3
18,44,3.7868830109249904e-05,3.097700219786691e-05,0.0,0.00012380425145877062,8,3
19,44,4.602305441710407e-05,3.824696111646914e-05,0.0,0.0001552677713841361,8,3
20,47,4.563348047251328e-05,4.2262701039244826e-05,0.0,0.00012380425145877062,8,3
21,47,4.43756456030951e-05,4.680681099046705e-05,0.0,0.00012380425145877062,8,3
22,44,5.689887977894357e-05,5.4011067019586836e-05,0.0,0.00012380425145877062,8,3
23,48,6.519464949719626e-05,6.142256777037521e-05,0.0,0.00020586011486037608,8,3
24,44,9.725949448721502e-05,8.141296326706384e-05,1.3321418698328156e-10,0.00033617918881644206,8,3
25,44,0.00011133887396367814,9.359744504669952e-05,0.0,0.00033617918881644206,8,3
26,47,0.00013631289140236705,0.00010873509049412982,0.0,0.0004684064812824654,8,3
27,43,0.0001501915731132201,0.00014362440904751734,0.0,0.0004684064812824654,8,3
28,45,0.0002005156985065461,0.00019568650992510505,1.3321418698328156e-10,0.0007833267666253,8,3
29,47,0.00020554364849198627,0.00022310435626607912,0.0,0.0007843756279360276,8,3
30,42,0.0002525076778566484,0.00023049060642691958,0.0,0.0007843756279360276,8,3
31,43,0.0002569528238794699,0.0002520103151005244,0.0,0.0007843756279360276,8,3
32,42,0.0003545111939643556,0.0002898331431505284,0.0,0.0007843756279360276,8,3
33,44,0.00035078206162783717,0.00030238506464792933,4.394464126581348e-18,0.0009547846770697037,8,3
34,45,0.0003647397855357426,0.00032763562216330417,0.0,0.0009736906360144003,8,3
35,46,0.00041552250605293825,0.0003338816824683238,0.0,0.0009547846770697037,8,3
36,46,0.0003153227221485265,0.0003560358946430772,0.0,0.0009547846770697037,8,3
37,48,0.00033052511854087733,0.0003777500286343113,3.791802022571705e-08,0.0009547846770697037,8,3
38,46,0.0004191989000843085,0.000395848771211777,1.3321418698328156e-10,0.0009547846770697037,8,3
39,46,0.00035738534537646055,0.00038675732473058324,0.0,0.001005666627430983,8,3
40,48,0.00027857352392895806,0.00036374818823533986,0.0,0.0010479361645721334,8,3
41,47,0.0003327564465440656,0.0003708946722037895,0.0,0.00103101749166436,8,3
42,49,0.0002966552466016886,0.0003583063789944253,1.3321418698328156e-10,0.00103101749166436,8,3
43,48,0.0002910775461048997,0.00037209165256823037,2.3832327871173824e-18,0.00103101749166436,8,3
44,45,0.00041004712998761163,0.0003867327546107103,0.0,0.00103101749166436,8,3
45,47,0.00036990895884599176,0.000396496237254622,0.0,0.00103101749166436,8,3
46,45,0.0004461041764065235,0.00040342042971544285,0.0,0.00103101749166436,8,3
47,45,0.0005343653511179552,0.0004125143766491317,2.808666774861361e-18,0.0010204619471546857,8,3
48,46,0.00051410719470381,0.0004247445431375719,0.0,0.0010030233264886595,8,3
49,45,0.0005210180496205057,0.0004341257243517885,1.3321418698328156e-10,0.0010030233264886595,8,3
50,47,0.00046750774304352106,0.0004290508057231527,0.0,0.0010376254473921662,8,3
51,47,0.000547369455135477,0.0004363660994320988,1.3321418698674403e-10,0.0010318286375562908,8,3
52,47,0.0005870593781409387,0.00043562612430075664,1.8288713016877625e-18,0.0010710107898432577,8,3
53,44,0.000569653323002614,0.00044966958135989,0.0,0.0011360135771752364,8,3
54,44,0.0005256476969001605,0.0004930111506666293,0.0,0.0011360135771752364,8,3
55,47,0.00042907601137267534,0.0004463220132866265,1.3321418697474831e-10,0.0011360135771752364,8,3
56,45,0.0005117840401140422,0.00046658847139930884,1.332141869831083e-10,0.001147421197850157,8,3
57,47,0.0004429282773232524,0.00046226840137348246,0.0,0.001147421197850157,8,3
58,41,0.0005952059970404162,0.00045857704180289507,0.0,0.001147421197850157,8,3
59,46,0.0004423096933760854,0.0004775639286983908,0.0,0.001147421197850157,8,3
60,46,0.0004436146845751786,0.00044979893032207383,0.0,0.001147421197850157,8,3
61,46,0.00045667185494308737,0.0004582460172701089,0.0,0.001147421197850157,8,3
62,46,0.000565542108211706,0.0004710721888991741,0.0,0.001147421197850157,8,3
63,47,0.0005540188144489329,0.0005155289483594633,0.0,0.001147421197850157,8,3
64,46,0.0006233922985214231,0.0005149135833136709,7.599635737992784e-07,0.0012170042207796678,8,3
65,46,0.0006984649408423609,0.0005031900377852178,0.0,0.0012170042207796678,8,3
66,46,0.0007312727377283939,0.0005143703544841115,1.3321418697474831e-10,0.0012194951146817874,8,3
67,45,0.0006935673880394832,0.0005572789846014901,0.0,0.0014201184746960582,8,3
68,44,0.0008851193351733854,0.0005451856871157183,5.617333549722722e-19,0.0014201184746960582,8,3
69,46,0.0007654013280884829,0.0006332781359035854,0.0,0.0014201184746960582,8,3
70,46,0.0009019919788115857,0.0006268573836118009,0.0,0.0014380718909920952,8,3
71,43,0.0008729870070897526,0.000657383183813275,3.972054645195637e-18,0.0014380718909920952,8,3
72,46,0.0009020641037234004,0.00063355578653675,0.0,0.0014546229842086844,8,3
73,48,0.0008363027606813487,0.0006473234152960512,0.0,0.0014546229842086844,8,3
74,45,0.0009192756498853308,0.0006292627115279595,0.0,0.0014546229842086844,8,3
75,46,0.000894082572964624,0.0006547944183185492,1.2440501187863902e-06,0.0015271153366237479,8,3
76,45,0.0009961724981676014,0.0006138118601322205,0.0,0.0015271153366237479,8,3
77,46,0.0009227417160011417,0.0006643166084761744,0.0,0.0015271153366237479,8,3
78,45,0.000807402146290985,0.0006770917099768126,0.0,0.0015271153366237479,8,3
79,47,0.0008220647780036117,0.0006813667099042256,0.0,0.0015271153366237479,8,3
80,46,0.000951332646271304,0.0006649060876213804,1.332141869831083e-10,0.0015271153366237479,8,3
81,44,0.0007927825944865234,0.0007218060517356513,6.081266252743834e-18,0.0015271153366237479,8,3
82,47,0.00046975165856921275,0.0006369483266666218,0.0,0.0015271153366237479,8,3
83,44,0.0005683809351787684,0.0006741331357867547,2.51214793389404e-18,0.0015271153366237479,8,3
84,45,0.0007953048677856119,0.000665251292706783,1.3321418696638833e-10,0.0015271153366237479,8,3
85,47,0.0008159447210087969,0.0006596361934379154,5.866677113914578e-07,0.0015271153366237479,8,3
86,47,0.0007536877458113158,0.0006913266730755738,1.3321418697474831e-10,0.0015271153366237479,8,3
87,43,0.00063419143532779,0.0006946191973222592,0.0,0.0015271153366237479,8,3
88,47,0.0007503531827401043,0.0007152130747928505,0.0,0.0015271153366237479,8,3
89,44,0.0007947158056796715,0.0006631701371265401,1.3321418697474831e-10,0.0015271153366237479,8,3
90,46,0.0007627407750707465,0.0007135143377345655,0.0,0.0015271153366237479,8,3
91,47,0.000689911967113595,0.0007076669037531206,0.0,0.0015271153366237479,8,3
92,44,0.0011080072308650715,0.0006363481436973294,1.0444847253750947e-06,0.0015271153366237479,8,3
93,47,0.0009049141623559859,0.0006892156502580053,0.0,0.0015271153366237479,8,3
94,47,0.000988737378408744,0.0006563228633781454,1.0444847253750947e-06,0.0015271153366237479,8,3
95,45,0.0008914484060437904,0.0007174042585365648,7.514674309728004e-08,0.0015271153366237479,8,3
96,45,0.000986520993496534,0.0006856219559634746,0.0,0.0015271153366237479,8,3
97,49,0.0010120420933736232,0.0006860141386859207,1.0444847253750947e-06,0.0015271153366237479,8,3
98,43,0.001126932150511947,0.0005937666370889841,2.378920785520126e-06,0.0015271153366237479,8,3
99,46,0.0008591473418578967,0.0007244942838994582,0.0,0.0015271153366237479,8,3
100,46,0.0008465899147904886,0.0007252084027603026,0.0,0.0015271153366237479,8,3
