gen,nevals,avg,stddev,min,max,run,wlasne_prawd
0,50,0.0,0.0,0.0,0.0,7,3
1,44,1.704430071163761e-13,4.224393790862678e-13,0.0,1.2174500508312578e-12,7,3
2,43,1.0450324547717805e-10,2.579097990694453e-10,0.0,7.437258263850433e-10,7,3
3,45,1.0417375643322704e-09,3.328569141231188e-09,0.0,2.3178835060063023e-08,7,3
4,47,1.9549044765115507e-09,4.0284707583990266e-09,0.0,2.317883506006548e-08,7,3
5,46,8.387488541176174e-09,4.227093530375924e-08,0.0,3.02491881542156e-07,7,3
6,44,1.2131136962712667e-08,5.920615675663263e-08,0.0,4.2477401204509816e-07,7,3
7,45,1.5082788322580847e-06,8.160635481911577e-06,0.0,5.688911348263591e-05,7,3
8,42,6.0222086020549e-06,1.7052339804413783e-05,0.0,5.7608025572617884e-05,7,3
9,43,1.6518646793465388e-05,2.5339585927462598e-05,0.0,6.584498044114445e-05,7,3
10,43,3.583939011640214e-05,4.228171076127952e-05,0.0,0.00025044298618349514,7,3
11,47,4.403689170898936e-05,4.1594422709467935e-05,0.0,0.00021278642103305656,7,3
12,46,6.0168757135857425e-05,6.617228486610191e-05,0.0,0.00024033727957269814,7,3
13,48,8.158638413775343e-05,8.530145482206638e-05,0.0,0.00024033727957269814,7,3
14,41,0.00014676703409170658,0.00011580517870672302,0.0,0.0005419245309362491,7,3
15,43,0.00015872519239277388,0.0001159235181151027,0.0,0.0005366946871357723,7,3
16,43,0.00017741894277591372,0.00015661039167971815,0.0,0.0005513918914843429,7,3
17,44,0.0002476737636948665,0.00018785909422139107,0.0,0.0005513918914843429,7,3
18,47,0.00028825873874019885,0.0002306009341939093,0.0,0.0005743024511372275,7,3
19,44,0.00029984843834300433,0.0002476171227401225,2.4416450774325026e-14,0.0005836023848878534,7,3
20,46,0.0003043892800250266,0.00025197978593336266,0.0,0.0005847057549570003,7,3
21,44,0.0003740393320067224,0.0002408809927600817,4.548462892791345e-09,0.0005911727320280806,7,3
22,47,0.0003068831342766814,0.00026483832971103575,0.0,0.0005921002446409365,7,3
23,45,0.0003395711480532827,0.00026665065413525465,0.0,0.0006161450127002685,7,3
24,45,0.0003842608212304277,0.0002559159183026105,1.3912319371310379e-12,0.0006161450127002685,7,3
25,47,0.0003061192501436365,0.00026207810920244115,2.725650243740924e-12,0.0006161450127002685,7,3
26,44,0.00045220039661296473,0.0002206337414722887,0.0,0.0006161450127002685,7,3
27,46,0.0003347757069949756,0.00027926806900787444,0.0,0.0006267639317447372,7,3
28,44,0.000334511616455938,0.00026815437562076295,0.0,0.0006267639317447372,7,3
29,42,0.0003612105834809861,0.0002717102766350629,0.0,0.0006150021378281245,7,3
30,46,0.0003502664733576603,0.00026548761884899,0.0,0.0006150021378281245,7,3
31,47,0.000319570287278833,0.00027031226410788344,0.0,0.0006150021378281245,7,3
32,46,0.0004155021057455161,0.0002587132650503099,0.0,0.0006150021378281245,7,3
33,47,0.0004342979771872844,0.0002452034845094488,0.0,0.0006150021378281245,7,3
34,44,0.0004840729561912896,0.00021755562082675827,0.0,0.0006150021378281245,7,3
35,42,0.0004921282012103771,0.00021522447174880378,3.09655279416966e-14,0.0006125529404031242,7,3
36,47,0.0004062958467513674,0.0002622945234645925,0.0,0.0006131565377752687,7,3
37,49,0.0003996658867743439,0.00026567105446941014,6.234262414837384e-15,0.0006125529404031242,7,3
38,40,0.0004487940814511481,0.00025292015360852245,0.0,0.0006125529404031242,7,3
39,43,0.0004243647507919353,0.0002558430826556995,0.0,0.0006125529404031242,7,3
40,49,0.0004277393006271401,0.0002510008465874091,1.8330650421415307e-14,0.0006183265911286359,7,3
41,44,0.00040373396204836125,0.00026821439375937007,0.0,0.0006125529404031242,7,3
42,45,0.00038696212099074284,0.0002698252718475301,0.0,0.0006125529404031242,7,3
43,46,0.0004637952809185344,0.0002285679226588787,6.234262414837384e-15,0.000614777402873601,7,3
44,45,0.00041323255383876926,0.0002507510347145387,4.6470720144129493e-10,0.0006150021378281245,7,3
45,45,0.00044201096644989175,0.00024546459747062764,0.0,0.0006171251290122698,7,3
46,46,0.00042063791815203315,0.00025417172870528354,0.0,0.0006267639317447372,7,3
47,44,0.00039227741804853536,0.0002569083098807764,0.0,0.0006171251290122698,7,3
48,39,0.0003903277924131193,0.00026618148460435333,0.0,0.0006171251290122698,7,3
49,48,0.00041453075655801977,0.00025587344484513593,0.0,0.0006171251290122698,7,3
50,43,0.00047200070659371874,0.0002315761558072845,0.0,0.0006171251290122698,7,3
51,45,0.00039629335020182016,0.0002648896635416564,0.0,0.0006267639317447372,7,3
52,42,0.0004176395189197189,0.00026088864374362733,5.609773767263786e-15,0.0006267639317447372,7,3
53,44,0.000426380936848477,0.0002494908639087341,0.0,0.0006267639317447372,7,3
54,46,0.00039962916406412316,0.0002677959396119986,5.609773767263786e-15,0.0006267639317447372,7,3
55,42,0.000423084194830543,0.00026241743743980506,0.0,0.0006267639317447372,7,3
56,43,0.0004268032752638613,0.00026512139587706057,0.0,0.0006267639317447372,7,3
57,47,0.0004677516007164676,0.0002490966624589265,0.0,0.0006267639317447372,7,3
58,49,0.0004888507719044021,0.0002309706944828585,9.891901050578452e-15,0.0006267639317447372,7,3
59,46,0.0004844749880458348,0.00023847806551768237,0.0,0.0006267639317447372,7,3
60,48,0.0004560334894089271,0.0002460971879150741,9.891901050578452e-15,0.0006267639317447372,7,3
61,48,0.00047335059422318345,0.00024470152360154824,0.0,0.0006267639317447372,7,3
62,47,0.0004956621844024361,0.00023106499090412292,9.891901050578452e-15,0.0006267639317447372,7,3
63,45,0.0005279289315274998,0.0002026512193562091,2.051284375465878e-07,0.0006267639317447372,7,3
64,48,0.0004763664728488681,0.00024383692348483132,9.891901050578452e-15,0.0006267639317447372,7,3
65,46,0.0004127925358466389,0.00027408639728751137,0.0,0.0006267639317447372,7,3
66,45,0.00046177105206662855,0.0002627072702309127,0.0,0.0006267639317447372,7,3
67,43,0.0004274217513700723,0.00026850878237313474,0.0,0.0006267639317447372,7,3
68,48,0.0005008006906041255,0.00022902942607687135,0.0,0.0006267639317447372,7,3
69,41,0.0003819066889293184,0.00028558753873431065,0.0,0.0006267639317447372,7,3
70,47,0.0004538156658155574,0.00024208173776091836,0.0,0.0006267639317447372,7,3
71,45,0.000515011179134106,0.00020751626504530372,1.2659467059737192e-14,0.0006267639317447372,7,3
72,45,0.0004638826838557142,0.00024688430772757357,9.891901050578452e-15,0.0006267639317447372,7,3
73,43,0.0004560568024290777,0.0002511485563925968,9.891901050578452e-15,0.0006267639317447372,7,3
74,43,0.0005109587719802554,0.00021922585751579812,1.2659467059737192e-14,0.0006267639317447372,7,3
75,46,0.00045906363497627605,0.0002542583290233685,0.0,0.0006267639317447372,7,3
76,44,0.00046754693985188127,0.00025250004342010287,0.0,0.0006928115470307901,7,3
77,45,0.0004564841666333552,0.0002725386527073025,0.0,0.0007691091558188699,7,3
78,40,0.0004896812733674736,0.0002560502366482228,0.0,0.0007691091558188699,7,3
79,44,0.00044719428130604144,0.0002934996626302765,9.891901050578452e-15,0.0007691091558188699,7,3
80,44,0.0004412816462059006,0.0003194216636471644,2.9169979257565758e-08,0.0007691091558188699,7,3
81,46,0.000535263664262296,0.0002778200604813877,0.0,0.0007691091558188699,7,3
82,46,0.0004951723720071921,0.00033163681148751765,9.20887652852769e-08,0.0007691091558188699,7,3
83,44,0.0005237369726577166,0.00033303770125210516,2.881404336122314e-08,0.0007691091558188699,7,3
84,46,0.0005116349904017988,0.0003217066365170933,6.033030091973698e-08,0.0007691091558188699,7,3
85,44,0.0005400857419439102,0.0003098972788526352,6.346131697306781e-08,0.0007824619446473246,7,3
86,43,0.0006028465844838215,0.0002808652477877239,6.033030091973698e-08,0.0007824619446473246,7,3
87,47,0.0006227200597319196,0.0002648208381368256,4.5632964920352534e-08,0.0007824619446473246,7,3
88,41,0.0005754811272781642,0.00029798825895784167,2.9092555444450137e-08,0.0007824619446473246,7,3
89,43,0.000641068010865435,0.00027584708223197147,4.6246658867791886e-08,0.0007824619446473246,7,3
90,42,0.0006148746992537615,0.0002844580269090031,4.6246658867791886e-08,0.0007824619446473246,7,3
91,47,0.0006003128100487025,0.00028345899002043135,4.660888856778233e-07,0.0007824619446473246,7,3
92,46,0.0004929344303190808,0.0003179474425523212,4.8824430576117723e-08,0.0007824619446473246,7,3
93,47,0.0004976296219932148,0.0003364902920113289,4.6246658867791886e-08,0.0007824619446473246,7,3
94,45,0.0005234880338978968,0.00033021634274990716,4.8824430576117723e-08,0.0007824619446473246,7,3
95,46,0.0005975280790721227,0.0002908749947811665,3.0606972937095825e-07,0.0007857867739406853,7,3
96,45,0.0005249996278119623,0.000317180027585605,4.6246658867791886e-08,0.0007857867739406853,7,3
97,43,0.0006010222861146079,0.0002779127550604006,6.8516266140512e-08,0.0007857867739406853,7,3
98,44,0.0006102388532648059,0.00028022358478535254,4.8824430576117723e-08,0.0007857867739406853,7,3
99,44,0.0005907803093968334,0.00030431652017964123,1.297826190833397e-07,0.0007857867739406853,7,3
100,45,0.0006337553045867405,0.00027075950768248435,1.9482589301916154e-07,0.0007857867739406853,7,3
