gen,nevals,avg,stddev,min,max,run,wlasne_prawd
0,50,0.0,0.0,0.0,0.0,10,3
1,45,2.191410091496264e-13,4.677290357004888e-13,0.0,1.2174500508312578e-12,10,3
2,47,1.628983176799417e-10,4.408382136629154e-10,0.0,1.715727874615181e-09,10,3
3,44,3.560564658309137e-09,1.2201777356772154e-08,0.0,6.187825558002716e-08,10,3
4,45,4.9253647221707045e-08,1.0603096077319557e-07,0.0,5.626099789288423e-07,10,3
5,44,4.6074877484011946e-07,2.3844528948493278e-06,0.0,1.7090537545858887e-05,10,3
6,43,1.212484816523619e-06,4.048219442723101e-06,0.0,1.7422362666114184e-05,10,3
7,44,2.727796025772951e-06,5.71982474101549e-06,0.0,1.7422362666114184e-05,10,3
8,47,5.408493767339138e-06,7.751269998555004e-06,0.0,1.7422362666114184e-05,10,3
9,49,1.0710051131916503e-05,1.056160373881395e-05,0.0,5.0005730035767914e-05,10,3
10,43,2.0531638557296233e-05,2.201392135404157e-05,0.0,0.0001389429377454285,10,3
11,45,3.0778756091679306e-05,2.9623151652272202e-05,0.0,0.0001389429377454285,10,3
12,45,5.267211877828827e-05,5.558566251893123e-05,2.270511799573907e-06,0.0002943567859802001,10,3
13,41,0.00010881915544595598,0.00010992069777675278,0.0,0.00038455328149805353,10,3
14,47,0.00015397772763813613,0.0001660475928503903,0.0,0.0009817566328602562,10,3
15,43,0.0001967341165041823,0.00021836791852422146,0.0,0.0009817566328602562,10,3
16,46,0.00023303264706356534,0.00024814564880790195,6.875643355487371e-07,0.001382394778826146,10,3
17,43,0.000308111860853897,0.0002953795112872894,4.894681806447553e-08,0.001382394778826146,10,3
18,45,0.00031637174349339583,0.0003424815316837322,2.0218376519848592e-07,0.0012738807940726052,10,3
19,43,0.00036824477157027094,0.00036758706946987614,1.2174500508312578e-12,0.0012738807940726052,10,3
20,47,0.0004180740883530403,0.0005284650125525818,6.794382710119885e-08,0.0023565623900727575,10,3
21,42,0.0005895866700353576,0.000562655805085983,2.3722604093418787e-07,0.0023565623900727575,10,3
22,48,0.00052377363144845,0.0005310911571326047,3.450821169379995e-07,0.002148002098115725,10,3
23,44,0.000692275801604544,0.0005889471724278418,2.2672388037851856e-07,0.0018903849296247326,10,3
24,46,0.0007721984205022011,0.0006418824330589608,8.458983261384742e-07,0.0020008948163206535,10,3
25,43,0.0008025435962142414,0.0006450365677820185,4.6752486337848413e-07,0.0020008948163206535,10,3
26,48,0.0007385199989994902,0.0006624841874380319,1.3039272412635505e-07,0.00198270694019498,10,3
27,44,0.0007581294753414668,0.000617593948113631,5.678198997183493e-07,0.0016381137142315488,10,3
28,49,0.000751572217682159,0.0006730110026717052,7.04019065081773e-07,0.0025563720067363267,10,3
29,44,0.0009074459517561458,0.000738598803041028,5.912889073344019e-09,0.0025890400332405166,10,3
30,46,0.0008715841509487681,0.0008355220246694244,3.0739143504229296e-07,0.0025890400332405166,10,3
31,49,0.000886663825858265,0.0009363501266455088,1.1973474071094292e-09,0.0034989662479685776,10,3
32,48,0.0010918758275003367,0.0008118174957486721,3.098104854409825e-07,0.0025890400332405166,10,3
33,45,0.0011031744904557972,0.0008827982049387899,1.6477056629170565e-08,0.0025890400332405166,10,3
34,45,0.00109600751453449,0.0008689514829980354,9.405384881637118e-08,0.0025890400332405166,10,3
35,46,0.0011807863489137142,0.0009395083130166481,8.614932191703908e-07,0.0025890400332405166,10,3
36,40,0.0011110846994491351,0.0009618090828264407,3.492835947669365e-07,0.003229639599471674,10,3
37,47,0.00103104411799404,0.001154563739498469,2.3973390551709246e-07,0.003640474583835117,10,3
38,44,0.0014219886536864911,0.0012236365210071115,2.4688760838681815e-07,0.0035632192994430887,10,3
39,47,0.0011759780920113008,0.001238380462235125,1.9344269564447407e-07,0.0035632192994430887,10,3
40,44,0.0013177254539415665,0.0013145963977611958,6.794382710119885e-08,0.003663095754889077,10,3
41,42,0.0014108876260554358,0.0014394093202848767,6.794382710119885e-08,0.0034595190266140607,10,3
42,46,0.0015384832042338703,0.0014366769660238735,1.9344269564447407e-07,0.00341733019696633,10,3
43,44,0.001562931143549624,0.0014731881873005746,2.632936428482515e-07,0.00341733019696633,10,3
44,45,0.0013785029063643818,0.0014427606895881086,2.3745253438544957e-07,0.00341733019696633,10,3
45,43,0.0016527330175179996,0.0015140447688798012,6.794382710119885e-08,0.00341733019696633,10,3
46,43,0.0017506241375575418,0.001536803824866606,6.794382710119885e-08,0.00341733019696633,10,3
47,49,0.001636776175499333,0.0015117370623051274,3.492835947669365e-07,0.0034832734134995014,10,3
48,44,0.0018004910554860008,0.001562599217571508,6.794382710119885e-08,0.0034832734134995014,10,3
49,40,0.002246703426379382,0.0013859868126818314,3.1199279384073324e-07,0.0034354975470700213,10,3
50,47,0.0015646696471495634,0.0014907991708920443,6.794382710119885e-08,0.0036265567533437073,10,3
51,43,0.0011870240543517012,0.0014712469032206598,3.12402487811175e-08,0.0036265567533437073,10,3
52,44,0.0017816666249131495,0.0015013396997176152,6.794382710119885e-08,0.0036265567533437073,10,3
53,46,0.0014539648072377253,0.0014976615574468048,2.3745253438544957e-07,0.0036265567533437073,10,3
54,46,0.0014092958260978564,0.0014581755466089006,6.794382710119885e-08,0.0036265567533437073,10,3
55,48,0.001589375494352704,0.0013783444164506902,6.794382710119885e-08,0.0035796598952081275,10,3
56,46,0.001824235806872346,0.001541986779129919,7.656703595345006e-07,0.00408371345217972,10,3
57,44,0.0016530756579157997,0.0015744475214195528,6.794382710119885e-08,0.00408371345217972,10,3
58,47,0.0012969654151563886,0.0014148556017680796,6.794382710119885e-08,0.0037383997034481802,10,3
59,47,0.0012344523175173677,0.001264959149326853,7.134642993184761e-07,0.004006914331346711,10,3
60,47,0.0013989688027811037,0.0013765123346507796,1.8343679774412745e-07,0.004006914331346711,10,3
61,46,0.0010882626192996849,0.0013753814256660592,5.041565520580212e-07,0.004006914331346711,10,3
62,42,0.0012606130264646584,0.0014434855950001108,7.292404791421972e-07,0.004092251151986549,10,3
63,44,0.0013121829385382034,0.001380346165209686,5.149752432876218e-07,0.004092251151986549,10,3
64,47,0.0013363212763952297,0.001380965140871113,1.3530096336405037e-07,0.0036536466748376176,10,3
65,44,0.0012589580893692023,0.0014536740721482937,1.3530096336405037e-07,0.0036536466748376176,10,3
66,44,0.0015496772624679265,0.0014693229182023225,1.3530096336405037e-07,0.003793063259014394,10,3
67,47,0.0012246179167661724,0.0013642045511676713,5.149752432876218e-07,0.003992770521140647,10,3
68,46,0.0014877738642187855,0.0013704661791089652,1.3530096336405037e-07,0.0036536466748376176,10,3
69,48,0.0016833674473139023,0.001441026262465398,6.794382710119885e-08,0.0036536466748376176,10,3
70,47,0.0012271758272630222,0.0013678880448190337,1.3530096336405037e-07,0.0036986318251328682,10,3
71,44,0.0015952622393976624,0.0013875250553531313,1.0267539915733504e-06,0.0038245893340373813,10,3
72,45,0.0015472574110338177,0.0013966870192060514,6.839790707734292e-07,0.004107239031277919,10,3
73,44,0.0015140875473026387,0.0015419267477441156,1.3530096336405037e-07,0.004107239031277919,10,3
74,48,0.0014076005379342238,0.0014392303047628373,8.085716295363888e-07,0.0036986318251328682,10,3
75,44,0.0016607194473256932,0.001388819542389311,1.3530096336405037e-07,0.0036986318251328682,10,3
76,45,0.001649218294860654,0.0015144393162400225,1.3530096336405037e-07,0.0036986318251328682,10,3
77,46,0.0015692774962082195,0.0014355390609669685,1.3530096336405037e-07,0.0038509913701501837,10,3
78,43,0.001842859892184274,0.0015225190076765237,4.3522872061854573e-07,0.00406066003232168,10,3
79,45,0.001707902130219021,0.0016534370901474928,1.3530096336405037e-07,0.00406066003232168,10,3
80,45,0.0016504162833320324,0.0016165065973704328,1.0652516694766732e-06,0.00406066003232168,10,3
81,46,0.002178923737402243,0.0016294509550437268,1.0652516694766732e-06,0.00406066003232168,10,3
82,46,0.002161730945039416,0.001670952688523923,1.0652516694766732e-06,0.004121027182379688,10,3
83,45,0.002026559308561349,0.0016447918859825504,1.7152848341326667e-06,0.004121027182379688,10,3
84,45,0.0018097196133372863,0.0016258680309564223,1.3530096336405037e-07,0.004263280825725378,10,3
85,44,0.0017446040205407762,0.0016477368927516134,1.3530096336405037e-07,0.004263280825725378,10,3
86,45,0.0021903158863976497,0.0015321627193732774,1.1873957340466794e-06,0.00413836069853064,10,3
87,45,0.002138905933890616,0.001696771372617215,1.3530096336405037e-07,0.004121027182379688,10,3
88,47,0.0019592256659214376,0.001649630240304483,2.780952165751485e-07,0.004121027182379688,10,3
89,39,0.002448038923638687,0.0016385566868605483,1.3355674106340236e-06,0.004121027182379688,10,3
90,45,0.0019935497063577907,0.0018675230369060898,5.257662881194666e-07,0.004121027182379688,10,3
91,48,0.0020306984801512946,0.001679001001660124,1.7152848341326667e-06,0.004121027182379688,10,3
92,45,0.0020492684108249174,0.0017650193583527022,1.7152848341326667e-06,0.004121027182379688,10,3
93,45,0.0025219374864688935,0.0017133736571741643,1.3530096336405037e-07,0.004121027182379688,10,3
94,46,0.0025620017727759486,0.0016875315718599521,1.3530096336405037e-07,0.004121027182379688,10,3
95,45,0.0023143942077460513,0.0017645443504631488,1.3530096336405037e-07,0.004121027182379688,10,3
96,42,0.0019001671099622324,0.0018739246658247475,1.3530096336405037e-07,0.004121027182379688,10,3
97,46,0.0021199746269451826,0.00174504794146702,2.472012191486364e-07,0.004121027182379688,10,3
98,46,0.0023353081302499874,0.0017217840914212704,5.403265095633993e-07,0.004198193887872045,10,3
99,44,0.0026874097035104855,0.001601534654488256,1.135252608407386e-06,0.004198193887872045,10,3
100,48,0.0020459574075772664,0.0018037741369849546,2.780952165751485e-07,0.004198193887872045,10,3
