gen,nevals,avg,stddev,min,max,run,wlasne_prawd
0,50,0.0,0.0,0.0,0.0,9,3
1,44,2.1914100914962642e-13,4.677290357004888e-13,0.0,1.2174500508312578e-12,9,3
2,44,1.225925948627487e-10,2.719858219610577e-10,0.0,7.437258263850433e-10,9,3
3,46,8.371669472081056e-10,2.0381510825041014e-09,0.0,1.3748352374274058e-08,9,3
4,44,4.061067411625823e-09,1.5058207878674983e-08,0.0,1.0685584915417533e-07,9,3
5,44,1.9683826469264694e-08,3.822094172941593e-08,0.0,1.466763889954748e-07,9,3
6,45,1.8234965547940326e-07,7.276665621578176e-07,0.0,5.20218435912425e-06,9,3
7,43,4.619954044764593e-06,2.238794328666605e-05,0.0,0.0001587504178925558,9,3
8,43,1.633345569109807e-05,4.933721899552019e-05,0.0,0.00028455631563228506,9,3
9,45,4.0780474265478465e-05,8.580341224797238e-05,0.0,0.00043976244104716093,9,3
10,48,5.128401581025e-05,0.0001049947832403197,0.0,0.00046415425444859846,9,3
11,41,0.00013925452259617568,0.00016378238127505413,0.0,0.0004821151758435763,9,3
12,43,0.00027787757372090173,0.00021269804774829034,0.0,0.0007753227798831621,9,3
13,47,0.00034402465694718975,0.00025535811002656524,0.0,0.0008141362297832971,9,3
14,44,0.00039845760504736904,0.0003272039957547323,0.0,0.0008429416252811538,9,3
15,44,0.0006223331908369897,0.0002884218351625787,0.0,0.0008849348442034264,9,3
16,46,0.0003906236798248771,0.00040383280258180827,0.0,0.0008531598151092032,9,3
17,45,0.0005574749178449885,0.00037978647732865426,0.0,0.0012103329896200215,9,3
18,43,0.0005058474696329225,0.0003916484349338485,0.0,0.000945056343468409,9,3
19,46,0.0005430921000859472,0.0003808888519535933,0.0,0.0012276093217497804,9,3
20,43,0.0005232119362877878,0.0004230396968512133,0.0,0.0012291074727276531,9,3
21,48,0.0006433452729352505,0.0004527043934252265,0.0,0.0012699401928291346,9,3
22,46,0.0006713085307518467,0.0004881459329062415,0.0,0.0013519746847479557,9,3
23,47,0.0007105424840239842,0.0005592530304431184,0.0,0.0014816292274405227,9,3
24,46,0.0007620277252758073,0.0005960220570554579,0.0,0.0018882595717351802,9,3
25,43,0.0008978593447909014,0.0006568578528865973,0.0,0.0018882595717351802,9,3
26,46,0.0010164410979355172,0.0006965864823141202,0.0,0.001966448949307007,9,3
27,41,0.001276056605615668,0.000690364041350414,0.0,0.001966448949307007,9,3
28,45,0.0013122934413520473,0.0007488168199313187,0.0,0.001966448949307007,9,3
29,46,0.0013721722109003346,0.0007399030987906135,1.2729833765885236e-08,0.002161401320580819,9,3
30,43,0.0012568473328060015,0.0007998500410777515,0.0,0.002161401320580819,9,3
31,49,0.001192479043320737,0.000837053081645199,0.0,0.002161401320580819,9,3
32,49,0.0010638244200366262,0.0008343996414464279,0.0,0.002161401320580819,9,3
33,45,0.0016138449050788482,0.0006468857203307649,0.0,0.002269244425925708,9,3
34,47,0.001237094258583144,0.0009169425663478238,0.0,0.002269244425925708,9,3
35,43,0.0013808185695722809,0.0009351338552214475,0.0,0.002269244425925708,9,3
36,44,0.0015366430719068263,0.000874620030792027,2.0603702154230734e-18,0.002269244425925708,9,3
37,44,0.0013930299415626346,0.0009768808641754114,0.0,0.002269244425925708,9,3
38,46,0.001611458788961117,0.0008353729432524713,0.0,0.002269244425925708,9,3
39,48,0.001419001783732821,0.0009127456750416068,0.0,0.002269244425925708,9,3
40,42,0.0017621921314516767,0.0007520538510312024,6.25664640641399e-07,0.002269244425925708,9,3
41,47,0.0015701323671457954,0.0008928903941158217,0.0,0.002269244425925708,9,3
42,47,0.001591651728635673,0.0009200295047234441,0.0,0.002298518533080103,9,3
43,49,0.0014463715528987128,0.0009218840626485522,0.0,0.002298518533080103,9,3
44,44,0.0017323701995176593,0.0008441674120718766,0.0,0.002298518533080103,9,3
45,47,0.0017539177026607861,0.0008747622435922133,0.0,0.002298518533080103,9,3
46,46,0.0017571359918657093,0.0008523940524076174,0.0,0.0023377030811450343,9,3
47,46,0.0015546633827980636,0.0009417392646596403,0.0,0.0023377030811450343,9,3
48,44,0.001434836549469589,0.0009886257109076306,1.1234667099445443e-18,0.0023377030811450343,9,3
49,48,0.0014514413859525246,0.0009631711295999311,0.0,0.002298518533080103,9,3
50,47,0.0014584136614494492,0.0009931315279067044,0.0,0.002298518533080103,9,3
51,46,0.0014345478347491032,0.0010371056214225254,0.0,0.002298518533080103,9,3
52,49,0.0015469649867643947,0.0009262210869057625,1.5376516284750917e-07,0.002298518533080103,9,3
53,48,0.0014748652169148046,0.0009318488857944408,0.0,0.002298518533080103,9,3
54,47,0.0016339762790051667,0.0009198816808716007,0.0,0.002464151839844044,9,3
55,45,0.0014868281676212233,0.0009888651595722296,1.1234667099445443e-18,0.002464151839844044,9,3
56,42,0.0015397135448647142,0.0010285796326961966,1.1234667099445443e-18,0.002464151839844044,9,3
57,48,0.0015795520036300497,0.0010214578921931693,0.0,0.002570239539709158,9,3
58,46,0.001230033022815855,0.001091139475704001,0.0,0.002570239539709158,9,3
59,44,0.0016671969381441107,0.0011024885109739296,0.0,0.002570239539709158,9,3
60,43,0.001757515549037195,0.0010918659289516513,0.0,0.0026628341537088007,9,3
61,45,0.0019206442471461501,0.0010336771483449962,0.0,0.0026628341537088007,9,3
62,45,0.0016864672684470277,0.001160692816466395,6.988092099486172e-14,0.0026628341537088007,9,3
63,45,0.0019156503639357885,0.0010619633476324339,0.0,0.0026826780956187026,9,3
64,41,0.0016920841169086914,0.0012130629273216528,0.0,0.0026826780956187026,9,3
65,45,0.0015584370684309453,0.001190682796582941,0.0,0.0026850879117605126,9,3
66,44,0.0020801127891131306,0.000988476206266423,0.0,0.0026812682202800014,9,3
67,46,0.001965242981442622,0.000989155016510927,0.0,0.0026812682202800014,9,3
68,41,0.001510041940945933,0.0012488175531043264,0.0,0.0026812682202800014,9,3
69,47,0.001728359220475098,0.0011993685496942499,0.0,0.0026812682202800014,9,3
70,48,0.0019980313067629795,0.0010267019881499797,1.5225780572504665e-08,0.0026812682202800014,9,3
71,47,0.0015963036996505678,0.001225025370879614,0.0,0.002731958588277344,9,3
72,42,0.0016244882767906075,0.001215459467125729,0.0,0.002731958588277344,9,3
73,46,0.0018652906499975496,0.0011430197386474096,0.0,0.002731958588277344,9,3
74,46,0.0019647155731202697,0.0010985786981985192,0.0,0.002731958588277344,9,3
75,42,0.0019353609708460922,0.0010960734036232211,0.0,0.002731958588277344,9,3
76,49,0.0017537545229009929,0.0012216485579095739,0.0,0.002731958588277344,9,3
77,44,0.001808060688982947,0.0011383141063876457,0.0,0.002731958588277344,9,3
78,42,0.0017322461198493145,0.001218043460203466,0.0,0.002731958588277344,9,3
79,46,0.0019566700927964196,0.0011290652852715968,0.0,0.002731958588277344,9,3
80,44,0.0019508295230916744,0.0010913816369059032,0.0,0.002731958588277344,9,3
81,47,0.001966377636454623,0.0011188970613249043,0.0,0.002731958588277344,9,3
82,44,0.0019075065797181168,0.0011536513039509177,6.987199665750937e-14,0.002731958588277344,9,3
83,44,0.0021835823716935465,0.0010383115049493001,1.5691657656533016e-08,0.002731958588277344,9,3
84,45,0.0016295547235682234,0.0012292585637952128,0.0,0.002731958588277344,9,3
85,46,0.0015626363121366933,0.001275763731273553,0.0,0.002731958588277344,9,3
86,45,0.0017671935602755011,0.001253202211553332,1.5631593681047875e-08,0.002731958588277344,9,3
87,39,0.0020462166621604662,0.001149201851721501,0.0,0.002731958588277344,9,3
88,41,0.002196735094491037,0.001039581036686682,0.0,0.002731958588277344,9,3
89,45,0.0018176947575153097,0.001206462863750523,0.0,0.002731958588277344,9,3
90,45,0.001996679704259573,0.001124399536374219,0.0,0.002731958588277344,9,3
91,45,0.0021840342980679922,0.000986762027232002,0.0,0.002731958588277344,9,3
92,47,0.0020621834801876266,0.001063862416808443,0.0,0.002731958588277344,9,3
93,43,0.0017338446519444839,0.0012582681174775885,0.0,0.002731958588277344,9,3
94,44,0.0018410590916812075,0.0012041357694148678,1.6485130941461964e-08,0.002731958588277344,9,3
95,45,0.0018855425284164012,0.001167659963503353,0.0,0.002731958588277344,9,3
96,45,0.0017583324687641853,0.001211427226249554,0.0,0.002731958588277344,9,3
97,47,0.001663509882651009,0.0012399651084247917,0.0,0.002731958588277344,9,3
98,44,0.0018431824154136406,0.001198805387272045,0.0,0.002731958588277344,9,3
99,45,0.001869385678909287,0.0012374223644841555,0.0,0.002731958588277344,9,3
100,47,0.0018488249463414802,0.0012292707681616601,0.0,0.002731958588277344,9,3
