gen,nevals,avg,stddev,min,max,run,wlasne_prawd
0,50,0.0,0.0,0.0,0.0,5,3
1,46,1.4609400609975093e-13,3.956244387471656e-13,0.0,1.2174500508312578e-12,5,3
2,44,1.0463436592703833e-10,2.578568518557463e-10,0.0,7.437258263850433e-10,5,3
3,47,5.661318827015457e-10,8.879927315523093e-10,0.0,4.4593252930584904e-09,5,3
4,48,8.920152702222634e-10,1.5141353760528418e-09,0.0,9.658122862439248e-09,5,3
5,46,2.4855451062979254e-08,1.5409256853223146e-07,0.0,1.1026749165310163e-06,5,3
6,42,3.540400733512061e-06,2.36938743463967e-05,0.0,0.00016930105707438437,5,3
7,45,8.483745687791227e-06,4.008808040354867e-05,0.0,0.00023139318572963275,5,3
8,42,3.128977262468966e-05,7.378339499308348e-05,0.0,0.00025836241069019696,5,3
9,47,7.226588459588335e-05,0.00010014320951850574,0.0,0.00025836241069019696,5,3
10,47,9.575532997799527e-05,0.00010387449637746255,0.0,0.00030108420567363927,5,3
11,47,0.00011252508232260415,0.00010776456110700201,0.0,0.00030108420567363927,5,3
12,48,0.00014549363686341033,0.00010569229681734826,0.0,0.0002959454203685464,5,3
13,47,0.00011865934340008505,0.00011342712999815749,0.0,0.000322102287137892,5,3
14,48,0.0001126356377476613,0.00010923039617082601,0.0,0.000322102287137892,5,3
15,43,0.00012472887480376112,0.00011729046646042311,0.0,0.00033093602580635834,5,3
16,46,0.00013318319971535028,0.0001376347535175955,0.0,0.00046571947820499125,5,3
17,46,0.00015140268988213473,0.00015214593343885972,0.0,0.0005298473537101727,5,3
18,46,0.00017489216449367766,0.0001984244247614653,0.0,0.0010708334556162175,5,3
19,45,0.00025992653999241217,0.00033634793377527864,0.0,0.0010708334556162175,5,3
20,44,0.0005011283257614359,0.0004332901532506827,9.896112475510831e-15,0.001106743763275718,5,3
21,48,0.0007828848116445687,0.0004005542234690899,0.0,0.0011388646411778934,5,3
22,46,0.0007831293244918484,0.00043551665537498366,0.0,0.0011388646411778934,5,3
23,47,0.0006766984674030333,0.00045706001257164703,0.0,0.0011658927575445102,5,3
24,47,0.0006698946433524955,0.0004659699210293729,0.0,0.0011658927575445102,5,3
25,47,0.0006676946957094219,0.00048625060582281816,0.0,0.0011658927575445102,5,3
26,48,0.000761754709231715,0.0004635195127871582,9.894269497796608e-15,0.0012796310878180764,5,3
27,45,0.0007659229960657547,0.00047391273430624135,0.0,0.0011693055083893942,5,3
28,47,0.000845172661165495,0.00045111173076290697,0.0,0.00128959510126054,5,3
29,41,0.0008871036206424559,0.00047151772100587845,0.0,0.0013456712727632147,5,3
30,46,0.0008950531882027455,0.0005467196587077922,9.893034550110662e-15,0.0016604464386441758,5,3
31,46,0.0008302558438353028,0.0005924744578544104,0.0,0.0016604464386441758,5,3
32,48,0.0008476677716811107,0.0006423964667795575,0.0,0.0016611282829197948,5,3
33,46,0.0010020990874399025,0.0006436886793946224,0.0,0.001702119572767645,5,3
34,46,0.0008605029654366989,0.0007381772720576565,0.0,0.0017687565804870157,5,3
35,46,0.0010830476467628618,0.0007285008684595094,0.0,0.0017687565804870157,5,3
36,44,0.0011601826813755552,0.0007450539031847823,0.0,0.001778047646608854,5,3
37,45,0.0011022269324900916,0.0007352360656985189,0.0,0.0017687565804870157,5,3
38,43,0.0010569654119008038,0.000794236131339805,0.0,0.0017687565804870157,5,3
39,46,0.0009832062739387644,0.0008034556681538918,0.0,0.0017667517811938275,5,3
40,48,0.0011196175151894194,0.0007442230119767721,0.0,0.0017852067048837559,5,3
41,44,0.001127111366961206,0.0007834194141272615,0.0,0.0017852067048837559,5,3
42,49,0.0010718116469095311,0.0007803128549278412,0.0,0.0017807463738097734,5,3
43,42,0.0010096029628070243,0.0008021879809546283,0.0,0.0017807463738097734,5,3
44,47,0.0011602960033918381,0.0007204300656148872,0.0,0.0017667517811938275,5,3
45,48,0.0010370437180280741,0.0007890626609359631,0.0,0.0017873479536709195,5,3
46,47,0.0012466327557552343,0.0006801654459614852,0.0,0.0017667517811938275,5,3
47,46,0.0011058296637862983,0.0007482469352697299,0.0,0.001769540646063777,5,3
48,45,0.0009293166479277737,0.0008141724315445696,0.0,0.001769540646063777,5,3
49,44,0.0009578073340207781,0.00076007060531408,0.0,0.0017667517811938275,5,3
50,42,0.000994203157677075,0.0007757198983770391,0.0,0.0017667517811938275,5,3
51,47,0.0011557400395362024,0.0006994901728111325,0.0,0.0017667517811938275,5,3
52,46,0.0010705093247802577,0.0007904569743673288,0.0,0.0017667517811938275,5,3
53,45,0.0011199882065141967,0.0007413072253678664,6.155411039173013e-12,0.0017667517811938275,5,3
54,44,0.0010769815732241588,0.0007527958313649222,0.0,0.0017667517811938275,5,3
55,46,0.0009823397648397554,0.0007868737573172809,0.0,0.0017667517811938275,5,3
56,45,0.0009133092784457835,0.000770460296463632,0.0,0.0017667517811938275,5,3
57,44,0.00100361815192242,0.0007860806739339056,0.0,0.0017667517811938275,5,3
58,47,0.0009959573219351316,0.0007875129734444878,0.0,0.0017667517811938275,5,3
59,43,0.0009343147993666874,0.0007574397089827584,6.155410862963063e-12,0.0017667517811938275,5,3
60,47,0.0012305742032871663,0.0007045210202134347,0.0,0.0017667517811938275,5,3
61,45,0.0010789921010017362,0.0007731295448026932,0.0,0.0017667517811938275,5,3
62,45,0.0011098425061952237,0.000767490616128324,1.732296055880311e-10,0.0017667517811938275,5,3
63,48,0.001155848366840774,0.0007177917784483032,0.0,0.0017667517811938275,5,3
64,45,0.001137126266740464,0.000730071095407695,1.732296055880311e-10,0.0017667517811938275,5,3
65,47,0.0010396050893206577,0.0007371891319769027,1.88665648028371e-11,0.0017667517811938275,5,3
66,48,0.0010486107045788865,0.0007759677982227978,0.0,0.0017667517811938275,5,3
67,42,0.0013895901414857517,0.0006397187231795909,6.155410862963063e-12,0.0017667517811938275,5,3
68,46,0.001154958506539131,0.0007876974931229369,1.888306735734958e-11,0.0017667517811938275,5,3
69,47,0.0011278800925092498,0.0007712892536786688,0.0,0.0017667517811938275,5,3
70,43,0.001237929778979321,0.0006974700327940575,0.0,0.0017667517811938275,5,3
71,45,0.0012118058592202852,0.0007520802836039123,0.0,0.0017667517811938275,5,3
72,44,0.0011258673172546195,0.0007828744462506141,0.0,0.0017667517811938275,5,3
73,45,0.001184479510877755,0.0007537623926812789,0.0,0.0017667517811938275,5,3
74,41,0.0012709772247516931,0.0007035423416108719,1.888311635524066e-11,0.0017667517811938275,5,3
75,49,0.0010601883628137301,0.0007551792778482155,0.0,0.0017667517811938275,5,3
76,45,0.0011285602617909193,0.0007328205865550704,6.155410862963063e-12,0.0017667517811938275,5,3
77,48,0.0010603470800154846,0.0007728373907659125,1.888306836815264e-11,0.0017667517811938275,5,3
78,46,0.0011020584732033187,0.0007461690174091042,1.8883065821806057e-11,0.0017667517811938275,5,3
79,45,0.0010255911894284288,0.0007580830149750686,0.0,0.0017667517811938275,5,3
80,43,0.001366409484995052,0.0006459337864755803,1.888306836815264e-11,0.0017667517811938275,5,3
81,47,0.0010817489581656432,0.0007874137490698291,0.0,0.0017667517811938275,5,3
82,44,0.0009871263396446916,0.0008173325269969032,0.0,0.0017667517811938275,5,3
83,48,0.0010542900011468878,0.0007687321086588899,0.0,0.0017667517811938275,5,3
84,46,0.0010310668220709805,0.0007943357319065501,6.155410862963063e-12,0.0017667517811938275,5,3
85,43,0.001223613550050987,0.0007510859823164778,0.0,0.0017667517811938275,5,3
86,47,0.0012139244249615158,0.0007305532439370309,1.7324132752909216e-10,0.0017667517811938275,5,3
87,47,0.0010818717273381835,0.000776841223641113,0.0,0.0017667517811938275,5,3
88,42,0.00110682745023872,0.0007866344356206364,0.0,0.0017667517811938275,5,3
89,46,0.0011009638621451302,0.0007843171181532929,0.0,0.0017667517811938275,5,3
90,49,0.0009614575296225536,0.0008176448116271211,0.0,0.0017667517811938275,5,3
91,46,0.0009919216924520822,0.0008260420790150928,0.0,0.0017695694497772874,5,3
92,41,0.001065602115368913,0.0008112527322642319,0.0,0.0017695694497772874,5,3
93,48,0.000589383000450246,0.0007359296997611467,6.15541085637296e-12,0.0017695694497772874,5,3
94,47,0.0011822665138740572,0.0007434680763017329,1.8883117617701116e-11,0.0017695694497772874,5,3
95,45,0.0011402434589180635,0.0007878984389467558,0.0,0.0017667517811938275,5,3
96,49,0.0012324857550214284,0.0007479992789213035,6.155410862963063e-12,0.0017667517811938275,5,3
97,43,0.0010021989532790609,0.0008173802525461995,0.0,0.0017667517811938275,5,3
98,46,0.0011369112747086963,0.0007587128295351475,6.155410862963063e-12,0.0017667517811938275,5,3
99,42,0.0011463732970896604,0.0007748526838423087,6.155410862963063e-12,0.0017667517811938275,5,3
100,47,0.001011416977890692,0.0007868976037205403,6.155410862963063e-12,0.0017667517811938275,5,3
