gen,nevals,avg,stddev,min,max,run,wlasne_prawd
0,50,0.0,0.0,0.0,0.0,2,3
1,46,3.4088601423275223e-13,5.466337170865304e-13,0.0,1.2174500508312578e-12,2,3
2,45,1.9848153678747535e-10,3.7572377528416894e-10,0.0,1.7157278746143797e-09,2,3
3,45,1.00905948041863e-09,2.6924800842403687e-09,0.0,1.3748352374274058e-08,2,3
4,47,3.813899829474781e-09,1.0140003182378316e-08,7.909430741222584e-19,6.651998947996335e-08,2,3
5,46,9.959953380578118e-07,3.78458393365385e-06,0.0,1.70344239996379e-05,2,3
6,45,4.427416743998792e-06,7.413137810910779e-06,0.0,2.3909353743628117e-05,2,3
7,44,7.848971102867828e-06,8.739393529801503e-06,0.0,2.4285126920802524e-05,2,3
8,42,1.606672781164152e-05,1.9835195272932338e-05,0.0,0.00013621813271931792,2,3
9,44,2.3153475921513984e-05,1.9186708252479382e-05,0.0,0.00013621813271931792,2,3
10,43,2.5185672827853907e-05,1.9341875728853837e-05,0.0,0.00013621813271931792,2,3
11,47,3.040618441540402e-05,2.5648120582635168e-05,0.0,0.00014107851946020252,2,3
12,46,3.104012179900306e-05,2.7405444616886347e-05,0.0,0.00014107851946020252,2,3
13,40,4.2218297861605824e-05,3.71120356638504e-05,0.0,0.00014107851946020252,2,3
14,47,4.372480972625979e-05,3.969703133795271e-05,0.0,0.00013621813271931792,2,3
15,48,6.940739183898629e-05,7.036208225506456e-05,0.0,0.0003697457444501689,2,3
16,43,9.16884712011757e-05,9.371071597617446e-05,0.0,0.0003697457444501689,2,3
17,44,0.0001348580913060945,0.00011328882808191419,4.201420352299324e-13,0.0003697457444501689,2,3
18,44,0.00013703588951467885,0.00012261803773827213,0.0,0.0003697457444501689,2,3
19,45,0.0001783572785568128,0.00013778935734793703,0.0,0.0003697457444501689,2,3
20,42,0.00018411216748666403,0.00016816445322066564,0.0,0.0003697457444501689,2,3
21,47,0.00024136165068675732,0.0001698085240123183,4.201420352299324e-13,0.0003912940199145543,2,3
22,47,0.00027255246142250905,0.00015727601085829482,0.0,0.0005603916814004234,2,3
23,48,0.0002586842639509886,0.00017604185391254456,0.0,0.0005603916814004234,2,3
24,47,0.00023532182922882605,0.00018051137373764642,0.0,0.0005603916814004234,2,3
25,47,0.0002638753026717931,0.00018508829760272995,0.0,0.0005603916814004234,2,3
26,42,0.0003280517345375059,0.0001600397132375398,0.0,0.0006194766213801071,2,3
27,46,0.00031748576049730337,0.0002103912381236515,4.201420350564612e-13,0.0006770357023629697,2,3
28,48,0.00031911142251069994,0.00024435136248853324,0.0,0.0006770357023629697,2,3
29,47,0.000298678748206552,0.00026083530121125267,0.0,0.0006502948916890996,2,3
30,45,0.00034562014004752305,0.00027047096253047994,0.0,0.0006835338420491411,2,3
31,44,0.00035519445832652075,0.00029932685375478306,0.0,0.0006835338420491411,2,3
32,44,0.0003882711646624499,0.0002770421776823754,0.0,0.0006835338420491411,2,3
33,46,0.0004876122423323432,0.00026539719984298104,0.0,0.0006835338420491411,2,3
34,46,0.00046442826763627124,0.00029896218014864595,0.0,0.0006835338420491411,2,3
35,44,0.000511563125890259,0.0002993485473033125,4.201420350564612e-13,0.001142538553841754,2,3
36,43,0.0005109506603629719,0.00033530637252473524,0.0,0.001142538553841754,2,3
37,41,0.0006062187398124767,0.00031971579524685576,0.0,0.0012508368271022562,2,3
38,43,0.0005730243509592396,0.00040626894080534747,0.0,0.0012508368271022562,2,3
39,46,0.000574613965103519,0.0005093850142861633,0.0,0.0014580304461722048,2,3
40,47,0.0007354812497160763,0.0005802784208695066,0.0,0.0016220254527772393,2,3
41,40,0.0007241578773196103,0.000582579170850764,0.0,0.0017100873967639942,2,3
42,46,0.0006173363069458177,0.0007036356688142995,0.0,0.0024835090089236726,2,3
43,44,0.0009768232156475395,0.0008411410189881165,0.0,0.0028046959306016993,2,3
44,46,0.00111477989402011,0.0009723161156869755,0.0,0.0028757406867010414,2,3
45,44,0.0012617939432853454,0.001169981411613836,0.0,0.0028757406867010414,2,3
46,44,0.0015474418964217462,0.0012272719906148242,0.0,0.0028636564518139712,2,3
47,44,0.0019608317579665902,0.001096114510122298,0.0,0.0028636564518139712,2,3
48,44,0.0016132012618899159,0.0012682575669189476,0.0,0.002946328186926088,2,3
49,42,0.0018937181199162956,0.0011307525156286663,4.362475262219506e-06,0.0028656465631980575,2,3
50,44,0.0017883431917118428,0.0012509341699319825,0.0,0.002936427893174145,2,3
51,45,0.0015358594350072354,0.0012939186810361884,0.0,0.002936427893174145,2,3
52,46,0.0017621190698897456,0.0012893343531488004,0.0,0.002936427893174145,2,3
53,45,0.001725728398024828,0.0012649221122880575,0.0,0.002936427893174145,2,3
54,50,0.0015671754741836638,0.001302487884584487,0.0,0.002936427893174145,2,3
55,49,0.0017422873662899538,0.0012772683238238016,0.0,0.002936427893174145,2,3
56,45,0.0014755319270760147,0.0013363407273719713,0.0,0.002936427893174145,2,3
57,45,0.001555510389742511,0.0012948825417179687,0.0,0.002936427893174145,2,3
58,43,0.0018281106474136609,0.001212749747712439,0.0,0.002936427893174145,2,3
59,42,0.002001659939609219,0.0012641455406645402,0.0,0.003011592460457887,2,3
60,49,0.001732085849248613,0.001332793848229541,0.0,0.003011592460457887,2,3
61,41,0.002082219801439733,0.0012528517820926091,0.0,0.003011592460457887,2,3
62,48,0.0017521808458503569,0.0013807525410828756,0.0,0.003011592460457887,2,3
63,45,0.002135597670404836,0.0012813710386940377,0.0,0.0030325874548196904,2,3
64,48,0.0018057562703189393,0.001412511666055755,0.0,0.0030325874548196904,2,3
65,45,0.0020754909653336252,0.0012594729940764693,5.435010849913429e-13,0.0030325874548196904,2,3
66,41,0.002259782022725826,0.0012427493045577157,0.0,0.0030325874548196904,2,3
67,47,0.002221936292884601,0.0012498157340980441,0.0,0.0030325874548196904,2,3
68,45,0.0017213420450623443,0.001379887172677319,6.028343112233153e-06,0.0030325874548196904,2,3
69,49,0.002010626757090567,0.001296542749050565,0.0,0.0030325874548196904,2,3
70,46,0.0018420901493373543,0.00137293593840838,0.0,0.0030325874548196904,2,3
71,48,0.0017721430589392355,0.0013357146760157586,0.0,0.0030325874548196904,2,3
72,40,0.0021820713614714602,0.00128830922460173,1.4431019494525358e-07,0.0030325874548196904,2,3
73,45,0.002056580428783039,0.0013130951929812115,0.0,0.0030834818350983224,2,3
74,46,0.002156197197879241,0.0012495395172157195,0.0,0.0030834818350983224,2,3
75,39,0.0020471221642391845,0.0013334954876150777,0.0,0.0030834818350983224,2,3
76,44,0.0019256388246715872,0.0014075946297430813,0.0,0.0030834818350983224,2,3
77,42,0.0020719676309746042,0.0012358127219959229,0.0,0.0030834818350983224,2,3
78,45,0.0018198865055133301,0.0013947982766891133,5.310009414129443e-06,0.0030834818350983224,2,3
79,44,0.001756608979189411,0.0014102727167490713,0.0,0.0030834818350983224,2,3
80,43,0.001965982179284879,0.0013718265049570705,0.0,0.0030834818350983224,2,3
81,45,0.0022141636143584507,0.0012696348665910315,4.403337370689893e-06,0.0030834818350983224,2,3
82,47,0.0020511406179453155,0.001348142704896427,0.0,0.0030834818350983224,2,3
83,42,0.0021160537391294687,0.0013279473409184453,0.0,0.0030834818350983224,2,3
84,43,0.0021513605183311295,0.00131679613048063,0.0,0.0030834818350983224,2,3
85,45,0.002118388942650782,0.0013008381519200132,0.0,0.0030834818350983224,2,3
86,45,0.001962870133028412,0.0013574414404254951,0.0,0.0030834818350983224,2,3
87,46,0.0021567502035330574,0.0012951096343336895,0.0,0.0030834818350983224,2,3
88,45,0.0020381932873356273,0.0013467546476500158,0.0,0.0030834818350983224,2,3
89,43,0.0022772658832705857,0.0012641623798681214,9.239607303670847e-06,0.0030834818350983224,2,3
90,47,0.002201140801052197,0.001335302662299872,0.0,0.0030834818350983224,2,3
91,45,0.001984767965359049,0.0013933228077563202,0.0,0.0030834818350983224,2,3
92,43,0.001960498420578569,0.0013567093690257223,0.0,0.0030834818350983224,2,3
93,48,0.001986888531023026,0.001380220357482977,0.0,0.0030834818350983224,2,3
94,46,0.002162861368117665,0.0012445136872269566,0.0,0.0030834818350983224,2,3
95,47,0.0020228729563522615,0.001298804728755256,0.0,0.0030834818350983224,2,3
96,46,0.00211209422472195,0.0013361570966798208,0.0,0.0030834818350983224,2,3
97,43,0.0022282619899728615,0.001263613554859291,0.0,0.0030834818350983224,2,3
98,46,0.0016399111456035609,0.0014532840903305497,0.0,0.0030834818350983224,2,3
99,43,0.0019644113444014875,0.0013749284716623783,0.0,0.0030834818350983224,2,3
100,46,0.001894961217854136,0.001410366006244141,0.0,0.0030834818350983224,2,3
