gen,nevals,avg,stddev,min,max,run,wlasne_prawd
0,50,0.0,0.0,0.0,0.0,3,3
1,44,1.9479200813300125e-13,4.4632456102096584e-13,0.0,1.2174500508312578e-12,3,3
2,44,1.286177886565091e-10,3.8138848844986943e-10,0.0,1.7157278746143797e-09,3,3
3,46,2.2042140097970054e-09,9.62953535697838e-09,0.0,6.794382710119885e-08,3,3
4,45,7.506109614375514e-09,2.0662168027759656e-08,0.0,1.155104926733761e-07,3,3
5,47,3.2173473654359873e-07,1.7775864504036674e-06,0.0,1.262560994089755e-05,3,3
6,47,1.9042374108185774e-06,6.079009947718552e-06,0.0,3.0461553596301604e-05,3,3
7,48,6.6073677862095325e-06,1.4635046070907238e-05,0.0,8.222118788752274e-05,3,3
8,43,2.3126425248258717e-05,5.2063929400655916e-05,0.0,0.00036830153091894956,3,3
9,47,4.5964054191026655e-05,8.490830641059836e-05,0.0,0.00036830153091894956,3,3
10,45,9.54319381038727e-05,0.00014616878698569616,0.0,0.0006662490553908538,3,3
11,46,0.00014817999516059596,0.00020235749742958614,1.6277456879384e-10,0.0010647171314237,3,3
12,44,0.00025045335149669637,0.0002689774007850293,1.5878427278284035e-10,0.0010647171314237,3,3
13,46,0.00034164584379649433,0.000320153257814204,5.893967766722323e-10,0.0010647171314237,3,3
14,49,0.00041298513947316836,0.00037430370466320884,4.467822700433622e-10,0.0012165808615600294,3,3
15,47,0.00040390021564619595,0.0003740992758665469,2.540403914950977e-10,0.0010647171314237,3,3
16,46,0.00046408039101840425,0.0004080628497398262,8.446980953797051e-10,0.0010647171314237,3,3
17,48,0.0004679054845235761,0.00041764301454227666,1.335485785534983e-10,0.0011353587483108512,3,3
18,45,0.0005421086346744652,0.00045456991591277606,1.3355069755381942e-10,0.0015913847542734384,3,3
19,42,0.0006601836376148337,0.00044301054696048344,7.73460990017809e-10,0.0015913847542734384,3,3
20,48,0.0005705106997810829,0.000480619332591168,4.2459807571335324e-10,0.0013292902881495738,3,3
21,43,0.0006231115179888339,0.0005147975152376978,4.467822700433622e-10,0.00140607141847995,3,3
22,41,0.0006684005313860583,0.0005483758231864157,6.599229256208781e-10,0.00140607141847995,3,3
23,44,0.0006703076780947389,0.0005664216698986276,3.080697286458975e-10,0.0015707008447529845,3,3
24,43,0.0008053446182925296,0.0007264406643878127,8.309072620749239e-10,0.00385843475101248,3,3
25,48,0.0008132458017722184,0.0008678831363762426,6.753579232612657e-10,0.004029358927356607,3,3
26,44,0.0008644535203804744,0.0011021489962943487,2.1552913199645573e-10,0.004029358927356607,3,3
27,44,0.0012884822711792213,0.001406267754344746,1.3344398955808457e-10,0.004212067206058717,3,3
28,50,0.0012577413555205099,0.0014914209551238637,2.15403119708858e-10,0.004212067206058717,3,3
29,44,0.0015109247343531092,0.0016147322614803034,2.15403119708858e-10,0.004301938710406067,3,3
30,49,0.0017552812177393903,0.001748547685357201,2.1601963058779333e-10,0.004301938710406067,3,3
31,45,0.0015179544433083496,0.001760895620844258,2.15403119708858e-10,0.004212067206058717,3,3
32,46,0.0019468828519716651,0.0018426249274508166,2.1588731868165623e-10,0.004324021995525035,3,3
33,47,0.0018418903393133104,0.0018968648118456652,2.15403119708858e-10,0.004479419263255238,3,3
34,41,0.0020827047230875316,0.0018402173189754857,2.158961553056244e-10,0.004479419263255238,3,3
35,43,0.0020448977013422004,0.0019227466006455061,2.1551560125862558e-10,0.004479419263255238,3,3
36,48,0.0012512233799696257,0.0018010700628968914,2.155517642499235e-10,0.004479419263255238,3,3
37,45,0.0019443179176182974,0.0019546647269475586,2.155517642499235e-10,0.004479419263255238,3,3
38,46,0.002117196711252309,0.0019994671685975517,2.0052919536721787e-10,0.004479419263255238,3,3
39,46,0.002100203180356165,0.002039329476342358,6.049641310742259e-11,0.004479419263255238,3,3
40,44,0.00250564769851949,0.0020810833869469776,6.049641310742259e-11,0.004479419263255238,3,3
41,40,0.0027203369644620075,0.0021072843157167484,2.1548697699881016e-10,0.004479419263255238,3,3
42,42,0.0019978646793758982,0.002123610972481144,6.049641310742259e-11,0.004479419263255238,3,3
43,41,0.0028753586700770418,0.0019077738321595897,5.995864724035974e-10,0.004479419263255238,3,3
44,49,0.002169024256534919,0.002014055155398543,8.443368915137867e-10,0.004488050466103262,3,3
45,47,0.0027119166320666516,0.0020028524855877,5.301877384143042e-10,0.004488050466103262,3,3
46,44,0.0031388083725982494,0.00188061050983497,5.301877384143042e-10,0.004488050466103262,3,3
47,48,0.002036228280645504,0.002052147757316926,3.9945512412666657e-10,0.004488050466103262,3,3
48,45,0.0025759406561792686,0.0019868495117926163,1.1231933251390844e-11,0.004488050466103262,3,3
49,45,0.002839906504378359,0.001997060185835086,8.443368915137867e-10,0.004488050466103262,3,3
50,39,0.003077630313967213,0.0019241521449598954,9.222559008008356e-11,0.004488050466103262,3,3
51,46,0.002742974053934261,0.0020160884131539426,5.5938130351215766e-11,0.004488050466103262,3,3
52,42,0.0030131078654205045,0.0019845927673081665,9.222559008008356e-11,0.004488050466103262,3,3
53,44,0.0027202112574609676,0.002093866663183548,9.222559008008356e-11,0.004488050466103262,3,3
54,47,0.002734781855020653,0.0020855362411000247,5.5938130351215766e-11,0.004488050466103262,3,3
55,45,0.0031564665669378406,0.0020054772852696147,2.1406743753622454e-10,0.004488050466103262,3,3
56,46,0.0026001516981562106,0.0020634272793775923,8.443866336488124e-10,0.004488050466103262,3,3
57,44,0.0023556439767173976,0.00211761737214478,5.995864724037709e-10,0.004488050466103262,3,3
58,45,0.0028303362344675397,0.002037225847385178,5.301877384146511e-10,0.004488050466103262,3,3
59,44,0.0029338901544808628,0.0020189051906602477,3.6647986172685384e-10,0.004488050466103262,3,3
60,45,0.0026440981080534175,0.002065515633256802,7.495992882627582e-10,0.004488050466103262,3,3
61,43,0.003056270982286137,0.001965129222247476,9.222559008008356e-11,0.004488050466103262,3,3
62,45,0.002780265780857447,0.0020444333499888157,2.158212787834134e-10,0.004488050466103262,3,3
63,45,0.0031155805228686427,0.0019770885628228704,8.443866336488124e-10,0.004488050466103262,3,3
64,44,0.002932107322131684,0.001990421373222329,5.301877384146511e-10,0.004488050466103262,3,3
65,48,0.0033308812324482186,0.0018656223444609122,5.995864724037709e-10,0.004488050466103262,3,3
66,45,0.003194053682846197,0.0019611151062808394,5.301877384146511e-10,0.004488050466103262,3,3
67,44,0.003095893750901812,0.0020322197460381835,9.222559008008356e-11,0.004488050466103262,3,3
68,44,0.0026724626523062056,0.0021411965587792726,5.301877384146511e-10,0.004488050466103262,3,3
69,41,0.0033280491718202577,0.0018977734940365638,1.5067936040310137e-09,0.004488050466103262,3,3
70,46,0.0031493143102437125,0.001961301977211856,8.443866336488124e-10,0.004488050466103262,3,3
71,40,0.0035272665889529973,0.0016625733860164476,5.430915851690571e-10,0.004488050466103262,3,3
72,45,0.0030544428446451955,0.0020050634169878094,2.1916403825779263e-10,0.004488050466103262,3,3
73,42,0.0033709851671687554,0.0018257387677766154,5.430915851690571e-10,0.004488050466103262,3,3
74,43,0.003199241034881096,0.0019446374001551023,5.995864724037709e-10,0.004488050466103262,3,3
75,47,0.0033796696648174395,0.001873682282971601,9.222559008008356e-11,0.004488050466103262,3,3
76,46,0.0030167555074484508,0.0019553329398729084,5.995864724037709e-10,0.004488050466103262,3,3
77,45,0.0034772805847423506,0.0017903111619928767,8.447792640951736e-10,0.004488050466103262,3,3
78,47,0.003409530750979731,0.0018190509011712828,9.222559008008356e-11,0.004495767750437357,3,3
79,47,0.0034243468905649443,0.0018635379105188085,9.222559008008356e-11,0.004495767750437357,3,3
80,44,0.003212160997056372,0.0019424205014280014,5.995864724037709e-10,0.004495767750437357,3,3
81,44,0.0027249381283213202,0.0020191233096686716,7.495992882627582e-10,0.004495767750437357,3,3
82,46,0.002908506458352696,0.0020121436953486594,5.995864724037709e-10,0.004495767750437357,3,3
83,40,0.002925103131598282,0.002009739385211192,5.995864724037709e-10,0.004495767750437357,3,3
84,46,0.002738508576499402,0.0020896729763406636,5.301877384146511e-10,0.004495767750437357,3,3
85,48,0.002269407664353422,0.0021605904031903266,9.222559008008356e-11,0.004495767750437357,3,3
86,43,0.0031373486800692365,0.001966144464145133,9.222559008008356e-11,0.004495767750437357,3,3
87,43,0.0027565634295578702,0.002021485874379433,2.161029184948425e-10,0.004495767750437357,3,3
88,46,0.002838555917353606,0.0020130793365406457,1.6333540618344234e-06,0.004495767750437357,3,3
89,46,0.0031237859942525705,0.001985257701155033,1.0355275295642603e-09,0.004495767750437357,3,3
90,47,0.002498911750795174,0.002141878291287984,5.5938130351215766e-11,0.004495767750437357,3,3
91,45,0.0030964703023478152,0.0020187430203766365,5.301877384146511e-10,0.004495767750437357,3,3
92,47,0.0027794497650884663,0.002053802047781112,5.301877384139573e-10,0.004495767750437357,3,3
93,45,0.003073582313962104,0.001982039808055802,2.1487720653798365e-10,0.004495767750437357,3,3
94,47,0.003449073220757054,0.0018370165150305658,5.301877384146511e-10,0.004495767750437357,3,3
95,45,0.002756438776883513,0.002035853233385067,5.5938130351215766e-11,0.004495767750437357,3,3
96,45,0.002946457558089033,0.002046373551953644,8.443866336488124e-10,0.004495767750437357,3,3
97,49,0.002928681346693034,0.0020507365611032754,5.301877384146511e-10,0.004495767750437357,3,3
98,45,0.0028145359433617546,0.002139824045776417,5.301877384146511e-10,0.004495767750437357,3,3
99,38,0.0030007521321075985,0.0020656560096870454,9.222559008008356e-11,0.004495767750437357,3,3
100,47,0.0028288049296624875,0.002106561311504076,5.430915851690571e-10,0.004495767750437357,3,3
