gen,nevals,avg,stddev,min,max,run,wlasne_prawd
0,50,0.0,0.0,0.0,0.0,1,3
1,44,2.4349001016625153e-13,4.869800203325031e-13,0.0,1.2174500508312578e-12,1,3
2,45,7.48600489608714e-11,2.2295595407504984e-10,0.0,7.437258263850433e-10,1,3
3,46,1.2335058824772382e-08,7.737278002025739e-08,0.0,5.532710168967087e-07,1,3
4,45,1.2467501219440781e-05,8.547444324951081e-05,0.0,0.0006106741368482299,1,3
5,41,2.591808991770021e-05,0.00011948066847181516,0.0,0.0006106741368482299,1,3
6,45,4.0879873967053695e-05,0.00013481985136803908,8.197384011300828e-13,0.0006106741368482299,1,3
7,46,6.36712534468582e-05,0.00014943942430129805,0.0,0.0006106741368482299,1,3
8,47,0.00011135852672609014,0.00022182815453382026,0.0,0.001059883975585821,1,3
9,46,0.00017148083012103656,0.00028377815318118924,0.0,0.001059883975585821,1,3
10,43,0.0001874301352091418,0.0002472630122768383,0.0,0.0008679688718774157,1,3
11,45,0.0003180068083865614,0.000330511551861029,0.0,0.0010792600392231727,1,3
12,43,0.0003226537800799955,0.0003583202632123366,0.0,0.0010792600392231727,1,3
13,44,0.00038071817112556456,0.000374584960028709,0.0,0.0010792600392231727,1,3
14,47,0.00040660716099561974,0.00035571763281965277,0.0,0.0013846292804159351,1,3
15,45,0.000464435840230445,0.0004131246000968336,4.201420354034036e-13,0.001472422844790571,1,3
16,45,0.0005166187357674952,0.0005227687176106187,0.0,0.001472422844790571,1,3
17,45,0.0004973916591562455,0.0005452335633938649,0.0,0.0014442264642620416,1,3
18,44,0.0006896332222498007,0.0006131286437085726,0.0,0.0015667205154036182,1,3
19,44,0.0007305925565749795,0.0006211880303093276,0.0,0.0015667205154036182,1,3
20,44,0.0009137609236996397,0.0006275262714366886,0.0,0.0016218606611261863,1,3
21,42,0.000937693666746096,0.0007001342052847876,0.0,0.0031146451885381266,1,3
22,42,0.0010834939574888135,0.0007981223460897462,0.0,0.0031146451885381266,1,3
23,44,0.0012708634397061614,0.00093598120033808,0.0,0.003304221258680497,1,3
24,45,0.0014201637151602608,0.0011434223187798364,0.0,0.003304221258680497,1,3
25,42,0.00188366623967714,0.0012596025691261842,0.0,0.00337134369492115,1,3
26,47,0.0019385189876427527,0.0011726703101003636,8.995829304290658e-06,0.0033781618668873173,1,3
27,47,0.0014816039225182185,0.0013377738388473679,0.0,0.0033844076208601713,1,3
28,39,0.0018504906498725301,0.0013780603241122038,0.0,0.0033844076208601713,1,3
29,44,0.0019574702876835786,0.0012429008371877177,0.0,0.0033844076208601713,1,3
30,46,0.0015316279637021062,0.001414564366145514,0.0,0.0033206543503155467,1,3
31,46,0.001883595499929078,0.0013799035952508298,0.0,0.0033692066397883885,1,3
32,46,0.0019629617584743892,0.0014176263859645214,0.0,0.0033692066397883885,1,3
33,48,0.001983509507340477,0.0014368066092649418,0.0,0.0033692066397883885,1,3
34,44,0.001967528676220456,0.0014699392442712466,0.0,0.0034199836579093066,1,3
35,45,0.002504718409081265,0.0012345992844805284,0.0,0.003496189639202374,1,3
36,43,0.002045528520913307,0.001377440437739866,0.0,0.003496189639202374,1,3
37,47,0.0023366204644752185,0.001254943627180446,0.0,0.0035184006590688534,1,3
38,45,0.002112558011237457,0.0013557055880994153,0.0,0.0035184006590688534,1,3
39,40,0.002736196910271372,0.0011881171076659506,4.6144847968499e-06,0.0035184006590688534,1,3
40,43,0.0024911317124081604,0.0013543943618244346,0.0,0.0035184006590688534,1,3
41,45,0.0022760599486468126,0.001474325447880559,0.0,0.0035184006590688534,1,3
42,47,0.002025770289212012,0.0014861111134317785,0.0,0.0035184006590688534,1,3
43,47,0.002128530778662499,0.0015062463928321493,0.0,0.0035184006590688534,1,3
44,45,0.0025409684572091818,0.0012965761603839243,6.512005392323592e-06,0.0035469171254948963,1,3
45,39,0.002475732686153722,0.0013484392251007073,0.0,0.0035184006590688534,1,3
46,44,0.002309142611146264,0.00141373179425367,0.0,0.0035642673069597704,1,3
47,46,0.002464311199751012,0.0013175931822032578,0.0,0.0035642673069597704,1,3
48,44,0.001882767884673927,0.0015455551148801272,0.0,0.0035642673069597704,1,3
49,45,0.0024408371151600577,0.0013944660173786643,0.0,0.0035642673069597704,1,3
50,45,0.00269494765467069,0.0012905597191368264,2.6729947798275998e-06,0.0035642673069597704,1,3
51,45,0.002175429322248769,0.0015306426393376699,0.0,0.0035642673069597704,1,3
52,47,0.0023429039265302613,0.0015271835962505573,0.0,0.0035642673069597704,1,3
53,45,0.0021685530138724905,0.001518673258271634,0.0,0.0035642673069597704,1,3
54,45,0.0022711018470053497,0.001489809574528735,0.0,0.0035642673069597704,1,3
55,48,0.002130234037965782,0.0015705494847229576,0.0,0.0035642673069597704,1,3
56,43,0.0024470975496341278,0.001431512614942653,0.0,0.0035642673069597704,1,3
57,45,0.0021357908293953187,0.0015431294046894099,0.0,0.0035642673069597704,1,3
58,45,0.0024182528204268043,0.0014009551752582473,3.978977286769275e-06,0.0035642673069597704,1,3
59,41,0.0022276751505435686,0.0015611128711774608,0.0,0.0035642673069597704,1,3
60,45,0.0024455881568999803,0.001483899741531972,0.0,0.0035642673069597704,1,3
61,41,0.0026953054683845758,0.0013588360074240234,0.0,0.0035642673069597704,1,3
62,44,0.00224363495625662,0.0015345940006403582,0.0,0.0035642673069597704,1,3
63,43,0.0021181955211677745,0.0015905050688400796,0.0,0.0035642673069597704,1,3
64,46,0.0020075468588253067,0.001642190569024893,0.0,0.0035642673069597704,1,3
65,41,0.0023996019684960936,0.0015761880637109973,0.0,0.0035642673069597704,1,3
66,45,0.001884151853979596,0.0016196593717726,0.0,0.0035642673069597704,1,3
67,44,0.002291196959616654,0.0014926370239719685,0.0,0.0035642673069597704,1,3
68,45,0.0021123220545896486,0.0015810537146697674,0.0,0.0035642673069597704,1,3
69,43,0.0024597961580936517,0.0014642569087334636,0.0,0.0035642673069597704,1,3
70,42,0.002580616352530521,0.001451146454304409,0.0,0.0035642673069597704,1,3
71,47,0.002551479160526729,0.0014554592870978196,3.978977286769275e-06,0.0035642673069597704,1,3
72,50,0.0021504913222745383,0.0015781407742642972,0.0,0.0035642673069597704,1,3
73,46,0.002234951169233522,0.0015929598092064194,0.0,0.0035808919961525915,1,3
74,47,0.002106058129079231,0.0015622538671424319,0.0,0.0035808919961525915,1,3
75,46,0.0022142864620091542,0.0015690267857281644,8.512425219316271e-06,0.0035808919961525915,1,3
76,47,0.0022160300687582997,0.0014902741464031541,0.0,0.0035808919961525915,1,3
77,43,0.0023439814555247986,0.001576837002547379,0.0,0.0035808919961525915,1,3
78,42,0.0024688493133181327,0.0014904051249808943,3.879272518723386e-06,0.0035808919961525915,1,3
79,47,0.002569898046686816,0.0015031692251445644,0.0,0.0035808919961525915,1,3
80,46,0.0024963275231115137,0.001484516072340072,3.857982512288263e-05,0.0035808919961525915,1,3
81,46,0.0023168345281619285,0.001484932472888738,0.0,0.0035808919961525915,1,3
82,46,0.0024594226572430045,0.0015075424399323047,0.0,0.0035808919961525915,1,3
83,43,0.0026526706510544605,0.0014069260015702888,0.0,0.0035808919961525915,1,3
84,43,0.002497340799386556,0.0014721191966718876,0.0,0.0035808919961525915,1,3
85,45,0.002303980037308339,0.0014677901236870218,0.0,0.0035808919961525915,1,3
86,43,0.002229057758852219,0.0015811003258242471,0.0,0.0035808919961525915,1,3
87,48,0.0025283202401089485,0.0014941893763383046,0.0,0.0035808919961525915,1,3
88,42,0.0024866180923627493,0.0015292987853283595,0.0,0.0035808919961525915,1,3
89,48,0.0020655533002696246,0.0015552301081457498,0.0,0.0035808919961525915,1,3
90,47,0.0022302331016143483,0.0014963509705349237,0.0,0.0035808919961525915,1,3
91,48,0.0024289618686458548,0.001467074203125439,0.0,0.0035808919961525915,1,3
92,45,0.0020461107702827042,0.0015695949565769408,0.0,0.0035808919961525915,1,3
93,45,0.0021846416854806295,0.0015341669583694808,0.0,0.0035808919961525915,1,3
94,42,0.0026977050599241055,0.0013044114970524865,4.14314051144892e-18,0.0035808919961525915,1,3
95,46,0.0024416382647317273,0.0015300022489380095,0.0,0.0035808919961525915,1,3
96,44,0.0021586202772837636,0.0016019708956715028,0.0,0.0035808919961525915,1,3
97,47,0.002318448475830035,0.0015076236214072718,0.0,0.0035808919961525915,1,3
98,42,0.002455132113630126,0.0015592656245148602,0.0,0.0035808919961525915,1,3
99,42,0.002448476389018163,0.0014967892392519582,4.14314051144892e-18,0.0035808919961525915,1,3
100,47,0.0025398866100344087,0.0014830549186856158,0.0,0.0035808919961525915,1,3
