gen,nevals,avg,stddev,min,max,run,wlasne_prawd
0,50,0.0,0.0,0.0,0.0,4,3
1,44,1.704430071163761e-13,4.224393790862678e-13,0.0,1.2174500508312578e-12,4,3
2,45,2.1070740925763273e-10,4.584414906446538e-10,0.0,1.715727874615181e-09,4,3
3,46,1.210023199244396e-09,4.741404093505742e-09,0.0,3.4219638393756343e-08,4,3
4,41,1.3835876889599724e-08,8.704439036754939e-08,0.0,6.227617409934015e-07,4,3
5,47,2.614343113365039e-08,1.575229407904943e-07,0.0,1.116751702061512e-06,4,3
6,45,9.77787469206842e-08,3.6432105842159333e-07,0.0,2.2825393026767025e-06,4,3
7,46,3.5397620410232364e-07,8.670499517996761e-07,0.0,5.151938030272101e-06,4,3
8,43,8.545181556235803e-06,5.2159794724185684e-05,0.0,0.0003697457444501689,4,3
9,47,6.035198085418978e-05,0.00013212808684732604,0.0,0.0003697457444501689,4,3
10,42,0.00014948339440518804,0.0001719156642102576,7.196574650996514e-11,0.0003989820284847135,4,3
11,45,0.0002493525937869986,0.0001709963421355019,4.201420352299324e-13,0.0005657086416541436,4,3
12,47,0.00020729676484387916,0.00019848634113424016,0.0,0.0005657086416541436,4,3
13,44,0.00024010505266227483,0.0002058648167176826,0.0,0.0005657086416541436,4,3
14,44,0.00024296013933858425,0.00022195598239396698,0.0,0.0005657086416541436,4,3
15,42,0.0002757095000730051,0.0002407731555933558,0.0,0.0005657086416541436,4,3
16,46,0.0003083005911442953,0.0002575661029317049,0.0,0.0007562241792356493,4,3
17,48,0.00023637623723959185,0.0002569306004154842,0.0,0.000774189286027572,4,3
18,44,0.0002708018301288744,0.000253476768856719,0.0,0.0007545224388110343,4,3
19,48,0.0003502864911881596,0.00028694687430421117,4.201420352299324e-13,0.0010134373178601428,4,3
20,44,0.00048635523799572166,0.0003343376491255992,0.0,0.0011637876877693828,4,3
21,42,0.0004532928989625979,0.00043437883152510655,0.0,0.001409426953682126,4,3
22,46,0.0004873539008817085,0.0004698372217694534,0.0,0.0015392569817852732,4,3
23,47,0.0005311744605843181,0.0004971776082263531,4.201420352299324e-13,0.0015392569817852732,4,3
24,44,0.0005757155406418483,0.0005233316663912872,0.0,0.001625066185782163,4,3
25,47,0.0006803359180711704,0.0005211466864309852,4.418066613293115e-09,0.001755902884877727,4,3
26,41,0.0007194377027760318,0.0005165192693205397,4.201420352299324e-13,0.0016838477389857541,4,3
27,46,0.0006357970266596228,0.0005891499362609806,0.0,0.0015650718298969857,4,3
28,45,0.0006202436723888532,0.0005185604020700467,0.0,0.0015650718298969857,4,3
29,42,0.0008260131844860847,0.0005903065648223692,4.201420352299324e-13,0.0015650718298969857,4,3
30,43,0.0008333725709447096,0.0006376673097940597,4.201420352299324e-13,0.0015650718298969857,4,3
31,46,0.0007573122914571995,0.0007049085958968895,0.0,0.0015650718298969857,4,3
32,44,0.0009384841560233443,0.0006736104247820798,0.0,0.0015650718298969857,4,3
33,46,0.000829661170300227,0.0006945268574753261,0.0,0.0015650718298969857,4,3
34,41,0.0010339204999628903,0.0006248873555445896,0.0,0.0015650718298969857,4,3
35,47,0.0008787515302455911,0.000710839711505883,0.0,0.0015650718298969857,4,3
36,43,0.0008869164236847,0.0006575649942532485,0.0,0.0015861238948315173,4,3
37,44,0.0009005849785502084,0.0006659402339339687,0.0,0.0015861238948315173,4,3
38,47,0.0007666562210921156,0.0006825591498297828,0.0,0.0015861238948315173,4,3
39,42,0.0010691239986963246,0.0006372038188222955,0.0,0.0015861238948315173,4,3
40,45,0.0011246510236172535,0.0006325943804526007,0.0,0.0016399874784005525,4,3
41,48,0.0011026112150474908,0.0006939581504315783,0.0,0.0016399874784005525,4,3
42,45,0.001028507146614387,0.0007242238133389731,0.0,0.0017141017826806284,4,3
43,46,0.0011275308582142745,0.0006955111967836978,0.0,0.0016755088630636876,4,3
44,47,0.0009930262767695462,0.0007599505153785118,0.0,0.0017474415025516478,4,3
45,43,0.001157103558094428,0.0007192516007317876,0.0,0.0018565833797625842,4,3
46,48,0.0010498777997837356,0.0007516771746943284,0.0,0.0018565833797625842,4,3
47,48,0.0012657146087557878,0.0006883408632621127,0.0,0.0018565833797625842,4,3
48,46,0.0013815299304922592,0.0006511436071822346,0.0,0.0018565833797625842,4,3
49,43,0.0013382165652284068,0.0007736116666000443,0.0,0.001982198114031807,4,3
50,41,0.0013987426391304494,0.000770262832890096,0.0,0.001982198114031807,4,3
51,45,0.0013055491298826422,0.0007862610607631561,0.0,0.001982198114031807,4,3
52,45,0.001399195375144442,0.0007839125008734009,0.0,0.0022739178602459824,4,3
53,44,0.0012865885765907816,0.0008740593640370999,0.0,0.0022739178602459824,4,3
54,47,0.0014834001790399595,0.0008635969045110057,0.0,0.002325126033593593,4,3
55,46,0.0015506082830540732,0.0009868059835506262,0.0,0.002335632303982493,4,3
56,44,0.001900647185463431,0.000813960615164499,0.0,0.002335632303982493,4,3
57,46,0.0015594172682694572,0.0010130763936603683,0.0,0.002335632303982493,4,3
58,43,0.0017783663867631232,0.0009299957714084843,0.0,0.002335632303982493,4,3
59,45,0.001640299504570153,0.000990412906500173,0.0,0.002335632303982493,4,3
60,46,0.0016534265928910227,0.0010086201577671626,7.398592979736537e-06,0.002335632303982493,4,3
61,46,0.0017044394567535923,0.0010026303348998815,0.0,0.002335632303982493,4,3
62,42,0.00149051048917128,0.0010322082312011773,0.0,0.002335632303982493,4,3
63,45,0.0017357471670237739,0.0009471589055564494,0.0,0.002335632303982493,4,3
64,48,0.001760433582199617,0.0009269233547151208,0.0,0.002335632303982493,4,3
65,48,0.001779397861855035,0.0009441494358160001,0.0,0.002435379116671286,4,3
66,47,0.0015371918603476343,0.0010463517850770655,0.0,0.002435379116671286,4,3
67,45,0.0016158427626033003,0.0010011160346829347,0.0,0.002435379116671286,4,3
68,45,0.0017387310216045867,0.0010045139708471738,0.0,0.002435379116671286,4,3
69,43,0.00154141868151592,0.0010859786343971095,0.0,0.002491528670960035,4,3
70,46,0.0019267051075320207,0.000959618051835233,0.0,0.0025249908882474807,4,3
71,43,0.0017307546600758006,0.0010607977826919603,0.0,0.0025249908882474807,4,3
72,45,0.0022221384124129257,0.000715927273216539,0.0,0.002577846349371496,4,3
73,45,0.0020373375977573945,0.000935150414744707,0.0,0.002577846349371496,4,3
74,45,0.0019007992931818624,0.0010303383679411862,0.0,0.002577846349371496,4,3
75,45,0.0018071957441660553,0.0010699389739452494,0.0,0.002577846349371496,4,3
76,47,0.0020353822150182897,0.0009844193968032143,0.0,0.002577846349371496,4,3
77,44,0.0016468244847737332,0.0011917504035780166,0.0,0.002577846349371496,4,3
78,49,0.0017366978909952122,0.00106296431017038,0.0,0.002577846349371496,4,3
79,48,0.0017077064333544348,0.0011568613159286954,0.0,0.002585937353345316,4,3
80,40,0.0018742986517228425,0.0011074434921023802,0.0,0.002585937353345316,4,3
81,50,0.0016676985752886674,0.001165088753797148,0.0,0.002585937353345316,4,3
82,43,0.0015447582420958822,0.001139763382880067,9.50435066659763e-13,0.002585937353345316,4,3
83,49,0.0015759639415090076,0.0011378170741797094,0.0,0.002585937353345316,4,3
84,46,0.0018865402318180768,0.00109815227665482,0.0,0.002585937353345316,4,3
85,45,0.0017253342974241227,0.0011548647096516103,0.0,0.002585937353345316,4,3
86,46,0.0019789436266512426,0.0010072684538395835,0.0,0.002585937353345316,4,3
87,46,0.0015468366581977173,0.0011975839409327797,0.0,0.002585937353345316,4,3
88,44,0.002012237770982672,0.000937592603160147,9.50435066659763e-13,0.002585937353345316,4,3
89,45,0.0016683400085292523,0.0011543999546757093,0.0,0.002585937353345316,4,3
90,42,0.0017003230109187781,0.00114360798088526,0.0,0.002585937353345316,4,3
91,48,0.0016133740543231552,0.0011809895230146408,0.0,0.002585937353345316,4,3
92,45,0.0016875521688760268,0.0011647868394343678,0.0,0.002585937353345316,4,3
93,46,0.001758088626808608,0.0011854053413577217,0.0,0.002585937353345316,4,3
94,43,0.0018390134032163997,0.0010848831971736028,0.0,0.002585937353345316,4,3
95,48,0.0018723233416230978,0.0010789823488228363,0.0,0.002585937353345316,4,3
96,50,0.0020983512780078776,0.0009182282329776683,3.310495190916619e-06,0.002585937353345316,4,3
97,45,0.0019585392782361924,0.0010175995496744291,0.0,0.002585937353345316,4,3
98,45,0.0018975081522213594,0.0010322440726256116,0.0,0.002585937353345316,4,3
99,43,0.0018635045468246212,0.0010680821103066784,0.0,0.002585937353345316,4,3
100,46,0.0018921636037227071,0.0010907441766477175,0.0,0.002585937353345316,4,3
