gen,nevals,avg,stddev,min,max,run,wlasne_prawd
0,50,0.0,0.0,0.0,0.0,6,3
1,44,1.704430071163761e-13,4.224393790862678e-13,0.0,1.2174500508312578e-12,6,3
2,42,1.2577827952593984e-10,2.714577751553064e-10,0.0,7.437258263850433e-10,6,3
3,45,1.5858291608733134e-09,7.954355055075472e-09,0.0,5.721213887635554e-08,6,3
4,46,2.9779084335802577e-09,8.983060773804536e-09,0.0,5.721213887635554e-08,6,3
5,42,1.6973781492269397e-08,3.889429048459612e-08,0.0,2.543945652466537e-07,6,3
6,47,4.510575902013185e-07,2.188965321848299e-06,0.0,1.530732942602414e-05,6,3
7,47,1.4835740341299712e-06,3.608321641093503e-06,0.0,1.530732942602414e-05,6,3
8,47,5.3023364875599726e-06,6.902225294984123e-06,0.0,2.2436687018975658e-05,6,3
9,47,1.095267297041713e-05,1.2619422817715152e-05,0.0,6.164611699197946e-05,6,3
10,47,1.5561699429773046e-05,1.266506202125765e-05,0.0,6.164611699197946e-05,6,3
11,45,2.375205289245295e-05,1.7440793020072067e-05,0.0,6.164611699197946e-05,6,3
12,46,2.9747822667926736e-05,2.104727385982872e-05,0.0,0.0001075275872069445,6,3
13,45,4.04345591956965e-05,3.160415686340686e-05,0.0,0.00012917724833531413,6,3
14,43,4.916420820638246e-05,3.7941358419179964e-05,0.0,0.00013056862499016023,6,3
15,47,5.8479422229300867e-05,4.423529839272691e-05,0.0,0.00013907547416576566,6,3
16,43,6.790830052631067e-05,4.57915630515831e-05,0.0,0.00013779359325939263,6,3
17,43,7.205846707752861e-05,6.203812742063359e-05,0.0,0.0003794971065361701,6,3
18,47,8.081115330430753e-05,6.485814622209939e-05,0.0,0.0003794971065361701,6,3
19,44,0.00011335521798690408,9.231202977630752e-05,1.2636922114770838e-06,0.000426997007588303,6,3
20,47,0.0001315250818113132,0.00013574538468418432,0.0,0.0004414833714769135,6,3
21,45,0.0001692084280825139,0.00016019028035495317,0.0,0.00044761257458062425,6,3
22,45,0.00016062410212730393,0.0001571667898186787,0.0,0.000536707780015693,6,3
23,44,0.00019866881833268717,0.00016563199663131763,0.0,0.00048072838481125164,6,3
24,42,0.000211005822392885,0.0001944220442511425,0.0,0.0006286226832055145,6,3
25,47,0.0002001990846115157,0.00017665358914811178,0.0,0.0004866348918087847,6,3
26,43,0.00022133149596923504,0.00018527947311910623,1.589335732296898e-10,0.0005639987787534131,6,3
27,49,0.00020254341845985828,0.00018303360055318407,0.0,0.0005642156498803355,6,3
28,45,0.00022682576427063644,0.00017940446441604553,3.625003409043736e-08,0.0005639987787534131,6,3
29,48,0.00019339659461094008,0.00019181389040387245,0.0,0.0006869840189361906,6,3
30,44,0.00024742175919952123,0.00022610999660097625,0.0,0.0006869840189361906,6,3
31,46,0.0003102812281844464,0.00021643463431609796,0.0,0.0007245241783920244,6,3
32,47,0.0003137843469170556,0.0002400671528380942,1.5893357322899593e-10,0.0007245241783920244,6,3
33,45,0.000390784335888802,0.0002488459010498314,1.1600730244759889e-08,0.0007468638577270414,6,3
34,46,0.00034380861372308394,0.00027341608970083965,0.0,0.000762648464008267,6,3
35,45,0.0003901795028440596,0.00029951552503523624,0.0,0.0007665357566407959,6,3
36,44,0.00044147211349334373,0.00030816781177534327,1.5893357322899593e-10,0.0008030628773054954,6,3
37,46,0.00044567755788081436,0.00032051680118767265,1.5893357323021243e-10,0.0009201353339637885,6,3
38,42,0.00045879523993283474,0.0003244535852042124,0.0,0.0009201353339637885,6,3
39,43,0.000492516872138941,0.00032932411064766446,0.0,0.0009201353339637885,6,3
40,48,0.00044948633551697913,0.0003244999719686547,0.0,0.0009201353339637885,6,3
41,48,0.00044969042513214025,0.00033816209998824986,0.0,0.0009406380050925712,6,3
42,46,0.0004410279157282389,0.00039342470396569896,0.0,0.0009406380050925712,6,3
43,46,0.0005688266499763705,0.0003702578717771995,0.0,0.0009406380050925712,6,3
44,46,0.0005613479471520209,0.0003925040869165176,0.0,0.0009781872451146657,6,3
45,45,0.0006635565272814172,0.00036102369571867557,3.920715477139312e-08,0.0009566965559693562,6,3
46,42,0.000661032091526727,0.00036882808630667424,0.0,0.0009781872451146657,6,3
47,48,0.0006147307776839727,0.00037511515458561734,0.0,0.0009781872451146657,6,3
48,47,0.0006326597333818238,0.00037908555366171953,0.0,0.0009781872451146657,6,3
49,45,0.0006345861013849297,0.00038555049666788463,1.0594483329939962e-05,0.0009781872451146657,6,3
50,45,0.000634026431122579,0.00037933415835464564,5.4065422946513295e-06,0.0009781872451146657,6,3
51,42,0.0006473752385632574,0.0003901414713314035,0.0,0.0009781872451146657,6,3
52,45,0.0005069210649218238,0.00040127033589744995,3.8441388424536396e-10,0.0009876611614575274,6,3
53,46,0.0005682855017475187,0.0004068845995426853,0.0,0.0009876611614575274,6,3
54,45,0.0005245584946564382,0.00041196914131031825,3.8441388424536396e-10,0.0009876611614575274,6,3
55,45,0.0006180813198872753,0.0003834965362410458,0.0,0.0009876611614575274,6,3
56,46,0.0005499721810802827,0.00040319497406014667,0.0,0.0009876611614575274,6,3
57,48,0.0005664959275827347,0.00040819776755725886,0.0,0.0009876611614575274,6,3
58,48,0.0005012652074928249,0.00040578149758946526,0.0,0.0009876611614575274,6,3
59,46,0.0005917577498689952,0.000392706076288298,0.0,0.0009876611614575274,6,3
60,47,0.0005911954372097394,0.000376207550823872,2.6432304524721148e-09,0.0009876611614575274,6,3
61,47,0.0005487080322681376,0.00040343133469936625,3.844138850741123e-10,0.0009876611614575274,6,3
62,46,0.0006208719406169398,0.00039049514282245735,0.0,0.0009876611614575274,6,3
63,45,0.0006205087702376599,0.0004015601230827873,0.0,0.0009876611614575274,6,3
64,47,0.0006341224724634205,0.0004049672148925798,0.0,0.0009876611614575274,6,3
65,45,0.0007136720299429068,0.00037153251074166277,0.0,0.0009876611614575274,6,3
66,44,0.0005870274936928394,0.0004219382787904757,0.0,0.0009876611614575274,6,3
67,44,0.0006031564089252874,0.00039648294151251533,0.0,0.0009876611614575274,6,3
68,43,0.0006514024099553399,0.00037464909747394933,0.0,0.0009876611614575274,6,3
69,42,0.0005656886940622572,0.00038514330839881024,0.0,0.0009876611614575274,6,3
70,46,0.0005461515883662643,0.0004031309339621562,0.0,0.0009876611614575274,6,3
71,44,0.000618365552244427,0.0003816379921546937,1.3073743030415965e-08,0.0009876611614575274,6,3
72,40,0.0006755262392172775,0.00039215372106220003,0.0,0.0009876611614575274,6,3
73,46,0.0006371987857316158,0.0003976755553294912,0.0,0.0009876611614575274,6,3
74,44,0.0007130845021902033,0.00036551632882935565,3.556349922828886e-06,0.0009876611614575274,6,3
75,43,0.0006292207296596108,0.0004211494472982751,4.236288707345775e-06,0.0009876611614575274,6,3
76,46,0.0006302882950595137,0.00038982261120053567,0.0,0.0009876611614575274,6,3
77,45,0.000637174261364807,0.0004055686806439188,3.8441388424536396e-10,0.0009876611614575274,6,3
78,44,0.0007430144844338672,0.00036274239330739315,3.8441388424536396e-10,0.0009876611614575274,6,3
79,45,0.0006840272316530586,0.0004054406791452482,0.0,0.0009876611614575274,6,3
80,44,0.0005980109914524028,0.00040700172925583436,0.0,0.0009876611614575274,6,3
81,46,0.0005927144618223522,0.000423246158398934,0.0,0.0009876611614575274,6,3
82,46,0.0006219383800800389,0.00040795466666369607,0.0,0.0009876611614575274,6,3
83,45,0.0007042488784892978,0.00037363635490900014,1.5807111489049285e-05,0.0009876611614575274,6,3
84,45,0.0005779275129855385,0.0004175422039945455,0.0,0.0009876611614575274,6,3
85,48,0.0006542305014095636,0.0003815085619905747,1.794160259499521e-05,0.0009876611614575274,6,3
86,45,0.000675748280127374,0.0003783226981148067,4.797220859835628e-05,0.0009876611614575274,6,3
87,42,0.0006779448593038405,0.00040062391347963977,0.0,0.0009876611614575274,6,3
88,45,0.0006694337157023843,0.0004015213707096392,8.822664467958664e-06,0.0009876611614575274,6,3
89,45,0.00069642176604852,0.00038021795348839563,0.0,0.0009876611614575274,6,3
90,46,0.0007653674597022519,0.0003725096218140506,0.0,0.0009876611614575274,6,3
91,42,0.0006719872363909935,0.0003843624953275176,7.076876901279313e-06,0.0009876611614575274,6,3
92,45,0.0006133861788764856,0.0004150179904385852,0.0,0.0009876611614575274,6,3
93,45,0.0007013416561146681,0.00036829252899861167,0.0,0.0009876611614575274,6,3
94,43,0.0006657227372138543,0.000397868120535271,7.076876901279313e-06,0.0009876611614575274,6,3
95,47,0.0006822901190043502,0.00038838957555890305,3.136575383621398e-08,0.0009876611614575274,6,3
96,45,0.0006417134058708461,0.00039023988335997703,0.0,0.0009876611614575274,6,3
97,43,0.0006333509938428852,0.00039364684506822096,0.0,0.0009876611614575274,6,3
98,43,0.0005889793194615334,0.0004069638528141572,0.0,0.0009876611614575274,6,3
99,45,0.0007335692784230094,0.0003572143392232106,0.0,0.0009876611614575274,6,3
100,43,0.0006624555716196502,0.0003900499062350034,0.0,0.0009876611614575274,6,3
