gen,nevals,avg,stddev,min,max,run,wlasne_prawd
0,50,0.0,0.0,0.0,0.0,3,3
1,46,2.9218801219950186e-13,5.199523784265936e-13,0.0,1.2174500508312578e-12,3,3
2,42,1.1967839055210698e-10,2.723571013619147e-10,0.0,7.437258263850433e-10,3,3
3,45,6.200517302250423e-10,1.9106535402569565e-09,0.0,1.3748352374274058e-08,3,3
4,45,1.1220841425919741e-09,2.3984820712895217e-09,0.0,1.3745735885275857e-08,3,3
5,44,3.6344806850668576e-07,1.6708788703016136e-06,0.0,9.468066103029812e-06,3,3
6,44,1.690036389100187e-06,4.5764987621643825e-06,0.0,2.4199311587737877e-05,3,3
7,48,5.170188142111584e-06,8.083503979223272e-06,0.0,3.079118094607165e-05,3,3
8,43,1.4877370074945405e-05,1.6482628668088e-05,0.0,9.983561013807726e-05,3,3
9,46,2.6951492540298945e-05,2.5432129075673367e-05,0.0,9.983561013807726e-05,3,3
10,45,3.1711741337841126e-05,2.9721178409818205e-05,0.0,9.983561013807726e-05,3,3
11,43,4.015802396074931e-05,3.6256076590256205e-05,0.0,0.00014430191171256387,3,3
12,47,6.365216499123987e-05,5.9853834913655835e-05,0.0,0.0003495041777787882,3,3
13,47,0.00010141014328516995,0.00010084656146080281,0.0,0.00041085052807845297,3,3
14,46,0.00012738399483119535,0.00013468410025534866,0.0,0.0004389019515492233,3,3
15,42,0.00025719729674259217,0.0001681018895537441,0.0,0.0006316944114643266,3,3
16,43,0.00024261511849734942,0.00021601046032966999,0.0,0.0006316944114643266,3,3
17,49,0.0003392440422114433,0.00036666701244145514,0.0,0.0016755348648100226,3,3
18,46,0.0004848563146200865,0.0004406763707086013,0.0,0.0016755348648100226,3,3
19,46,0.0006973671797446173,0.0005342940965109645,0.0,0.0016755348648100226,3,3
20,44,0.0008965510453456308,0.0005885790241104867,0.0,0.0018089629007688192,3,3
21,42,0.0011770483860150689,0.0006064095959944477,0.0,0.0018120157621692701,3,3
22,46,0.0009770420344050385,0.00073958945807551,3.10735538358669e-18,0.0019075600739475505,3,3
23,47,0.000970558436649262,0.0006970025401959222,0.0,0.0019075600739475505,3,3
24,47,0.0010085331890034778,0.0007143714140150797,0.0,0.002120979229957706,3,3
25,41,0.0011827337197948715,0.0007260315675456232,0.0,0.002120979229957706,3,3
26,43,0.001285681095551494,0.0007501635271865336,0.0,0.0025128220564815344,3,3
27,43,0.001394078804550766,0.0007747402962848828,0.0,0.0025128220564815344,3,3
28,47,0.0012985970588047418,0.0008699637522810994,1.854570987253821e-18,0.0028850503075751105,3,3
29,39,0.0013987610728551638,0.0009957181510101337,1.0658141036401502e-18,0.0028850503075751105,3,3
30,39,0.0015045074734344028,0.0010560913705576962,2.5864145986817697e-18,0.0028850503075751105,3,3
31,49,0.001294252610415182,0.001084906458626451,0.0,0.0028850503075751105,3,3
32,45,0.0013401149584623458,0.0011370998513252645,2.5864145986817697e-18,0.0028850503075751105,3,3
33,40,0.001689735493652709,0.0011235493119484286,0.0,0.0030481052680707325,3,3
34,44,0.0013415558209989495,0.0012073707731818665,0.0,0.0028850503075751105,3,3
35,43,0.001350803426117582,0.0012353827670515598,2.274846706538671e-18,0.0028850503075751105,3,3
36,40,0.0016948028052006848,0.0012635427317425737,2.5864145986817697e-18,0.0028850503075751105,3,3
37,47,0.0017322468048654026,0.0012709334236773505,2.5864145986817697e-18,0.0028850503075751105,3,3
38,41,0.001768327893669759,0.0012905391446387557,4.9050805838096304e-05,0.0028850503075751105,3,3
39,48,0.001573019725338736,0.0012823574981390901,0.0,0.0028850503075751105,3,3
40,43,0.001728346946702809,0.0012545865194457705,0.0,0.0028850503075751105,3,3
41,46,0.0017069973039687528,0.0012076692551639505,0.0,0.0028850503075751105,3,3
42,48,0.0016690811591538435,0.0012619821484028176,0.0,0.0028850503075751105,3,3
43,48,0.0018488176687648976,0.0012127488113302218,2.5864145986817697e-18,0.0028850503075751105,3,3
44,45,0.0016968795149724697,0.0012905767607912792,0.0,0.0028850503075751105,3,3
45,42,0.002119561944758006,0.001178807681288576,1.4480643707984554e-07,0.0028850503075751105,3,3
46,46,0.0014783012235184798,0.0012814314189443577,0.0,0.002904144930821065,3,3
47,45,0.0017050143563053966,0.0012881354468618441,0.0,0.002904144930821065,3,3
48,45,0.0014972638387587222,0.0012606916532666194,2.5864145986817697e-18,0.002904144930821065,3,3
49,45,0.001258640394699811,0.0013049415426866983,2.5864145986817697e-18,0.002904144930821065,3,3
50,43,0.0015811049205965945,0.0012559494019919839,2.5864145986817697e-18,0.002904144930821065,3,3
51,45,0.0016813844425878238,0.0013116447965278875,0.0,0.0030364961064836705,3,3
52,48,0.0011001092448627177,0.0012560374344665727,0.0,0.0030364961064836705,3,3
53,44,0.0014503154382881766,0.0012945754358313034,2.5864145986817697e-18,0.0030364961064836705,3,3
54,47,0.0015272733225827212,0.0013233134191998868,0.0,0.0030364961064836705,3,3
55,47,0.0015565270145166904,0.0013303486107532274,0.0,0.0030364961064836705,3,3
56,48,0.0012868287985476434,0.0013422705368439601,1.1662668650191494e-06,0.003167229011866599,3,3
57,44,0.0011708692838126478,0.00126051585859396,0.0,0.003167229011866599,3,3
58,43,0.001239258688769501,0.0012938044976982435,3.570433058939987e-18,0.0031213371756939573,3,3
59,48,0.0015400799963148002,0.001317606071069831,3.570433058939987e-18,0.0031213371756939573,3,3
60,46,0.0012924688180461143,0.0012593073101779652,0.0,0.0033154124884052037,3,3
61,41,0.0010754247161874136,0.001233995011999756,0.0,0.0033154124884052037,3,3
62,42,0.0015305927660528627,0.0012858623911354086,0.0,0.0033154124884052037,3,3
63,48,0.0013313194454612847,0.0013634114160080992,0.0,0.0033154124884052037,3,3
64,45,0.0015797727950665214,0.0013028954046045219,2.225768740185726e-18,0.0031213371756939573,3,3
65,44,0.001428556153553935,0.001260568590163447,0.0,0.0031213371756939573,3,3
66,49,0.001188895840423948,0.0012164273057903594,0.0,0.0031213371756939573,3,3
67,44,0.0014857141980862865,0.00126792248441739,0.0,0.0031213371756939573,3,3
68,46,0.001564592173545983,0.0013806959748240855,2.225768740185726e-18,0.0031213371756939573,3,3
69,44,0.0017485311283158092,0.0013013873448856365,2.225768740185726e-18,0.0031213371756939573,3,3
70,46,0.0015288894151679205,0.0013885206014840558,2.225768740185726e-18,0.0031213371756939573,3,3
71,39,0.0015903959135094609,0.0013898947192506038,0.0,0.0031213371756939573,3,3
72,45,0.0016602707400180626,0.0013913284908386224,8.969660244803173e-06,0.0031213371756939573,3,3
73,45,0.0014610148042448416,0.0014378225585926698,0.0,0.0031213371756939573,3,3
74,43,0.002141309391622234,0.0013503924548525427,1.6246308777799604e-05,0.0031213371756939573,3,3
75,45,0.0019108175341974992,0.0013491818909088832,0.0,0.0031656043040622795,3,3
76,48,0.0013519649395565558,0.0013653432750916565,0.0,0.0031656043040622795,3,3
77,46,0.0018766654244881456,0.0013127745339313027,5.211912105191999e-06,0.0031656043040622795,3,3
78,46,0.001534964757676765,0.001364008415727023,0.0,0.0031656043040622795,3,3
79,45,0.001991154334528789,0.0013708840719374414,0.0,0.0033697094416406735,3,3
80,44,0.002264927225043607,0.0012301849489489,0.0,0.0033697094416406735,3,3
81,46,0.001950284288985413,0.0014299310773646537,0.0,0.0033697094416406735,3,3
82,43,0.0019117801381326462,0.0015213599183049665,0.0,0.0033697094416406735,3,3
83,45,0.001656939268900169,0.001544122893631013,0.0,0.0033697094416406735,3,3
84,46,0.0017461377678260636,0.001488295838114033,5.858905828215999e-06,0.0033697094416406735,3,3
85,45,0.001986686662819646,0.0015321138995879145,0.0,0.0033697094416406735,3,3
86,46,0.001826161991334738,0.0015353218392434253,3.2415470469428447e-18,0.0033697094416406735,3,3
87,46,0.0019945109361324685,0.0014973424934134273,3.2415470469428447e-18,0.0033697094416406735,3,3
88,42,0.002259510875137529,0.0013835742693485658,5.858905828215999e-06,0.0033697094416406735,3,3
89,44,0.00224050769676567,0.0015036221605731238,0.0,0.0033697094416406735,3,3
90,40,0.0021557220089046146,0.0014290064993079763,3.2415470469428447e-18,0.0033697094416406735,3,3
91,43,0.0022141418142085077,0.0013740659409407204,0.0,0.0033697094416406735,3,3
92,41,0.002116572017968342,0.0014290304446100772,3.2415470469428447e-18,0.0033697094416406735,3,3
93,47,0.0020618240107148473,0.0015213253530273966,0.0,0.0033697094416406735,3,3
94,44,0.0023061596269803443,0.0013211588732323482,3.2415470469428447e-18,0.0033697094416406735,3,3
95,41,0.002412226499962327,0.0013741805941132447,5.858905828215999e-06,0.0033697094416406735,3,3
96,46,0.0022878126230598504,0.0014444370769083879,5.858905828215999e-06,0.003405787153499054,3,3
97,48,0.0019922194566019363,0.0014783224414065903,0.0,0.003405787153499054,3,3
98,44,0.0021527959276129017,0.0014335709168422045,0.0,0.003405787153499054,3,3
99,45,0.0018494384186443316,0.001546526325760934,3.2415470469428447e-18,0.003405787153499054,3,3
100,44,0.0023029225372766145,0.0014111500103407496,3.2415470469428447e-18,0.003405787153499054,3,3
