gen,nevals,avg,stddev,min,max,run,wlasne_prawd
0,50,0.0,0.0,0.0,0.0,9,3
1,46,2.1914100914962642e-13,4.677290357004888e-13,0.0,1.2174500508312578e-12,9,3
2,46,1.0478911418280313e-10,2.5779572634259867e-10,0.0,7.437258263850433e-10,9,3
3,45,6.135824645553192e-10,1.9133123151783806e-09,0.0,1.3748352374274058e-08,9,3
4,43,1.6577266428942596e-09,3.5851855859094104e-09,0.0,1.3748352374274058e-08,9,3
5,45,1.7158799211413204e-08,9.569059995789964e-08,0.0,6.849033289151884e-07,9,3
6,45,1.6619539254343307e-06,1.0746054879344287e-05,0.0,7.684430429155094e-05,9,3
7,42,6.645163978675929e-06,2.0774272123589848e-05,7.707376403764953e-19,7.684430429155094e-05,9,3
8,44,3.4355226257317514e-05,9.737087056135316e-05,0.0,0.0006823684265283546,9,3
9,44,0.00010457005232491789,0.00019816695779574351,0.0,0.0006823684265283546,9,3
10,45,0.00023141334984621228,0.0002878636733867484,0.0,0.0008056788734198564,9,3
11,41,0.0003451411388599296,0.00037745652055887343,0.0,0.0018230774850291653,9,3
12,42,0.0004266278120433828,0.0004233114650188782,0.0,0.0018230774850291653,9,3
13,45,0.000534453023671649,0.0005180304629846917,0.0,0.0018230774850291653,9,3
14,44,0.0005558795908901445,0.0005544386002876472,0.0,0.0018230774850291653,9,3
15,50,0.000489097823615101,0.0006313685743151128,0.0,0.001898909300915734,9,3
16,46,0.0005956628598641837,0.0007454442412370874,0.0,0.002111560150588529,9,3
17,44,0.0007010330798538991,0.000704141971314716,0.0,0.002019655391358392,9,3
18,46,0.0007743251418155904,0.0007676001927728839,1.1681433021138501e-08,0.002204656632090958,9,3
19,49,0.0007244327396636279,0.0007537504790709639,1.2174500508312578e-12,0.002204656632090958,9,3
20,41,0.0008176521898814113,0.0008265387166018298,0.0,0.002204656632090958,9,3
21,43,0.0009777754976746035,0.0008630125614004454,6.584709920967535e-07,0.002204656632090958,9,3
22,43,0.0010078298165342493,0.0009200088876210669,1.3086844655922058e-08,0.002204656632090958,9,3
23,49,0.0009074343006687836,0.0008697518560268475,1.2174500508312578e-12,0.0022728153242759664,9,3
24,39,0.0008682290638992073,0.0008864133848876579,0.0,0.0022728153242759664,9,3
25,44,0.000880339875666988,0.0009271938188988742,1.171947727774446e-08,0.0022728153242759664,9,3
26,45,0.0007088828286194776,0.0009097223839431804,0.0,0.0022728153242759664,9,3
27,44,0.0010482201883001802,0.0009914777219211075,0.0,0.0022735819386652265,9,3
28,45,0.0012099748348166214,0.0010370330656315541,0.0,0.0022735819386652265,9,3
29,43,0.0013249586829683522,0.0010361574837329463,0.0,0.0022735819386652265,9,3
30,47,0.0011114773952210625,0.0010505098983722115,0.0,0.0022735819386652265,9,3
31,41,0.0011329930470953418,0.0010461005668752936,0.0,0.0022735819386652265,9,3
32,48,0.0009495130797430114,0.0010390542157703705,7.2708578309078e-09,0.0022735819386652265,9,3
33,42,0.0010783316833848234,0.0010803379908397822,0.0,0.0022735819386652265,9,3
34,45,0.001169995401281398,0.0010806057660451473,0.0,0.0022735819386652265,9,3
35,46,0.001181977710994287,0.001056503528319565,0.0,0.0022735819386652265,9,3
36,44,0.00126458303087148,0.001008061585849305,1.2174560206906613e-12,0.0022735819386652265,9,3
37,46,0.0014234030723746694,0.0010169393751518602,7.846583179326248e-08,0.0022735819386652265,9,3
38,47,0.0014768615842746385,0.0010223907325956625,9.33594046564928e-08,0.0022735819386652265,9,3
39,45,0.0014644012985422406,0.001002628200171287,0.0,0.0022735819386652265,9,3
40,43,0.0011124389020210719,0.0010597587690646146,0.0,0.0022735819386652265,9,3
41,48,0.0012005261085339582,0.001018739671192373,1.2174560206906613e-12,0.0022735819386652265,9,3
42,44,0.0014221957939083174,0.0010197485435877315,0.0,0.0022735819386652265,9,3
43,46,0.001426436790214371,0.0010423130660445782,0.0,0.0022735819386652265,9,3
44,41,0.0014291391551251053,0.0010628015831004786,0.0,0.0022735819386652265,9,3
45,45,0.0013793298382380758,0.0010593657897039136,1.2174560206906613e-12,0.0022735819386652265,9,3
46,38,0.0015963375450043047,0.000898177787028416,1.6242288156373066e-05,0.0022735819386652265,9,3
47,43,0.0012794292860227293,0.0010646865585685213,0.0,0.0022735819386652265,9,3
48,45,0.0010324044242599859,0.0010221977685741569,0.0,0.0022735819386652265,9,3
49,46,0.0011033426066129378,0.0010457294003404945,0.0,0.0022735819386652265,9,3
50,45,0.0013904435844031688,0.0010288128307388452,0.0,0.0022735819386652265,9,3
51,43,0.0017785140498014318,0.0009025268266831993,0.0,0.0022735819386652265,9,3
52,41,0.0014946147696788834,0.0010206515172824122,0.0,0.0022735819386652265,9,3
53,48,0.0015199340796288186,0.0009784687137805723,1.546102203891659e-05,0.0022735819386652265,9,3
54,46,0.0013924222413878116,0.0010401527077545903,0.0,0.0022735819386652265,9,3
55,43,0.00129534133646421,0.0010729248332530057,0.0,0.0022735819386652265,9,3
56,43,0.0011954678249964938,0.001056544841744747,0.0,0.0022735819386652265,9,3
57,44,0.0014705727271515725,0.0010119135938717395,0.0,0.0022735819386652265,9,3
58,45,0.0013498675919210944,0.0010356673386524445,0.0,0.0022735819386652265,9,3
59,40,0.0013892808994017567,0.0010445540765700995,0.0,0.0022735819386652265,9,3
60,44,0.0013177696599270597,0.001041186338704517,0.0,0.0022735819386652265,9,3
61,46,0.0011600384058632353,0.0010653603256692518,8.131952962602762e-09,0.0022735819386652265,9,3
62,44,0.0013940895523344638,0.001048681061270347,3.98762979593502e-09,0.0022735819386652265,9,3
63,43,0.0015046754245986976,0.001017047323060728,2.639571198222327e-08,0.0022735819386652265,9,3
64,44,0.001648495234752813,0.000957533167681962,0.0,0.0022735819386652265,9,3
65,45,0.0013583617634922757,0.0010445281928053926,0.0,0.0022735819386652265,9,3
66,46,0.00141880175789041,0.0010585177954910339,1.42246053740145e-08,0.0022735819386652265,9,3
67,44,0.0013636628142821912,0.001051517934084878,0.0,0.0022735819386652265,9,3
68,46,0.001693974482692584,0.0008857711727667892,0.0,0.0022735819386652265,9,3
69,45,0.0017940191858239862,0.000851688536281609,0.0,0.0022735819386652265,9,3
70,48,0.0013723025054046347,0.0010707775569116361,0.0,0.0022735819386652265,9,3
71,46,0.0013535591211254513,0.0010547431192698084,0.0,0.0022735819386652265,9,3
72,46,0.0015712799509786477,0.0009784308316690261,0.0,0.0022735819386652265,9,3
73,44,0.0016562155390808142,0.0009651782399668306,1.6322377106246198e-07,0.0022735819386652265,9,3
74,46,0.0015963226896276842,0.000978645637658646,0.0,0.0022735819386652265,9,3
75,44,0.0018217972772705084,0.0008458833623629185,0.0,0.0022735819386652265,9,3
76,42,0.0018357287685988352,0.0008268759280673345,2.639571198222327e-08,0.0022735819386652265,9,3
77,47,0.0016989959800056088,0.0009123824591903741,3.968774135326215e-06,0.0022735819386652265,9,3
78,45,0.0016785987449685165,0.0009381360864577532,3.555052811520928e-07,0.0022735819386652265,9,3
79,47,0.001537635909704237,0.0009877838387189128,0.0,0.0022735819386652265,9,3
80,47,0.0015792139523339104,0.0009569716231177971,0.0,0.0022735819386652265,9,3
81,46,0.001387268239682278,0.0010326859348690188,0.0,0.0022735819386652265,9,3
82,45,0.0015811728560304415,0.0009503588076481293,0.0,0.0022735819386652265,9,3
83,45,0.0013758968693975305,0.00103673285090389,0.0,0.0022735819386652265,9,3
84,41,0.001445131075377974,0.0010414049819857452,0.0,0.0022735819386652265,9,3
85,45,0.0014978089674245428,0.0009871021434349982,0.0,0.0022735819386652265,9,3
86,46,0.001403019752529536,0.0010165410585702469,0.0,0.0022735819386652265,9,3
87,45,0.0014849706114493677,0.0009842554230191003,1.2174560206906613e-12,0.0022735819386652265,9,3
88,46,0.00139009495562831,0.001024673011858459,0.0,0.0022735819386652265,9,3
89,45,0.0014119144807278495,0.0010637017209544223,0.0,0.0022735819386652265,9,3
90,45,0.0015444602088905812,0.0010071688451046802,2.639571198222327e-08,0.0022735819386652265,9,3
91,48,0.0015185670092428528,0.001016261325770452,0.0,0.0022735819386652265,9,3
92,46,0.0016743105792566037,0.0009521989969557219,2.639571198222327e-08,0.0022735819386652265,9,3
93,46,0.0014071133926406082,0.0010277323877305568,1.309480240141592e-08,0.0022735819386652265,9,3
94,45,0.0015590121106837634,0.0009744309365361473,0.0,0.0022735819386652265,9,3
95,47,0.0014896904851715168,0.0010374270317079983,0.0,0.0022735819386652265,9,3
96,47,0.0015657337417762074,0.0009958382364563582,0.0,0.0022735819386652265,9,3
97,46,0.0017969333586873044,0.000828576627708307,0.0,0.0022735819386652265,9,3
98,45,0.001447424055601958,0.001045244911552575,0.0,0.0022735819386652265,9,3
99,48,0.0015177014652810147,0.001021613499794175,0.0,0.0022735819386652265,9,3
100,44,0.00134062434056447,0.0010845405332626755,2.639571198222327e-08,0.0022735819386652265,9,3
