gen,nevals,avg,stddev,min,max,run,wlasne_prawd
0,50,0.0,0.0,0.0,0.0,2,3
1,48,3.408860142327522e-13,5.466337170865303e-13,0.0,1.2174500508312578e-12,2,3
2,45,1.525240101489314e-10,2.964238027744529e-10,0.0,7.437258263850433e-10,2,3
3,46,9.311957153229928e-10,2.6419081357321492e-09,0.0,1.3748352374274058e-08,2,3
4,43,4.204048924087513e-09,1.077817879217637e-08,0.0,7.169630485770704e-08,2,3
5,44,1.3750419485976647e-08,2.0593767107853216e-08,0.0,7.76699690118266e-08,2,3
6,46,2.7587084193900757e-07,1.6487188760176095e-06,0.0,1.181261605708812e-05,2,3
7,44,5.556330322391017e-07,2.30565715747793e-06,0.0,1.1879957321989513e-05,2,3
8,49,2.2886011981532057e-06,5.108767080330569e-06,0.0,2.0652438998966815e-05,2,3
9,48,3.5082587912411575e-06,6.495053862488535e-06,0.0,2.7149541096213992e-05,2,3
10,46,1.068103947249927e-05,1.0254238832566644e-05,0.0,3.229899010216497e-05,2,3
11,48,1.908008624074813e-05,1.2053997710183362e-05,0.0,4.591599516422243e-05,2,3
12,48,2.3989737733571183e-05,1.3881427309270866e-05,0.0,4.90029339211361e-05,2,3
13,40,2.8325651822350158e-05,1.5290544791076154e-05,7.909430741222584e-19,5.305555433029255e-05,2,3
14,42,3.212631330725619e-05,1.677771739745169e-05,0.0,5.442993130402217e-05,2,3
15,45,3.511667818776421e-05,1.7871968569606587e-05,0.0,5.442993130402217e-05,2,3
16,47,3.3748529464380795e-05,2.121720699648661e-05,7.909430741222584e-19,5.4374924694291845e-05,2,3
17,44,3.942874762840866e-05,1.8908961331900663e-05,7.909430741222584e-19,5.4374924694291845e-05,2,3
18,44,4.144059833601808e-05,1.5785817006301024e-05,7.909430741222584e-19,5.4374924694291845e-05,2,3
19,44,4.652669868483024e-05,1.6329348459941805e-05,7.909430741222584e-19,7.917302832505672e-05,2,3
20,47,4.7162233488265276e-05,2.2384789967086484e-05,7.909430741222584e-19,8.126760714266361e-05,2,3
21,47,5.0632978647673424e-05,2.158686438869747e-05,5.905205223878211e-06,8.126760714266361e-05,2,3
22,45,6.211566096518383e-05,2.3715877908046585e-05,1.269868534490415e-07,0.00010608017185323604,2,3
23,46,6.002430543248195e-05,2.9305628874136476e-05,2.0626179669715146e-08,0.00010750550697916867,2,3
24,46,6.628203482593547e-05,2.8091886184022004e-05,1.0482890036838252e-06,0.00010750550697916867,2,3
25,47,7.831729194967033e-05,3.356616351350608e-05,7.909430741222584e-19,0.0001322399745207756,2,3
26,44,8.296723786102713e-05,3.4711594686620606e-05,1.0985837232312916e-07,0.0001322399745207756,2,3
27,44,8.464150150114052e-05,4.1476134959139324e-05,7.909430741222584e-19,0.0001322399745207756,2,3
28,48,8.196520508894938e-05,4.776155986328716e-05,7.909430741222584e-19,0.00013514998271278806,2,3
29,46,8.101343597988309e-05,4.8114550936443074e-05,7.909430741222584e-19,0.0001387848747009579,2,3
30,48,8.586839194141673e-05,4.729161787564046e-05,1.733554423517649e-08,0.00014229104062338932,2,3
31,47,0.00010191458260173735,4.4015149639869273e-05,7.591221909589219e-06,0.00020389390280491887,2,3
32,44,0.00010269910685355637,5.1810656043293854e-05,1.601460755443989e-09,0.00018435726632913386,2,3
33,46,0.00010960622211616485,5.2405083357363266e-05,4.427046041559313e-07,0.00020389390280491887,2,3
34,49,0.00011050108802272354,6.291452688075738e-05,2.596782617169864e-09,0.00020389390280491887,2,3
35,43,0.00013388147333388785,6.028530449346382e-05,7.909430741222584e-19,0.00020389390280491887,2,3
36,43,0.00014553379199714727,6.80215366200641e-05,1.487055466717275e-09,0.00020389390280491887,2,3
37,44,0.00015141341783002696,6.894531566250803e-05,1.847659133854647e-08,0.00020389390280491887,2,3
38,38,0.00015688834435675792,6.575857527336882e-05,1.124691394221315e-07,0.00022468220421135502,2,3
39,46,0.00015860069720898248,7.183714420766305e-05,2.035386955007335e-09,0.00022468220421135502,2,3
40,44,0.00014478813093061853,7.683535417528218e-05,6.512332319583591e-08,0.00022468220421135502,2,3
41,44,0.00015966659019380421,7.593593792635553e-05,7.909430741222584e-19,0.00022468220421135502,2,3
42,50,0.00013399763799860264,8.389345342169332e-05,7.909430741222584e-19,0.00022468220421135502,2,3
43,44,0.00012644259776772016,7.77685183655269e-05,1.0139850570538178e-06,0.00022468220421135502,2,3
44,49,0.00015585343674002266,7.842529295731549e-05,2.0312371934195475e-09,0.00022468220421135502,2,3
45,43,0.000141335374993927,8.828260765979815e-05,7.909430741222584e-19,0.00022468220421135502,2,3
46,46,0.0001460220958412281,8.425848523562878e-05,7.909430741222584e-19,0.00022468220421135502,2,3
47,45,0.0001420009225726395,8.53229165875249e-05,2.0312371934195475e-09,0.00022468220421135502,2,3
48,44,0.00013811898773822106,8.453235840211469e-05,2.0312371934195475e-09,0.00022468220421135502,2,3
49,42,0.00016851207676641294,8.013761516637113e-05,7.909430741222584e-19,0.00022468220421135502,2,3
50,48,0.0001600204109076331,7.884809124662248e-05,3.128680880270917e-05,0.00022468220421135502,2,3
51,47,0.0001443279005382717,9.011904652658233e-05,7.909430741222584e-19,0.00022468220421135502,2,3
52,43,0.00013856155337862874,9.156709598286427e-05,7.909430741222584e-19,0.00022468220421135502,2,3
53,45,0.00013845774791025985,8.557081977403046e-05,2.0312371934195475e-09,0.00022468220421135502,2,3
54,44,0.00015370209076766685,8.121575197698563e-05,7.909430741222584e-19,0.00022468220421135502,2,3
55,44,0.0001641565734518412,8.387380694160083e-05,7.909430741222584e-19,0.00022468220421135502,2,3
56,46,0.00014618515058432245,8.884245369168315e-05,7.909430741222584e-19,0.00022468220421135502,2,3
57,46,0.00014102111045161722,8.713725704117268e-05,2.0312371934195475e-09,0.00022468220421135502,2,3
58,44,0.00015948111567803142,7.750610653874236e-05,2.3698559362248397e-05,0.00022468220421135502,2,3
59,46,0.0001600462951021975,8.453973325249537e-05,5.899147401520597e-07,0.00022468220421135502,2,3
60,42,0.0001735681674654248,7.165424824633781e-05,5.899147401520597e-07,0.00022468220421135502,2,3
61,47,0.0001512924987026176,7.988252134588529e-05,2.0312371934195475e-09,0.00022468220421135502,2,3
62,42,0.00015485836460155732,8.474086324196652e-05,7.909430741222584e-19,0.00022468220421135502,2,3
63,45,0.00014416114309334985,8.503853322489792e-05,5.899147401520597e-07,0.00022468220421135502,2,3
64,45,0.00016156675341504897,8.272040750245488e-05,2.0312371934195475e-09,0.00022468220421135502,2,3
65,48,0.00016245840917839736,8.126108202496898e-05,2.0312371934195475e-09,0.00022468220421135502,2,3
66,47,0.00014754459527186795,7.842463585062386e-05,7.909430741222584e-19,0.00022468220421135502,2,3
67,41,0.00013188803866378968,9.12340974377664e-05,7.909430741222584e-19,0.00022468220421135502,2,3
68,47,0.000146802086866917,8.29719211188237e-05,7.909430741222584e-19,0.00022468220421135502,2,3
69,45,0.00017576799936965933,7.174508426955525e-05,3.2010554720246076e-05,0.00022468220421135502,2,3
70,46,0.00016052664162091149,8.629659561651298e-05,7.909430741222584e-19,0.00022468220421135502,2,3
71,42,0.00015557528053760633,8.377510183521833e-05,7.909430741222584e-19,0.00022468220421135502,2,3
72,44,0.00016811539434093823,7.9375867899779e-05,7.909430741222584e-19,0.00022468220421135502,2,3
73,43,0.000152575885458576,8.350288332362693e-05,1.7340795559238194e-08,0.00022468220421135502,2,3
74,44,0.0001515802528222081,8.37870862842353e-05,7.909430741222584e-19,0.00022468220421135502,2,3
75,43,0.00016394819580643974,8.227571357938835e-05,7.909430741222584e-19,0.00022468220421135502,2,3
76,42,0.00015921545655088606,8.231544933641771e-05,5.859652763823448e-07,0.00022468220421135502,2,3
77,43,0.00016545394854549947,7.814790242132495e-05,7.909430741222584e-19,0.00022468220421135502,2,3
78,44,0.00017100715564745018,7.640657836845659e-05,2.0312371934195475e-09,0.00022468220421135502,2,3
79,44,0.0001773649343193656,7.136968698846298e-05,2.0312371934195475e-09,0.00022468220421135502,2,3
80,47,0.00015211413173982935,8.42615835708028e-05,7.909430741222584e-19,0.00022468220421135502,2,3
81,42,0.0001757761015930912,7.473237821814273e-05,7.909430741222584e-19,0.00022468220421135502,2,3
82,43,0.00017958718542196008,7.695186932459056e-05,7.909430741222584e-19,0.00022468220421135502,2,3
83,45,0.00018179265144939867,7.259035890341249e-05,7.909430741222584e-19,0.00022468220421135502,2,3
84,42,0.00017682661549626587,7.684471068817175e-05,7.909430741222584e-19,0.00022468220421135502,2,3
85,43,0.00018081427788547088,7.296469600280308e-05,5.899147401520597e-07,0.00022468220421135502,2,3
86,45,0.00017170533248259362,7.804614417799032e-05,1.2926884193356005e-05,0.00022468220421135502,2,3
87,46,0.00017088748358892514,7.810477397121635e-05,7.909430741222584e-19,0.00022468220421135502,2,3
88,44,0.00018221029025255645,7.217884857831065e-05,7.909430741222584e-19,0.00022468220421135502,2,3
89,46,0.00018098589535392958,7.096469071671438e-05,2.0312371934195475e-09,0.00022468220421135502,2,3
90,47,0.00014025650615164128,8.25063786644892e-05,5.899147401520597e-07,0.00022468220421135502,2,3
91,45,0.00018068741227894293,6.696803627742556e-05,3.128680880270917e-05,0.00022468220421135502,2,3
92,47,0.0001685804594428375,7.99311104702695e-05,7.909430741222584e-19,0.00022468220421135502,2,3
93,44,0.00016918444172698982,8.347377544922796e-05,7.909430741222584e-19,0.00022468220421135502,2,3
94,44,0.00015659910980929728,7.788005340640604e-05,2.0312371934195475e-09,0.00022468220421135502,2,3
95,44,0.00017582227398863168,7.549189161933011e-05,2.0312371934195475e-09,0.00022468220421135502,2,3
96,46,0.00016515607338487832,7.968527512741222e-05,5.899147401520597e-07,0.00022468220421135502,2,3
97,43,0.00016975315572445866,8.122097097778431e-05,7.909430741222584e-19,0.00022468220421135502,2,3
98,45,0.00015966174204931936,7.838414787220443e-05,7.909430741222584e-19,0.00022468220421135502,2,3
99,47,0.00014935545938273478,8.873513777114858e-05,7.909430741222584e-19,0.00022468220421135502,2,3
100,43,0.00017813822085897734,7.940416212046576e-05,7.909430741222584e-19,0.00022468220421135502,2,3
