gen,nevals,avg,stddev,min,max,run,wlasne_prawd
0,50,0.0,0.0,0.0,0.0,8,3
1,47,7.304700304987546e-14,2.8912836754904116e-13,0.0,1.2174500508312578e-12,8,3
2,44,3.3347540671076847e-11,1.466894786076154e-10,0.0,7.437258263850433e-10,8,3
3,44,2.562080215094195e-10,6.777022564210194e-10,0.0,4.4593252930584904e-09,8,3
4,43,6.771231240606782e-10,1.0425715744327695e-09,8.197384011300828e-13,4.6862728266699266e-09,8,3
5,43,1.672442423983568e-08,1.0051017443321321e-07,0.0,7.178280271801149e-07,8,3
6,44,5.9736991291632e-08,1.9485525404680286e-07,7.707376403764953e-19,9.365044963259408e-07,8,3
7,48,1.88450993814845e-07,6.567163111437871e-07,0.0,4.492113875846662e-06,8,3
8,43,2.691499446957827e-06,6.489623137345948e-06,0.0,2.9678589670056947e-05,8,3
9,43,9.324492131190262e-06,2.0237067197970115e-05,0.0,0.00010671105738012402,8,3
10,46,2.7662568539790215e-05,4.4981142988006745e-05,0.0,0.000256766227889844,8,3
11,45,5.1511742899558394e-05,6.287762026132588e-05,0.0,0.00033467505501259955,8,3
12,49,8.559181913760088e-05,8.67002413505673e-05,0.0,0.0003450198924067469,8,3
13,43,0.00011631174131752929,0.00012153117656523567,0.0,0.0003717670683409721,8,3
14,50,0.00014217125275714637,0.00015420254228941767,0.0,0.0005328420737584975,8,3
15,47,0.00018105940549357344,0.00016794884644799098,0.0,0.0004980032373380562,8,3
16,46,0.0002891413671053948,0.0001561923939307626,0.0,0.0004980032373380562,8,3
17,45,0.00022638473665884777,0.00020002775667811936,0.0,0.0004980032373380562,8,3
18,40,0.0002870671808439647,0.00021716114871997053,0.0,0.0005112668396716904,8,3
19,46,0.0003417354786803418,0.00021740715674438752,0.0,0.0005328420737584975,8,3
20,45,0.0003262900280098989,0.00023705741704751584,4.201420354034036e-13,0.0006026968803624407,8,3
21,45,0.0003229822531668027,0.0002343802627655046,4.201420354034036e-13,0.0006026968803624407,8,3
22,46,0.00034261678524147044,0.00024163770462268705,0.0,0.0006026968803624407,8,3
23,47,0.0003707581351510995,0.00022939483109141138,0.0,0.000705825172792077,8,3
24,47,0.0003284760055714897,0.00027685358080262575,0.0,0.000705825172792077,8,3
25,46,0.00031383948831197023,0.0002758570459694447,0.0,0.000705825172792077,8,3
26,43,0.00045690293737286,0.00025356074008094125,0.0,0.000705825172792077,8,3
27,44,0.00045619959089940364,0.0002973456340942529,0.0,0.000705825172792077,8,3
28,44,0.00042744970610433943,0.00033100225406074456,0.0,0.000705825172792077,8,3
29,41,0.00047674860694832654,0.00032705645539812003,0.0,0.0008995924488258549,8,3
30,48,0.0004254909975197871,0.0003593535092755496,0.0,0.0009475947811231811,8,3
31,49,0.000519363486521001,0.00035732297671710604,0.0,0.0009554317204805104,8,3
32,47,0.00044607223846604866,0.0003973144603055997,0.0,0.0009554317204805104,8,3
33,46,0.0005767967590792733,0.0004215158993322563,0.0,0.0011179292930231584,8,3
34,41,0.0006667325375364239,0.0004451660824113399,0.0,0.0012125226772746092,8,3
35,42,0.0007239662911654411,0.0005140550047280971,4.201420354034036e-13,0.0016913366265727675,8,3
36,47,0.0008454772509122767,0.0005671859564396895,0.0,0.0016913366265727675,8,3
37,47,0.0008457434270089697,0.000665591389851416,0.0,0.0016913366265727675,8,3
38,43,0.001045268355741592,0.0007386610629472452,0.0,0.001968339226905739,8,3
39,42,0.0014261855743401015,0.000648474599824097,4.201420354034036e-13,0.002018829421286543,8,3
40,46,0.001225075407773312,0.0008522266079556143,0.0,0.002018829421286543,8,3
41,45,0.001210544721321986,0.0009069473376190679,0.0,0.002018829421286543,8,3
42,42,0.001050721245242725,0.0009629055169792266,4.201420354034036e-13,0.002018829421286543,8,3
43,46,0.0012930077639470646,0.0009090400141166779,4.201420354034036e-13,0.002018829421286543,8,3
44,48,0.001086096576218383,0.0009640770351494553,0.0,0.002018829421286543,8,3
45,47,0.0014158563517132647,0.0008605566220878467,0.0,0.002018829421286543,8,3
46,43,0.0012807600844410006,0.0009064280346871473,0.0,0.002018829421286543,8,3
47,46,0.0010129504186099057,0.000970036504907179,0.0,0.002018829421286543,8,3
48,41,0.001299049428948332,0.0009145167831334647,0.0,0.002018829421286543,8,3
49,38,0.0014894435620004783,0.0008754796892476072,4.201420354034036e-13,0.002018829421286543,8,3
50,43,0.0014019368090411124,0.0008862582030045474,4.201420354034036e-13,0.002018829421286543,8,3
51,41,0.0015662575077511054,0.0008131754986388002,4.201420354034036e-13,0.002018829421286543,8,3
52,44,0.0012272487611676266,0.0009439856657719703,0.0,0.002018829421286543,8,3
53,46,0.0010939078217772312,0.0009438978434171566,0.0,0.002018829421286543,8,3
54,42,0.0011706086342703707,0.0009546441677790249,4.201420354034036e-13,0.002018829421286543,8,3
55,46,0.0012372082399971132,0.0009094938252659376,4.201420354034036e-13,0.002018829421286543,8,3
56,46,0.0011445101948742158,0.0009482899526969427,0.0,0.002018829421286543,8,3
57,44,0.0011672494353426478,0.0009234209609499247,0.0,0.002018829421286543,8,3
58,42,0.0012750838223818967,0.0009103293459688165,4.201420354034036e-13,0.002018829421286543,8,3
59,45,0.001414828948442915,0.0009038467951527487,0.0,0.002018829421286543,8,3
60,46,0.0012926961179509006,0.0009150993060411076,0.0,0.002018829421286543,8,3
61,47,0.0014242011036069,0.0008827028521174994,4.201420354034036e-13,0.002022926856673889,8,3
62,48,0.0014705561586724517,0.0008479725861756462,0.0,0.002018829421286543,8,3
63,42,0.0016179556749944958,0.0007728695710197611,0.0,0.002018829421286543,8,3
64,47,0.001342699006362934,0.0009258109179723315,0.0,0.002018829421286543,8,3
65,43,0.0016306178590157988,0.0007578902515954134,4.201420354034036e-13,0.002018829421286543,8,3
66,48,0.0013877758745989626,0.0008986221986524635,4.201420354034036e-13,0.002018829421286543,8,3
67,45,0.00167426350599786,0.0007350302940979141,0.0,0.002018829421286543,8,3
68,45,0.0013202931889796053,0.0009012189032820383,0.0,0.002018829421286543,8,3
69,42,0.0013351346456129684,0.0009124853403276821,4.201420354034036e-13,0.002018829421286543,8,3
70,45,0.0014212362524145782,0.0008993353569039222,4.201420354034036e-13,0.002018829421286543,8,3
71,45,0.0013832239575157623,0.0008927417780077982,0.0,0.002018829421286543,8,3
72,45,0.0015598030313420139,0.0008156418204419312,0.0,0.002027224739776483,8,3
73,45,0.001590835758013831,0.0007782541184676556,0.0,0.002027224739776483,8,3
74,45,0.001533099293688797,0.0008480715742349233,4.201420354034036e-13,0.002027224739776483,8,3
75,44,0.0014416629681188852,0.0008872775671800606,0.0,0.0020341507966145046,8,3
76,48,0.0016326408905436149,0.0007566543907025672,4.201420354034036e-13,0.0020341507966145046,8,3
77,45,0.0015385248746980042,0.0007953456109142642,0.0,0.0020373886316266032,8,3
78,45,0.0014147662417750347,0.0008660327636113565,0.0,0.0020591292475186118,8,3
79,46,0.0013730760534959236,0.0008947976264073148,9.144995392939304e-06,0.0020591292475186118,8,3
80,46,0.0012174604994941165,0.0009521462091807217,4.201420354034036e-13,0.0020591292475186118,8,3
81,45,0.0014678217393887876,0.0008765858845490822,0.0,0.0020591292475186118,8,3
82,47,0.0014621562652864983,0.0008444065093861622,0.0,0.0020591292475186118,8,3
83,44,0.0015217902732141985,0.0008397312405040478,0.0,0.002075299402044175,8,3
84,42,0.0016116291404427647,0.0008178715250301173,0.0,0.002075299402044175,8,3
85,45,0.0013289007852120042,0.0009333585941096848,0.0,0.002088479858064046,8,3
86,45,0.0012394950037007285,0.000942787458853149,0.0,0.002088479858064046,8,3
87,49,0.0015232144444455346,0.000842688496597499,0.0,0.002088479858064046,8,3
88,46,0.0012874241451126802,0.0009516370537631319,0.0,0.002088479858064046,8,3
89,46,0.0015744219704063778,0.0008743394704192187,0.0,0.002088479858064046,8,3
90,48,0.0013571962808268498,0.0009431340397759964,0.0,0.002088479858064046,8,3
91,47,0.0015996334567060242,0.0008262263595938288,9.225107327846027e-06,0.002088479858064046,8,3
92,45,0.001481804045162533,0.0008637001493912752,0.0,0.002088479858064046,8,3
93,43,0.0014554230422201436,0.000897243042292804,9.225107327846027e-06,0.002088479858064046,8,3
94,43,0.0015370103911976568,0.0008540360127728907,4.201420354034036e-13,0.002088479858064046,8,3
95,43,0.0015360025254850572,0.0008286883531599458,0.0,0.002088479858064046,8,3
96,43,0.0015137261223988644,0.0008706888723654418,0.0,0.002088479858064046,8,3
97,43,0.0013779428024221934,0.0009358821883715917,0.0,0.002088479858064046,8,3
98,50,0.0011460113897207812,0.000974177349079509,0.0,0.002088479858064046,8,3
99,47,0.0013939323558592664,0.0009148505754558871,9.225107327846027e-06,0.002088479858064046,8,3
100,48,0.001306669953804525,0.0009190298700652329,0.0,0.002088479858064046,8,3
