gen,nevals,avg,stddev,min,max,run,representation
0,50,-939999.1007666704,237486.44289481436,-999999.0,-0.013333444662385452,5,gp-2
1,47,-799999.2823827176,399999.43523462437,-999999.0,-0.012469214598714065,5,gp-2
2,45,-399999.84718271764,489897.25683498924,-999999.0,-0.012469214598714065,5,gp-2
3,46,-140000.13036480072,346986.57538620214,-999999.0,0.008426630971524149,5,gp-2
4,42,-199999.99035183416,399999.50482425676,-999999.0,-0.012591591008599372,5,gp-2
5,46,-180000.01027255622,384186.9809119557,-999999.0,-0.011035950596836885,5,gp-2
6,47,-279999.9665089108,448998.28368889616,-999999.0,0.06377757759036273,5,gp-2
7,46,-159999.9672550134,366605.6334519124,-999999.0,0.06377757759036273,5,gp-2
8,45,-100000.08295752732,299999.6390144033,-999999.0,0.12177913535713523,5,gp-2
9,48,-120000.09678997967,324961.13116916164,-999999.0,0.12177913535713523,5,gp-2
10,49,-199999.91799785712,399999.54100123217,-999999.0,0.23911027396198725,5,gp-2
11,47,-219999.9629409207,414245.79214087414,-999999.0,0.19927520088773315,5,gp-2
12,43,-119999.98226636235,324961.17345971876,-999999.0,0.15623235070444436,5,gp-2
13,41,-20000.148601437344,139999.83591486482,-999999.0,0.19040298108607695,5,gp-2
14,46,-140000.02447900048,346986.61810829095,-999999.0,0.30928562422824246,5,gp-2
15,44,-179999.85193710797,384187.0550954492,-999999.0,0.3242671276965247,5,gp-2
16,46,-59999.97510782094,237486.59538432694,-999999.0,0.3688343383797192,5,gp-2
17,42,-139999.92897149446,346986.65664298146,-999999.0,0.3903075842669394,5,gp-2
18,47,-79999.94441222382,271292.92083321017,-999999.0,0.39042481838154236,5,gp-2
19,46,-159999.86700684752,366605.6772037837,-999999.0,0.39042481838154236,5,gp-2
20,47,-179999.8362257696,384187.0624565187,-999999.0,0.2698834588494839,5,gp-2
21,40,-99999.91128996311,299999.6962368316,-999999.0,0.224529008418433,5,gp-2
22,46,-79999.90972329755,271292.93106238364,-999999.0,0.33981687602125543,5,gp-2
23,49,-59999.95117888095,237486.60142981866,-999999.0,0.29067097113351054,5,gp-2
24,48,-179999.8968726464,384187.03404220514,-999999.0,0.2701886762784769,5,gp-2
25,47,-119999.8994374267,324961.2040462973,-999999.0,0.2701886762784769,5,gp-2
26,44,-60000.05102469134,237486.5762044042,-999999.0,0.26346227791304333,5,gp-2
27,49,-119999.92077206567,324961.19616799074,-999999.0,0.2698834588494839,5,gp-2
28,47,-79999.91348839487,271292.92995215807,-999999.0,0.29687868785924204,5,gp-2
29,46,-99999.84369767005,299999.7187674948,-999999.0,0.29687868785924204,5,gp-2
30,44,-139999.81139606325,346986.7040813895,-999999.0,0.36663779572820143,5,gp-2
31,45,-39999.9716038399,195958.98109509726,-999999.0,0.33402440431498215,5,gp-2
32,45,-139999.81993034665,346986.70063803176,-999999.0,0.368167778313134,5,gp-2
33,50,-159999.89812261894,366605.66362380073,-999999.0,0.34394551520786987,5,gp-2
34,46,-159999.85253750058,366605.683518763,-999999.0,0.3495496386813234,5,gp-2
35,45,-119999.83145958383,324961.2291487682,-999999.0,0.41116802123444324,5,gp-2
36,44,-59999.86313530767,237486.62367363257,-999999.0,0.41116802123444324,5,gp-2
37,46,-20000.037459434985,139999.85179217794,-999999.0,0.41116802123444324,5,gp-2
38,47,-79999.88508424518,271292.9383280649,-999999.0,0.41116802123444324,5,gp-2
39,46,-159999.86044278703,366605.6800686167,-999999.0,0.41116802123444324,5,gp-2
40,43,-159999.958648752,366605.6372085551,-999999.0,0.41116802123444324,5,gp-2
41,48,-59999.93188415418,237486.60630463227,-999999.0,0.433519004975228,5,gp-2
42,47,-119999.95738990304,324961.18264624954,-999999.0,0.433519004975228,5,gp-2
43,45,-139999.91724372772,346986.6613748912,-999999.0,0.433519004975228,5,gp-2
44,43,-99999.87911152764,299999.7069630064,-999999.0,0.4363722711535245,5,gp-2
45,49,-179999.77882263646,384187.0893511041,-999999.0,0.4472218787500099,5,gp-2
46,44,-119999.93965843612,324961.18919390114,-999999.0,0.5566164769893139,5,gp-2
47,47,-139999.88676813184,346986.6736709936,-999999.0,0.5932546136452711,5,gp-2
48,47,-79999.97278451604,271292.91246707237,-999999.0,0.4455532146755382,5,gp-2
49,46,-99999.9099006445,299999.69670020463,-999999.0,0.48155733359566594,5,gp-2
50,45,-59999.93419636972,237486.60572058024,-999999.0,0.4345550668794005,5,gp-2
51,42,-99999.80319113302,299999.7322697892,-999999.0,0.4345550668794005,5,gp-2
52,47,-80000.00424638847,271292.90318933566,-999999.0,0.4345550668794005,5,gp-2
53,43,-179999.74644145812,384187.10452242364,-999999.0,0.4412984911697231,5,gp-2
54,46,-59999.872133712226,237486.62140030402,-999999.0,0.4723029569550311,5,gp-2
55,47,-119999.81031908715,324961.23695544107,-999999.0,0.4723029569550311,5,gp-2
56,48,-139999.8410028905,346986.6921359559,-999999.0,0.5008010005114611,5,gp-2
57,42,-59999.834326225624,237486.63095222265,-999999.0,0.5008010005114611,5,gp-2
58,43,-119999.87479475664,324961.2131463232,-999999.0,0.5008010005114611,5,gp-2
59,44,-139999.88501353146,346986.6743789705,-999999.0,0.6085821617156636,5,gp-2
60,44,-99999.81881141283,299999.72706312675,-999999.0,0.6085821617156636,5,gp-2
61,44,-119999.74154384655,324961.26235240215,-999999.0,0.6059551595261758,5,gp-2
62,46,-99999.8200631822,299999.7266457711,-999999.0,0.4487554233331942,5,gp-2
63,46,-199999.69611182832,399999.6519442209,-999999.0,0.4487554233331942,5,gp-2
64,44,-99999.83437997887,299999.72187354893,-999999.0,0.45155978529158863,5,gp-2
65,45,-59999.833910245274,237486.63105724315,-999999.0,0.45155978529158863,5,gp-2
66,49,-99999.89468707098,299999.70177124674,-999999.0,0.4411850399387762,5,gp-2
67,44,-199999.8602874851,399999.5698565768,-999999.0,0.4411850399387762,5,gp-2
68,44,-59999.848563706415,237486.6273550459,-999999.0,0.4411850399387762,5,gp-2
69,45,-139999.73597640527,346986.7345111983,-999999.0,0.47759318491210234,5,gp-2
70,46,-119999.9848269239,324961.17251439765,-999999.0,0.47759318491210234,5,gp-2
71,47,-199999.8076277435,399999.5961862891,-999999.0,0.4360823201758941,5,gp-2
72,49,-99999.95516179879,299999.68161312677,-999999.0,0.46024929195949427,5,gp-2
73,49,-119999.85330700662,324961.22108112177,-999999.0,0.562159203995255,5,gp-2
74,47,-99999.90433225218,299999.69855618285,-999999.0,0.562159203995255,5,gp-2
75,43,-119999.84650691194,324961.22359222046,-999999.0,0.562159203995255,5,gp-2
76,45,-59999.971634324786,237486.5962620145,-999999.0,0.4361245690333394,5,gp-2
77,49,-39999.938944045934,195958.9877618615,-999999.0,0.4439255744062292,5,gp-2
78,45,-99999.88809171852,299999.70396970864,-999999.0,0.4638119890898435,5,gp-2
79,46,-19999.938619332832,139999.86591205277,-999999.0,0.4439255744062292,5,gp-2
80,45,-139999.8390084448,346986.69294061273,-999999.0,0.4106631478292167,5,gp-2
81,45,-99999.8645601898,299999.7118134693,-999999.0,0.469194486176537,5,gp-2
82,45,-139999.85272207772,346986.68740756455,-999999.0,0.4455532146755382,5,gp-2
83,46,-119999.85490032783,324961.2204927497,-999999.0,0.4352641596781602,5,gp-2
84,48,-119999.93533318656,324961.19079102564,-999999.0,0.4106631478292167,5,gp-2
85,46,-139999.85709507405,346986.68564312905,-999999.0,0.46190187920789494,5,gp-2
86,48,-159999.9286398957,366605.6503050251,-999999.0,0.4336172738472338,5,gp-2
87,45,-99999.95292772801,299999.6823578959,-999999.0,0.4745176540848766,5,gp-2
88,44,-79999.98457827096,271292.90898928413,-999999.0,0.4745176540848766,5,gp-2
89,44,-199999.8663691089,399999.5668156822,-999999.0,0.4745176540848766,5,gp-2
90,48,-119999.97013891554,324961.1779383378,-999999.0,0.4745176540848766,5,gp-2
91,46,-99999.99617617716,299999.6679420503,-999999.0,0.46174223871137926,5,gp-2
92,44,-79999.97868362743,271292.9107273599,-999999.0,0.46174223871137926,5,gp-2
93,44,-139999.76541091583,346986.7226351524,-999999.0,0.4745176540848766,5,gp-2
94,46,-119999.82912526198,324961.230010834,-999999.0,0.5043012782408363,5,gp-2
95,45,-99999.9830930652,299999.6723026606,-999999.0,0.5043012782408363,5,gp-2
96,41,-99999.9443312167,299999.68522327096,-999999.0,0.5043012782408363,5,gp-2
97,47,-99999.87305382987,299999.70898225537,-999999.0,0.5043012782408363,5,gp-2
98,47,-179999.77871323572,384187.08940232574,-999999.0,0.47804104174256434,5,gp-2
99,48,-99999.9226872853,299999.6924378301,-999999.0,0.4883419901073841,5,gp-2
100,45,-80000.04299892693,271292.8917618493,-999999.0,0.4883419901073841,5,gp-2
