gen,nevals,avg,stddev,min,max,run,representation
0,50,-979999.0401999999,139999.7186,-999999.0,-1.0099999999999998,8,gp-1
1,47,-959999.0604666667,195958.88319772005,-999999.0,-0.013333333331737479,8,gp-1
2,45,-879999.2013333333,324960.99097223516,-999999.0,-0.013333333286326621,8,gp-1
3,46,-759999.4425333333,427082.3425874529,-999999.0,-0.013333333331737479,8,gp-1
4,42,-400000.0865,489897.0614331978,-999999.0,-0.013333333331737479,8,gp-1
5,46,-340000.1272666667,473707.96220821515,-999999.0,-0.013333333331737479,8,gp-1
6,47,-359999.9873999954,479999.2594501684,-999999.0,-0.013333106308584518,8,gp-1
7,48,-360000.0673333346,479999.19950014865,-999999.0,-0.013333333331737479,8,gp-1
8,47,-380000.0468666665,485385.62440820155,-999999.0,-0.013333106378293956,8,gp-1
9,49,-380000.0267786827,485385.6401347162,-999999.0,-0.01333309589388983,8,gp-1
10,45,-359999.94763327594,479999.2892752081,-999999.0,-0.01333309589388983,8,gp-1
11,43,-379999.8477333207,485385.7803059933,-999999.0,-0.013332908134781865,8,gp-1
12,47,-260000.04895163633,438633.6222244175,-999999.0,-0.012582757332519094,8,gp-1
13,45,-200000.1298876289,399999.4350564244,-999999.0,-0.012715556696529438,8,gp-1
14,48,-300000.04839974403,458256.883157033,-999999.0,-0.012582757332519094,8,gp-1
15,45,-299999.98767932656,458256.92290787055,-999999.0,0.0313308304400784,8,gp-1
16,47,-299999.96695323027,458256.9364762805,-999999.0,0.0313308304400784,8,gp-1
17,43,-240000.0492999793,427082.54042577464,-999999.0,-0.01333309589388983,8,gp-1
18,48,-279999.94894939405,448998.2946391238,-999999.0,-0.012470625076196493,8,gp-1
19,46,-259999.94917395394,438633.6813674999,-999999.0,-0.012032899376176463,8,gp-1
20,47,-180000.13000730035,384186.9248137439,-999999.0,-0.012032899376176463,8,gp-1
21,45,-259999.9092813186,438633.7050137956,-999999.0,-0.012032899376176463,8,gp-1
22,46,-259999.88942195094,438633.71678540215,-999999.0,-0.012031382397674414,8,gp-1
23,44,-220000.02901649778,414245.7570491281,-999999.0,0.014598786524304677,8,gp-1
24,46,-279999.8842640714,448998.334977481,-999999.0,0.10594933462226397,8,gp-1
25,49,-220000.0453172237,414245.7483920695,-999999.0,0.10594933462226397,8,gp-1
26,43,-240000.0055622071,427082.5650042692,-999999.0,0.0652396756253765,8,gp-1
27,42,-239999.9636228643,427082.58857217315,-999999.0,0.043064228949792734,8,gp-1
28,49,-259999.838007314,438633.7472613489,-999999.0,0.13419769053489503,8,gp-1
29,46,-199999.87586436112,399999.56206791394,-999999.0,0.11130328536502906,8,gp-1
30,48,-299999.85075647687,458257.01254492166,-999999.0,0.1087204604429033,8,gp-1
31,46,-239999.81288498064,427082.6732793986,-999999.0,0.1163349947805704,8,gp-1
32,47,-219999.891233397,414245.83022359846,-999999.0,0.1441056953601472,8,gp-1
33,45,-199999.9496090457,399999.52519564994,-999999.0,0.1163349947805704,8,gp-1
34,45,-179999.96450977374,384187.002352898,-999999.0,0.16029008942607428,8,gp-1
35,46,-299999.7684230723,458257.06644468324,-999999.0,0.16029008942607428,8,gp-1
36,48,-199999.94702028242,399999.5264902299,-999999.0,0.10643038409609797,8,gp-1
37,42,-239999.83496547447,427082.66087127733,-999999.0,0.2132942022581124,8,gp-1
38,47,-199999.8395389771,399999.58023058943,-999999.0,0.2132942022581124,8,gp-1
39,47,-120000.01431407545,324961.1616253338,-999999.0,0.21328799975292678,8,gp-1
40,46,-279999.8423311906,448998.36112719984,-999999.0,0.11677134321473086,8,gp-1
41,46,-259999.91283233548,438633.7029089573,-999999.0,0.2132942022581124,8,gp-1
42,49,-180000.01043936715,384186.98083380226,-999999.0,0.0031571902736468394,8,gp-1
43,48,-260000.02824630545,438633.6344974776,-999999.0,0.0031571902736468394,8,gp-1
44,48,-319999.88721258944,466475.54296496,-999999.0,0.02868369216861533,8,gp-1
45,45,-320000.00683593116,466475.46090409876,-999999.0,0.02868369216861533,8,gp-1
46,47,-279999.9456857236,448998.29667438235,-999999.0,0.1250084784031574,8,gp-1
47,47,-299999.8275668481,458257.0277260176,-999999.0,0.026198628696515486,8,gp-1
48,47,-240000.00851389376,427082.5633455626,-999999.0,0.026198628696515486,8,gp-1
49,44,-239999.94575653409,427082.59861212433,-999999.0,0.026268083055044262,8,gp-1
50,45,-259999.94223067563,438633.68548312667,-999999.0,0.15620589327122483,8,gp-1
51,45,-239999.98149847423,427082.5785269133,-999999.0,0.15480707241819752,8,gp-1
52,48,-319999.8290094652,466475.5828919652,-999999.0,0.15620589327122483,8,gp-1
53,46,-179999.9874701703,384186.99159537593,-999999.0,0.19335444603069366,8,gp-1
54,48,-220000.00435127306,414245.770148483,-999999.0,0.3330325718279832,8,gp-1
55,48,-259999.8057625995,438633.7663743575,-999999.0,0.22091785896618882,8,gp-1
56,43,-199999.88011486072,399999.5599426915,-999999.0,0.22091785896618882,8,gp-1
57,42,-160000.01028825768,366605.61467075953,-999999.0,0.21575048428991503,8,gp-1
58,48,-279999.818441183,448998.37602524954,-999999.0,0.27407551947306696,8,gp-1
59,44,-199999.9627798651,399999.5186103399,-999999.0,0.27407551947306696,8,gp-1
60,46,-199999.83721604635,399999.5813921176,-999999.0,0.2810971076598527,8,gp-1
61,46,-200000.0277102675,399999.48614545667,-999999.0,0.2843595190572044,8,gp-1
62,48,-219999.9606128621,414245.79337740166,-999999.0,0.24653890217770635,8,gp-1
63,46,-140000.06315038202,346986.60250551905,-999999.0,0.23672347398764745,8,gp-1
64,46,-319999.7797445583,466475.6166874181,-999999.0,0.4146251162701723,8,gp-1
65,45,-200000.01256573704,399999.4937174634,-999999.0,0.5710979205289243,8,gp-1
66,46,-239999.93425575388,427082.605075081,-999999.0,0.5710979205289243,8,gp-1
67,49,-219999.92474706462,414245.81242524413,-999999.0,0.5710979205289243,8,gp-1
68,43,-299999.73904671514,458257.0856760752,-999999.0,0.5710979205289243,8,gp-1
69,47,-259999.9131947176,438633.7026942998,-999999.0,0.5710979205289243,8,gp-1
70,48,-159999.9377009624,366605.6463504953,-999999.0,0.5710467363122721,8,gp-1
71,47,-259999.8076910237,438633.7652313929,-999999.0,0.5652871601449602,8,gp-1
72,43,-139999.9404886945,346986.65199620434,-999999.0,0.5652871601449602,8,gp-1
73,45,-239999.8629110303,427082.6451674405,-999999.0,0.5652871601449602,8,gp-1
74,47,-219999.807985274,414245.874435502,-999999.0,0.5163491314109818,8,gp-1
75,45,-220000.05077418635,414245.7454945176,-999999.0,0.5331532922397165,8,gp-1
76,45,-219999.79546696963,414245.8810837832,-999999.0,0.5331532922397165,8,gp-1
77,43,-259999.74924673935,438633.7998741403,-999999.0,0.5538840940471534,8,gp-1
78,45,-239999.82085737138,427082.6687996073,-999999.0,0.5538840940471534,8,gp-1
79,44,-219999.75610214344,414245.9019898062,-999999.0,0.5538840940471534,8,gp-1
80,45,-239999.76654202535,427082.6993219138,-999999.0,0.5538840940471534,8,gp-1
81,45,-239999.9577587444,427082.59186773736,-999999.0,0.5559560371281563,8,gp-1
82,46,-199999.95702067492,399999.5214900285,-999999.0,0.5559560371281563,8,gp-1
83,48,-259999.73586284547,438633.80780741037,-999999.0,0.5463370457796869,8,gp-1
84,43,-179999.87294841142,384187.0452513747,-999999.0,0.6344532314156961,8,gp-1
85,44,-219999.852113089,414245.85099994356,-999999.0,0.5463370457796869,8,gp-1
86,44,-279999.65699462,448998.476704831,-999999.0,0.5690231543264554,8,gp-1
87,43,-179999.75327519057,384187.10132056865,-999999.0,0.5463370457796869,8,gp-1
88,44,-199999.75779752777,399999.62110135413,-999999.0,0.5463370457796869,8,gp-1
89,45,-199999.88755793215,399999.5562213441,-999999.0,0.5463370457796869,8,gp-1
90,46,-359999.6643852185,479999.5017111866,-999999.0,0.5463370457796869,8,gp-1
91,41,-239999.81516835745,427082.67199642916,-999999.0,0.6358453831714934,8,gp-1
92,45,-199999.72365352098,399999.63817334035,-999999.0,0.6302202558758896,8,gp-1
93,47,-159999.9451498363,366605.6430995308,-999999.0,0.6464479042677078,8,gp-1
94,43,-239999.78536563818,427082.6887440162,-999999.0,0.5044122538469928,8,gp-1
95,46,-199999.872240289,399999.56388010964,-999999.0,0.6518568365077688,8,gp-1
96,48,-219999.90940445632,414245.8205734948,-999999.0,0.48324642395306344,8,gp-1
97,48,-179999.90011503905,384187.0325231653,-999999.0,0.4971776327568735,8,gp-1
98,46,-279999.7935227739,448998.39156474627,-999999.0,0.4958485575896631,8,gp-1
99,49,-339999.68163595506,473708.2820554132,-999999.0,0.4958485575896631,8,gp-1
100,45,-259999.76651289384,438633.789639715,-999999.0,0.532893115516382,8,gp-1
