gen,nevals,avg,stddev,min,max,run,representation
0,50,-999999.0,0.0,-999999.0,-999999.0,10,gp-1
1,48,-999999.0,0.0,-999999.0,-999999.0,10,gp-1
2,49,-999999.0,0.0,-999999.0,-999999.0,10,gp-1
3,45,-959999.0604666667,195958.88319772005,-999999.0,-0.013333333331737479,10,gp-1
4,50,-879999.2212666667,324960.936992498,-999999.0,-0.013333333331737479,10,gp-1
5,48,-639999.7036666621,479999.06177780335,-999999.0,-0.01333310637829396,10,gp-1
6,45,-499999.9053333243,499999.0946667552,-999999.0,-0.01333310637829396,10,gp-1
7,48,-380000.14630446787,485385.546560148,-999999.0,0.0031094863528230974,10,gp-1
8,46,-300000.10798327083,458256.84415045445,-999999.0,-0.01333310637829396,10,gp-1
9,45,-379999.9272207298,485385.71807679516,-999999.0,-0.01103608732925426,10,gp-1
10,49,-299999.96842071624,458256.9355155844,-999999.0,-0.01103601164615668,10,gp-1
11,45,-339999.9660550854,473708.0779163336,-999999.0,0.07431733309545915,10,gp-1
12,40,-280000.00607773405,448998.2590133671,-999999.0,0.07431733309545915,10,gp-1
13,45,-219999.94663789202,414245.8007991245,-999999.0,0.06690606004185602,10,gp-1
14,45,-339999.7648541142,473708.2223263491,-999999.0,0.09956620197843852,10,gp-1
15,47,-239999.8877724752,427082.63119630865,-999999.0,0.05583911236617106,10,gp-1
16,47,-319999.9614357096,466475.4920483505,-999999.0,0.11191998506700639,10,gp-1
17,48,-300000.0430580314,458256.8866540111,-999999.0,0.07468021654241827,10,gp-1
18,48,-279999.9612102413,448998.28699315654,-999999.0,0.11878998356843608,10,gp-1
19,45,-199999.92379280637,399999.5381037264,-999999.0,0.07431733309545915,10,gp-1
20,46,-259999.94202308066,438633.6856061782,-999999.0,0.07431733309545915,10,gp-1
21,48,-339999.8468586576,473708.1634684098,-999999.0,0.03256896327221618,10,gp-1
22,45,-239999.98746707174,427082.5751728473,-999999.0,0.05119305607706708,10,gp-1
23,47,-359999.7833010703,479999.4125243131,-999999.0,0.07468021654241827,10,gp-1
24,48,-319999.80410832394,466475.5999739724,-999999.0,0.10594894517639278,10,gp-1
25,47,-359999.82306643703,479999.38270030933,-999999.0,0.10594894517639278,10,gp-1
26,46,-199999.99895713147,399999.5005216286,-999999.0,0.10594894517639278,10,gp-1
27,46,-279999.96245575586,448998.28621648595,-999999.0,0.05549127983947931,10,gp-1
28,45,-339999.71530694305,473708.2578883332,-999999.0,0.05549127983947931,10,gp-1
29,45,-219999.89531211794,414245.8280574478,-999999.0,0.09419137209742746,10,gp-1
30,45,-259999.85641813907,438633.73634836904,-999999.0,0.09419137209742746,10,gp-1
31,47,-259999.8752740483,438633.7251715643,-999999.0,0.10702176742853972,10,gp-1
32,46,-279999.8927193698,448998.32970469515,-999999.0,0.11710957567446789,10,gp-1
33,49,-219999.9179721971,414245.8160230354,-999999.0,0.12582096802337495,10,gp-1
34,44,-259999.86822604178,438633.7293492662,-999999.0,0.12554570410814622,10,gp-1
35,46,-159999.9673768602,366605.6333987642,-999999.0,0.14505490627269932,10,gp-1
36,47,-199999.8972688659,399999.55136570876,-999999.0,0.12553887778992134,10,gp-1
37,46,-219999.84729061142,414245.85356094287,-999999.0,0.19296320471340236,10,gp-1
38,47,-199999.8228035564,399999.58859830466,-999999.0,0.19296320471340236,10,gp-1
39,46,-199999.8866156558,399999.5566923217,-999999.0,0.36388302162329256,10,gp-1
40,47,-179999.9759508647,384186.9969924236,-999999.0,0.1914318810788542,10,gp-1
41,50,-259999.81127215226,438633.763108601,-999999.0,0.27800861822305417,10,gp-1
42,44,-379999.7236463673,485385.8774513478,-999999.0,0.27800861822305417,10,gp-1
43,46,-259999.8009095072,438633.7692510556,-999999.0,0.2993795185642244,10,gp-1
44,48,-279999.78230035584,448998.3985630487,-999999.0,0.25547754240576176,10,gp-1
45,46,-219999.9867785134,414245.7794811258,-999999.0,0.28759217869426706,10,gp-1
46,48,-140000.06115758166,346986.60330956243,-999999.0,0.33081339054996295,10,gp-1
47,44,-219999.8524476841,414245.8508221262,-999999.0,0.2395552366011867,10,gp-1
48,45,-259999.82443462295,438633.7553066081,-999999.0,0.2395552366011867,10,gp-1
49,48,-180000.03130283183,384186.97105893027,-999999.0,0.324583761000629,10,gp-1
50,48,-199999.98706692376,399999.50646677613,-999999.0,0.324583761000629,10,gp-1
51,48,-279999.8185261545,448998.37597233255,-999999.0,0.3326707982435202,10,gp-1
52,46,-419999.77422477753,493557.8483337753,-999999.0,0.24711085949860795,10,gp-1
53,41,-239999.89007108365,427082.62990465603,-999999.0,0.324583761000629,10,gp-1
54,47,-279999.82705331245,448998.37065466313,-999999.0,0.14739490258465182,10,gp-1
55,46,-199999.9068818348,399999.5465592481,-999999.0,0.14524956203206463,10,gp-1
56,49,-180000.02058116853,384186.9760822025,-999999.0,0.18356952632163992,10,gp-1
57,43,-279999.78979339404,448998.39389026887,-999999.0,0.1537598758657037,10,gp-1
58,45,-159999.90192616743,366605.66196375806,-999999.0,0.3081734960786941,10,gp-1
59,48,-259999.7502161585,438633.7992994432,-999999.0,0.3081734960786941,10,gp-1
60,46,-279999.7586062886,448998.4133388308,-999999.0,0.19721941611877208,10,gp-1
61,46,-219999.8256961899,414245.86502939666,-999999.0,0.22636779675237936,10,gp-1
62,48,-279999.7517394742,448998.4176210183,-999999.0,0.22608481558990098,10,gp-1
63,44,-219999.88564041088,414245.8331940095,-999999.0,0.28467958505484314,10,gp-1
64,43,-119999.93869246145,324961.18955047167,-999999.0,0.23169075240156348,10,gp-1
65,45,-79999.9100668965,271292.930961058,-999999.0,0.23607768961080683,10,gp-1
66,46,-239999.82760222492,427082.66500909737,-999999.0,0.23607768961080683,10,gp-1
67,48,-199999.7484317743,399999.6257841484,-999999.0,0.23584926675213916,10,gp-1
68,45,-179999.82131080516,384187.06944446836,-999999.0,0.23584926675213916,10,gp-1
69,46,-99999.94402244991,299999.6853260326,-999999.0,0.3202983414493199,10,gp-1
70,44,-199999.73897491812,399999.63051254995,-999999.0,0.3202983414493199,10,gp-1
71,47,-139999.83725712623,346986.6936471346,-999999.0,0.3202983414493199,10,gp-1
72,48,-299999.7162341313,458257.1006103582,-999999.0,0.37515629842317694,10,gp-1
73,45,-199999.85238422293,399999.5738080565,-999999.0,0.37515629842317694,10,gp-1
74,46,-199999.8146010338,399999.5926996045,-999999.0,0.37515629842317694,10,gp-1
75,48,-219999.78428525556,414245.8870221401,-999999.0,0.37515629842317694,10,gp-1
76,45,-159999.7755068107,366605.71713759494,-999999.0,0.37515629842317694,10,gp-1
77,49,-219999.72286247212,414245.91964281216,-999999.0,0.35368988143057356,10,gp-1
78,45,-279999.72116141306,448998.4366898295,-999999.0,0.35368988143057356,10,gp-1
79,49,-259999.70559624277,438633.82574783603,-999999.0,0.3314305186177577,10,gp-1
80,46,-259999.7646699892,438633.7907320046,-999999.0,0.32858829721248023,10,gp-1
81,45,-239999.73670574758,427082.71608848835,-999999.0,0.4246922578762025,10,gp-1
82,42,-239999.61326493922,427082.78545612405,-999999.0,0.4241064602839001,10,gp-1
83,47,-239999.755241776,427082.7056721653,-999999.0,0.38274339284253744,10,gp-1
84,49,-139999.84286498142,346986.6913846324,-999999.0,0.39942044623197487,10,gp-1
85,43,-239999.70261514623,427082.735245769,-999999.0,0.5157352468975689,10,gp-1
86,42,-179999.7203704914,384187.1167371551,-999999.0,0.5157352468975689,10,gp-1
87,46,-139999.75458428066,346986.72700345324,-999999.0,0.5136206082317369,10,gp-1
88,47,-139999.92340892405,346986.65888752183,-999999.0,0.5136206082317369,10,gp-1
89,45,-219999.67139515985,414245.946976356,-999999.0,0.4889900450444551,10,gp-1
90,44,-179999.82492348328,384187.0677520811,-999999.0,0.4889900450444551,10,gp-1
91,47,-219999.78333058354,414245.8875291564,-999999.0,0.4292666324799904,10,gp-1
92,49,-99999.9268803175,299999.69104009296,-999999.0,0.42449468913889987,10,gp-1
93,44,-299999.7603223811,458257.0717480547,-999999.0,0.38115492235387377,10,gp-1
94,43,-179999.8157594105,384187.0720454972,-999999.0,0.5176238546029464,10,gp-1
95,47,-239999.73689217455,427082.715983808,-999999.0,0.5159005555028507,10,gp-1
96,46,-219999.76125787426,414245.89925165084,-999999.0,0.4608469519408253,10,gp-1
97,45,-179999.87451126717,384187.0445192816,-999999.0,0.41922403734274477,10,gp-1
98,47,-279999.7985633235,448998.3884214318,-999999.0,0.33688722456429443,10,gp-1
99,46,-200000.21828264784,399999.3908595867,-999999.0,0.30894856136684845,10,gp-1
100,46,-260000.04855799113,438633.62245841534,-999999.0,0.3141088627768905,10,gp-1
