gen,nevals,avg,stddev,min,max,run,representation
0,50,-999999.0,0.0,-999999.0,-999999.0,1,gp-1
1,48,-979999.0401999999,139999.7186,-999999.0,-1.0099999999999998,1,gp-1
2,48,-979999.0401999999,139999.7186,-999999.0,-1.0099999999999998,1,gp-1
3,44,-899999.2009999999,299999.39699999994,-999999.0,-1.0099999999999998,1,gp-1
4,48,-899999.18106667,299999.45680001634,-999999.0,-0.013333502164498287,1,gp-1
5,47,-719999.4830666718,448998.1117829444,-999999.0,-0.013333333331737479,1,gp-1
6,48,-559999.8047359075,496386.03797515586,-999999.0,-0.013333316484117532,1,gp-1
7,44,-360000.0871666657,479999.18462514307,-999999.0,-0.013333316484117532,1,gp-1
8,48,-380000.1068666668,485385.57743529207,-999999.0,-0.013333311475895422,1,gp-1
9,46,-380000.0469666689,485385.62432991166,-999999.0,-0.013333297689834657,1,gp-1
10,48,-340000.0275999979,473708.03374305146,-999999.0,-0.013333232850281453,1,gp-1
11,46,-140000.3898333294,346986.47069761454,-999999.0,-0.013333232850281453,1,gp-1
12,49,-320000.10668342316,466475.3924092315,-999999.0,0.04082882789906067,1,gp-1
13,45,-320000.08793333283,466475.40527169034,-999999.0,-0.013333316484117532,1,gp-1
14,47,-299999.98859998485,458256.92230515735,-999999.0,-0.013333159005947715,1,gp-1
15,42,-299999.90872044535,458256.97459856386,-999999.0,-0.011022698894957047,1,gp-1
16,48,-340000.08693268045,473707.9911575683,-999999.0,0.022721698615335434,1,gp-1
17,47,-300000.0862373503,458256.85838650586,-999999.0,0.04405031728539066,1,gp-1
18,48,-359999.9448387107,479999.29137117707,-999999.0,0.04405031728539066,1,gp-1
19,42,-180000.0228784885,384186.9750058277,-999999.0,0.12416219564671924,1,gp-1
20,46,-200000.0652579064,399999.4673712998,-999999.0,0.3158276031666142,1,gp-1
21,46,-160000.07952067227,366605.58445534983,-999999.0,0.3158276031666142,1,gp-1
22,46,-299999.89980685833,458256.98043391004,-999999.0,0.3345130587882094,1,gp-1
23,45,-140000.31607870368,346986.50045634573,-999999.0,0.3911997255833925,1,gp-1
24,47,-239999.98851326705,427082.57458512904,-999999.0,0.40011067034435016,1,gp-1
25,46,-239999.8095133255,427082.67517416354,-999999.0,0.40011067034435016,1,gp-1
26,50,-239999.96038990852,427082.5903889551,-999999.0,0.39566512846983376,1,gp-1
27,48,-239999.9258388393,427082.6098049768,-999999.0,0.39566512846983376,1,gp-1
28,49,-219999.88655316975,414245.8327093087,-999999.0,0.39566512846983376,1,gp-1
29,46,-219999.92223299644,414245.81376024295,-999999.0,0.2018957643959228,1,gp-1
30,44,-199999.96165110994,399999.5191746991,-999999.0,0.29777420103326624,1,gp-1
31,47,-260000.0186983298,438633.6401572306,-999999.0,0.29777420103326624,1,gp-1
32,48,-180000.05717596048,384186.9589370182,-999999.0,0.4812930662555502,1,gp-1
33,47,-160000.00693386514,366605.61613481434,-999999.0,0.3925279941471411,1,gp-1
34,47,-159999.9902981546,366605.623395214,-999999.0,0.4236719992902108,1,gp-1
35,45,-179999.9925660274,384186.9892081487,-999999.0,0.4236317749681165,1,gp-1
36,49,-239999.94292674362,427082.6002025478,-999999.0,0.4508428392474323,1,gp-1
37,44,-220000.04564074657,414245.74822039355,-999999.0,0.450843577869374,1,gp-1
38,49,-180000.02989895473,384186.97171676974,-999999.0,0.4641408927289729,1,gp-1
39,44,-119999.90743000612,324961.2010949269,-999999.0,0.5009259909311169,1,gp-1
40,48,-259999.88391937784,438633.7200471727,-999999.0,0.5241558437418452,1,gp-1
41,43,-219999.86546261594,414245.8439101928,-999999.0,0.5241558437418452,1,gp-1
42,48,-239999.92835147268,427082.6083930769,-999999.0,0.42888654775332163,1,gp-1
43,45,-179999.94438152065,384187.0117834467,-999999.0,0.3862973892221977,1,gp-1
44,48,-259999.82155907474,438633.7570111255,-999999.0,0.47322087914244476,1,gp-1
45,50,-199999.92032486488,399999.53983779834,-999999.0,0.522893761498574,1,gp-1
46,48,-200000.0743727079,399999.46281392063,-999999.0,0.38638813415399753,1,gp-1
47,49,-379999.94766280794,485385.7020732221,-999999.0,0.3077982536621457,1,gp-1
48,48,-220000.2125846487,414245.659558939,-999999.0,0.2018957643959228,1,gp-1
49,49,-319999.97426540736,466475.48324730474,-999999.0,0.1540633359883302,1,gp-1
50,46,-200000.05018286913,399999.4749088527,-999999.0,0.2817454590811594,1,gp-1
51,45,-200000.17431106485,399999.4128449871,-999999.0,0.10395512081929685,1,gp-1
52,43,-100000.21239477494,299999.5958687772,-999999.0,0.22103828577874443,1,gp-1
53,49,-160000.30863613897,366605.48446121026,-999999.0,0.458190458541382,1,gp-1
54,47,-339999.87726771994,473708.1416427281,-999999.0,0.3226880180922861,1,gp-1
55,45,-260000.10513431084,438633.5889225413,-999999.0,0.361003329178512,1,gp-1
56,47,-279999.92382010695,448998.3103100404,-999999.0,0.41830213308262043,1,gp-1
57,50,-340000.0161445036,473708.04196521116,-999999.0,0.4381751491791487,1,gp-1
58,47,-339999.96302514174,473708.0800911925,-999999.0,0.4381751491791487,1,gp-1
59,47,-280000.19802144205,448998.1393155995,-999999.0,0.3068761101836872,1,gp-1
60,47,-240000.13257400357,427082.49362997455,-999999.0,0.3019167844641056,1,gp-1
61,47,-220000.1642218787,414245.6852437758,-999999.0,0.3015656371025507,1,gp-1
62,45,-160000.2185881252,366605.52376148663,-999999.0,0.33690516895949857,1,gp-1
63,47,-279999.960696287,448998.2873138086,-999999.0,0.30421507112787016,1,gp-1
64,48,-160000.25231872647,366605.5090408051,-999999.0,0.30421507112787016,1,gp-1
65,45,-240000.09005113403,427082.51752579084,-999999.0,0.2878237042513076,1,gp-1
66,47,-199999.98684960202,399999.50657556613,-999999.0,0.2878237042513076,1,gp-1
67,47,-239999.9931326233,427082.57198920776,-999999.0,0.2560450337835271,1,gp-1
68,45,-239999.96044790815,427082.5903568082,-999999.0,0.30629462747100344,1,gp-1
69,47,-220000.17351146124,414245.6803109403,-999999.0,0.29242722620521333,1,gp-1
70,44,-200000.26950624224,399999.365247965,-999999.0,0.29242722620521333,1,gp-1
71,44,-160000.43177802718,366605.43071937904,-999999.0,0.36316570378309126,1,gp-1
72,47,-260000.0425948185,438633.62599260104,-999999.0,0.3948357079075924,1,gp-1
73,46,-240000.60214996868,427082.22975291044,-999999.0,0.4137128799537761,1,gp-1
74,47,-160000.6217231479,366605.34782074613,-999999.0,0.4137128799537761,1,gp-1
75,47,-240000.0827106518,427082.52165147907,-999999.0,0.5877475082940244,1,gp-1
76,44,-180000.26744767022,384186.86042169144,-999999.0,0.5877475082940244,1,gp-1
77,48,-260000.37550174876,438633.428663956,-999999.0,0.3924589357125308,1,gp-1
78,46,-300000.28870356036,458256.7258423545,-999999.0,0.3718339058987063,1,gp-1
79,47,-220000.60030712443,414245.4536469238,-999999.0,0.438908259290354,1,gp-1
80,45,-360000.01603084453,479999.2379774339,-999999.0,0.438908259290354,1,gp-1
81,45,-160000.5830319718,366605.364707201,-999999.0,0.438908259290354,1,gp-1
82,48,-220000.43565326827,414245.54109193897,-999999.0,0.4172843904497643,1,gp-1
83,47,-220000.39140302932,414245.56459261547,-999999.0,0.4172843904497643,1,gp-1
84,45,-140000.44821360655,346986.44714464014,-999999.0,0.4217547946232988,1,gp-1
85,49,-300000.4969327448,458256.58952498564,-999999.0,0.3840303787897167,1,gp-1
86,42,-240000.32915567615,427082.3831620083,-999999.0,0.3840303787897167,1,gp-1
87,47,-140000.9547888091,346986.2427557998,-999999.0,0.35202380205371053,1,gp-1
88,45,-120000.79679560733,324960.8726778846,-999999.0,0.456522073879837,1,gp-1
89,47,-220000.53240327106,414245.48970992264,-999999.0,0.456522073879837,1,gp-1
90,48,-260000.2304559426,438633.514638781,-999999.0,0.456522073879837,1,gp-1
91,44,-260000.43737508796,438633.3919880687,-999999.0,0.3466561480798902,1,gp-1
92,48,-320000.47149846924,466475.1421494307,-999999.0,0.3466561480798902,1,gp-1
93,47,-140000.64735112977,346986.3667983019,-999999.0,0.40441257555671106,1,gp-1
94,40,-260000.09323840987,438633.59597408783,-999999.0,0.40441257555671106,1,gp-1
95,47,-240000.60868755355,427082.2260791247,-999999.0,0.40441257555671106,1,gp-1
96,47,-260000.35482108925,438633.4409219287,-999999.0,0.47902751784373704,1,gp-1
97,44,-320000.4957789671,466475.12549410644,-999999.0,0.47902751784373704,1,gp-1
98,48,-160000.95836621567,366605.2008983232,-999999.0,0.39767330662325273,1,gp-1
99,45,-260000.60875826178,438633.2904012304,-999999.0,0.39767330662325273,1,gp-1
100,45,-280000.31519464747,448998.06624592707,-999999.0,0.29901614983651664,1,gp-1
