gen,nevals,avg,stddev,min,max,run,representation
0,50,-959999.0803999999,195958.78554470363,-999999.0,-1.0099999999999998,7,gp-1
1,44,-839999.3016666665,366605.3643913236,-999999.0,-0.013333333335673245,7,gp-1
2,46,-679999.4837333333,466475.44643126003,-999999.0,-0.013333333331737479,7,gp-1
3,45,-359999.96756667376,479999.27432516037,-999999.0,-0.013333333331737479,7,gp-1
4,46,-379999.8475873857,485385.7804202429,-999999.0,-0.011035950596836885,7,gp-1
5,48,-320000.02642711054,466475.4474646186,-999999.0,0.07468021654241827,7,gp-1
6,47,-339999.8256467376,473708.17869305535,-999999.0,0.07468021654241827,7,gp-1
7,47,-379999.80535030557,485385.8134868527,-999999.0,0.06381116634469486,7,gp-1
8,44,-379999.80460561183,485385.81406986015,-999999.0,0.06381116634469486,7,gp-1
9,47,-319999.88539300585,466475.54421318567,-999999.0,0.06381116634469486,7,gp-1
10,46,-279999.8414676322,448998.3616657239,-999999.0,0.11334806747513544,7,gp-1
11,43,-279999.89513710653,448998.3281969704,-999999.0,0.11334806747513544,7,gp-1
12,47,-259999.99992945098,438633.6512822648,-999999.0,0.11334806747513544,7,gp-1
13,46,-239999.93284721923,427082.6058665404,-999999.0,0.07468021654241827,7,gp-1
14,47,-180000.02139323633,384186.9757017008,-999999.0,0.07468021654241827,7,gp-1
15,44,-299999.79657184763,458257.04801699833,-999999.0,0.07468021654241827,7,gp-1
16,48,-439999.6507307555,496386.36902855843,-999999.0,0.1132268909292498,7,gp-1
17,45,-279999.84679371194,448998.3583443518,-999999.0,0.1125332517909103,7,gp-1
18,46,-359999.7439102055,479999.44206745806,-999999.0,0.11948734619710104,7,gp-1
19,49,-279999.8022020155,448998.3861521296,-999999.0,0.15630463338993605,7,gp-1
20,43,-259999.96341769904,438633.67292466655,-999999.0,0.11030398213477374,7,gp-1
21,49,-159999.98249733102,366605.62679967575,-999999.0,0.4506390713044967,7,gp-1
22,47,-279999.7338309685,448998.4287889143,-999999.0,0.4285976613652444,7,gp-1
23,46,-319999.7036606394,466475.6688804806,-999999.0,0.4285976613652444,7,gp-1
24,46,-239999.91684242088,427082.6148605506,-999999.0,0.4285976613652444,7,gp-1
25,40,-199999.89518049816,399999.55240993144,-999999.0,0.4285976613652444,7,gp-1
26,45,-120000.0602156246,324961.1446751746,-999999.0,0.4285976613652444,7,gp-1
27,46,-299999.83336360595,458257.0239311958,-999999.0,0.21004504534982635,7,gp-1
28,44,-139999.96752118398,346986.64108918526,-999999.0,0.19991848295789114,7,gp-1
29,48,-219999.848616045,414245.8528570253,-999999.0,0.19256941540249534,7,gp-1
30,44,-159999.89791399808,366605.66371481196,-999999.0,0.18969892445402853,7,gp-1
31,48,-259999.72887345348,438633.81195025874,-999999.0,0.17422861349270355,7,gp-1
32,46,-119999.93674652844,324961.1902690177,-999999.0,0.23374756494401958,7,gp-1
33,42,-139999.88665280875,346986.67371734965,-999999.0,0.2716341790364157,7,gp-1
34,45,-199999.87920878682,399999.5603957601,-999999.0,0.2716341790364157,7,gp-1
35,46,-259999.83303158998,438633.75021081016,-999999.0,0.3792162175867328,7,gp-1
36,46,-279999.73422624194,448998.4285424711,-999999.0,0.3792162175867328,7,gp-1
37,48,-259999.78537645726,438633.77845830243,-999999.0,0.34672430205802857,7,gp-1
38,47,-219999.82100566712,414245.8675204943,-999999.0,0.4058171758995708,7,gp-1
39,45,-119999.95673236929,324961.18288878567,-999999.0,0.34672430205802857,7,gp-1
40,45,-279999.80467263935,448998.38461149356,-999999.0,0.13929302219966877,7,gp-1
41,48,-339999.73147188866,473708.24628611526,-999999.0,0.1916951277766845,7,gp-1
42,42,-219999.8657717468,414245.8437458817,-999999.0,0.1916951277766845,7,gp-1
43,43,-219999.92025454904,414245.8148109385,-999999.0,0.13160972414772243,7,gp-1
44,46,-219999.85950301218,414245.8470751149,-999999.0,0.11882922951134178,7,gp-1
45,47,-239999.88045140222,427082.63531042566,-999999.0,0.13562774476377357,7,gp-1
46,43,-239999.85842352724,427082.6476890065,-999999.0,0.13562774476377357,7,gp-1
47,46,-219999.88918544442,414245.8313112359,-999999.0,0.13109105706871244,7,gp-1
48,45,-359999.7101053302,479999.4674210809,-999999.0,0.11334806747513544,7,gp-1
49,44,-319999.7980132862,466475.6041551367,-999999.0,0.07745766029472288,7,gp-1
50,45,-219999.94439374242,414245.8019909609,-999999.0,0.07468021654241827,7,gp-1
51,49,-279999.9034578379,448998.3230080769,-999999.0,0.07468021654241827,7,gp-1
52,44,-179999.99412388168,384186.98847796395,-999999.0,0.10359868074215317,7,gp-1
53,49,-319999.7720689857,466475.6219527667,-999999.0,0.12172663364309305,7,gp-1
54,48,-219999.82710502375,414245.8642811566,-999999.0,0.12270519674128973,7,gp-1
55,47,-239999.98031844888,427082.5791901049,-999999.0,0.13032308717561583,7,gp-1
56,46,-259999.9937973511,438633.6549173674,-999999.0,0.13032308717561583,7,gp-1
57,48,-160000.03262839827,366605.6049207387,-999999.0,0.21882136797254575,7,gp-1
58,44,-279999.8443735627,448998.35985360714,-999999.0,0.21882136797254575,7,gp-1
59,45,-219999.91376828065,414245.8182557031,-999999.0,0.15917307097392436,7,gp-1
60,48,-259999.98751021057,438633.6586437695,-999999.0,0.1546469713910823,7,gp-1
61,48,-359999.94320841157,479999.2925938868,-999999.0,0.21952228739048282,7,gp-1
62,45,-280000.02657199407,448998.24623311486,-999999.0,0.21952228739048282,7,gp-1
63,42,-239999.87765496003,427082.63688189245,-999999.0,0.12172663364309305,7,gp-1
64,47,-339999.80698695086,473708.1920859528,-999999.0,0.12172421676365375,7,gp-1
65,50,-279999.953926214,448998.29153555335,-999999.0,0.1279514122136361,7,gp-1
66,42,-239999.85844767423,427082.6476754369,-999999.0,0.1279514122136361,7,gp-1
67,46,-279999.85742689937,448998.3517135037,-999999.0,0.1036255785253531,7,gp-1
68,45,-299999.8161267526,458257.035215348,-999999.0,0.12998171372241338,7,gp-1
69,45,-259999.83742515798,438633.747606447,-999999.0,0.12574053534313837,7,gp-1
70,48,-239999.8988619383,427082.6249646146,-999999.0,0.14542741558342692,7,gp-1
71,47,-379999.7586282812,485385.8500646622,-999999.0,0.14542741558342692,7,gp-1
72,47,-259999.9415181916,438633.68590552465,-999999.0,0.35017196818823265,7,gp-1
73,46,-199999.92035434314,399999.53982302314,-999999.0,0.4161247205403787,7,gp-1
74,40,-239999.7681289553,427082.6984301301,-999999.0,0.4161247205403787,7,gp-1
75,46,-219999.8277013969,414245.86396449053,-999999.0,0.35017196818823265,7,gp-1
76,47,-219999.82670898095,414245.8644915503,-999999.0,0.37915435110550133,7,gp-1
77,45,-159999.8400183356,366605.6889825125,-999999.0,0.37915435110550133,7,gp-1
78,48,-179999.86025410183,384187.0511987577,-999999.0,0.37915435110550133,7,gp-1
79,45,-299999.7556807651,458257.07478651265,-999999.0,0.2735033604947265,7,gp-1
80,45,-319999.7320939991,466475.6493753723,-999999.0,0.22481805823137055,7,gp-1
81,46,-279999.82413932926,448998.37247185264,-999999.0,0.15022843773649572,7,gp-1
82,44,-199999.8193477962,399999.590326184,-999999.0,0.15022843773649572,7,gp-1
83,48,-219999.82424580268,414245.86579967575,-999999.0,0.16673601235765587,7,gp-1
84,47,-279999.72444120015,448998.4346444621,-999999.0,0.18630417960650267,7,gp-1
85,48,-359999.6437317837,479999.51720121136,-999999.0,0.37915435110550133,7,gp-1
86,49,-259999.7434985426,438633.8032812776,-999999.0,0.18781777210125578,7,gp-1
87,46,-199999.82721051454,399999.5863948539,-999999.0,0.2876684357781526,7,gp-1
88,42,-139999.95903460257,346986.644513336,-999999.0,0.30154049631921664,7,gp-1
89,46,-179999.83104729385,384187.0648828007,-999999.0,0.30154049631921664,7,gp-1
90,48,-299999.6686084636,458257.1317886313,-999999.0,0.37915435110550133,7,gp-1
91,44,-179999.9541131149,384187.00722388976,-999999.0,0.37915435110550133,7,gp-1
92,47,-199999.82158055305,399999.5892098085,-999999.0,0.4058429679904232,7,gp-1
93,47,-179999.84986508187,384187.0560662051,-999999.0,0.2706632846427813,7,gp-1
94,46,-99999.97531210104,299999.6748963485,-999999.0,0.3937835314461525,7,gp-1
95,47,-139999.9609757785,346986.64373012655,-999999.0,0.4058429679904232,7,gp-1
96,44,-259999.75161631574,438633.798469505,-999999.0,0.4058429679904232,7,gp-1
97,46,-99999.93330887254,299999.6888972408,-999999.0,0.4058429679904232,7,gp-1
98,46,-159999.8552176331,366605.68234902236,-999999.0,0.4161247205403787,7,gp-1
99,44,-159999.84985950746,366605.6846875029,-999999.0,0.4161247205403787,7,gp-1
100,42,-119999.8563403041,324961.21996098687,-999999.0,0.4161247205403787,7,gp-1
