gen,nevals,avg,stddev,min,max,run,representation
0,50,-999999.0,0.0,-999999.0,-999999.0,6,gp-1
1,49,-999999.0,0.0,-999999.0,-999999.0,6,gp-1
2,47,-999999.0,0.0,-999999.0,-999999.0,6,gp-1
3,44,-999999.0,0.0,-999999.0,-999999.0,6,gp-1
4,46,-939999.1206,237486.36439220645,-999999.0,-1.0099999999999998,6,gp-1
5,45,-679999.6033333334,466475.27208575053,-999999.0,-0.013333333277290834,6,gp-1
6,46,-420000.12593333324,493557.5490426167,-999999.0,-0.013333333331737479,6,gp-1
7,43,-539999.8448666667,498396.51638520067,-999999.0,-0.013333333331737479,6,gp-1
8,44,-320000.18740000005,466475.3370380849,-999999.0,-0.013333333277290834,6,gp-1
9,42,-439999.8666666672,496386.17762188095,-999999.0,-0.013333333277290834,6,gp-1
10,49,-459999.8661333343,498396.6323703452,-999999.0,-0.013333106378293956,6,gp-1
11,43,-479999.74620000215,499599.12294622575,-999999.0,-0.013333317068831604,6,gp-1
12,46,-399999.9470666693,489897.17528008774,-999999.0,-0.013333308539025004,6,gp-1
13,46,-299999.98840001103,458256.92243607074,-999999.0,-0.013333333277290834,6,gp-1
14,47,-300000.047871244,458256.8835030176,-999999.0,0.0031048037944848396,6,gp-1
15,48,-340000.06638760044,473708.0059036112,-999999.0,0.017743295473148252,6,gp-1
16,46,-339999.9652862689,473708.07846814464,-999999.0,0.043555231701965944,6,gp-1
17,46,-220000.20567862503,414245.66322655865,-999999.0,0.043555231701965944,6,gp-1
18,45,-220000.18780187052,414245.6727206336,-999999.0,0.028746281354719936,6,gp-1
19,45,-300000.00704429497,458256.9102305268,-999999.0,0.018239954730869354,6,gp-1
20,47,-319999.9469064633,466475.50201536465,-999999.0,0.011360800543235483,6,gp-1
21,47,-359999.8861659507,479999.3353756936,-999999.0,0.011599637708333018,6,gp-1
22,47,-379999.84427789383,485385.783011185,-999999.0,0.039257554992861377,6,gp-1
23,48,-399999.84456767427,489897.2589701657,-999999.0,0.02858741851278983,6,gp-1
24,45,-279999.9633594437,448998.2856528913,-999999.0,0.06455706415928927,6,gp-1
25,48,-299999.9642617481,458256.93823835865,-999999.0,0.08486503584859813,6,gp-1
26,44,-319999.96669425565,466475.48844105494,-999999.0,0.011560904208179101,6,gp-1
27,48,-379999.8848182191,485385.7512729293,-999999.0,0.01953314498108728,6,gp-1
28,46,-259999.91783934642,438633.6999410539,-999999.0,0.277507613844677,6,gp-1
29,49,-259999.98071629045,438633.6626708389,-999999.0,0.277507613844677,6,gp-1
30,47,-220000.1186428938,414245.7094499364,-999999.0,0.277507613844677,6,gp-1
31,47,-220000.01395250284,414245.7650494032,-999999.0,0.277507613844677,6,gp-1
32,47,-339999.86612114025,473708.14964322984,-999999.0,0.277507613844677,6,gp-1
33,44,-200000.08998690674,399999.45500690246,-999999.0,0.277507613844677,6,gp-1
34,46,-259999.98882778757,438633.65786277433,-999999.0,0.18522582748042665,6,gp-1
35,46,-200000.09289402753,399999.4535535863,-999999.0,0.2086309249807196,6,gp-1
36,44,-220000.12752493593,414245.7047329796,-999999.0,0.2086309249807196,6,gp-1
37,48,-260000.17626017422,438633.54676252056,-999999.0,0.09412336106087542,6,gp-1
38,45,-260000.30502640564,438633.47043650225,-999999.0,0.07186860516985545,6,gp-1
39,45,-300000.0194798572,458256.90208959597,-999999.0,0.07186860516985545,6,gp-1
40,45,-220000.13629747837,414245.70007395395,-999999.0,0.06856254920792548,6,gp-1
41,47,-220000.3758016862,414245.572877241,-999999.0,0.12578784270213678,6,gp-1
42,50,-360000.2003915784,479999.09970657015,-999999.0,0.11599105895074019,6,gp-1
43,48,-300000.21334520093,458256.77517530153,-999999.0,0.18912822240620147,6,gp-1
44,48,-160000.43847911723,366605.4277933524,-999999.0,0.18912822240620147,6,gp-1
45,46,-300000.1420487923,458256.82184964506,-999999.0,0.12168047643500722,6,gp-1
46,48,-300000.0032721298,458256.9126999936,-999999.0,0.05908523512519256,6,gp-1
47,47,-300000.096828071,458256.85145326576,-999999.0,0.4048319097035295,6,gp-1
48,44,-220000.11682255057,414245.71041672956,-999999.0,0.4048319097035295,6,gp-1
49,40,-259999.8822607669,438633.72103032586,-999999.0,0.3861641637902977,6,gp-1
50,48,-319999.9273434003,466475.5154355524,-999999.0,0.3995147804507686,6,gp-1
51,47,-240000.34912562167,427082.371938482,-999999.0,0.24097050749508345,6,gp-1
52,47,-220000.1999672783,414245.6662597813,-999999.0,0.29788179738844556,6,gp-1
53,44,-280000.08841488225,448998.2076671705,-999999.0,0.29788179738844556,6,gp-1
54,47,-340000.05591436924,473708.01342081715,-999999.0,0.22279051192390162,6,gp-1
55,47,-260000.19782264807,438633.5339813823,-999999.0,0.22279051192390162,6,gp-1
56,47,-439999.7741842168,496386.2595988179,-999999.0,0.22279051192390162,6,gp-1
57,47,-220000.19417052984,414245.669338497,-999999.0,0.2508161808390784,6,gp-1
58,46,-240000.2196630057,427082.444690134,-999999.0,0.08618672353615894,6,gp-1
59,44,-240000.14827231984,427082.48480816494,-999999.0,0.18691992587003503,6,gp-1
60,47,-240000.129072783,427082.4955974191,-999999.0,0.2348888154184659,6,gp-1
61,49,-300000.1498398867,458256.81674936396,-999999.0,0.1886338202469807,6,gp-1
62,47,-180000.2567970693,384186.86541013006,-999999.0,0.16572860365269543,6,gp-1
63,48,-280000.1189773497,448998.18860815116,-999999.0,0.16572860365269543,6,gp-1
64,47,-240000.245722064,427082.4300460988,-999999.0,0.12099963012340927,6,gp-1
65,43,-280000.107420767,448998.195814891,-999999.0,0.012917226392254622,6,gp-1
66,46,-300000.10508115235,458256.8460503414,-999999.0,0.05905350229184326,6,gp-1
67,45,-259999.945284727,438633.6836728388,-999999.0,0.05207678367611434,6,gp-1
68,48,-260000.16767759356,438633.55184982595,-999999.0,0.030953053271972935,6,gp-1
69,44,-259999.9259655771,438633.6951242336,-999999.0,0.030953053271972935,6,gp-1
70,46,-320000.0637280539,466475.4218764269,-999999.0,0.059065780013053175,6,gp-1
71,44,-280000.0431556241,448998.2358912524,-999999.0,0.059065780013053175,6,gp-1
72,48,-340000.06550242903,473708.0065389369,-999999.0,0.030953053271972935,6,gp-1
73,46,-240000.18772260717,427082.4626389881,-999999.0,0.030953053271972935,6,gp-1
74,46,-379999.9049465786,485385.73551481444,-999999.0,0.0664668424967329,6,gp-1
75,45,-319999.88639380643,466475.5435266414,-999999.0,0.01822638001362546,6,gp-1
76,45,-220000.04647207438,414245.7477787444,-999999.0,0.044420043836288337,6,gp-1
77,45,-279999.94301727874,448998.2983384533,-999999.0,0.18125854380363754,6,gp-1
78,42,-200000.03656875793,399999.4817158425,-999999.0,0.16290378161294589,6,gp-1
79,47,-359999.87426800834,479999.3442991614,-999999.0,0.14124792428455119,6,gp-1
80,47,-220000.11883685258,414245.70934692764,-999999.0,0.16638726596392056,6,gp-1
81,45,-220000.04643401367,414245.7477989576,-999999.0,0.031019763142579267,6,gp-1
82,42,-319999.94568880333,466475.5028506308,-999999.0,0.03704929738935857,6,gp-1
83,43,-140000.20181137518,346986.5465594617,-999999.0,0.037049299184931626,6,gp-1
84,48,-220000.1614547253,414245.6867132641,-999999.0,0.09394284435984003,6,gp-1
85,44,-260000.0395858956,438633.62777600705,-999999.0,0.09394284435984003,6,gp-1
86,47,-399999.84150830825,489897.2614681306,-999999.0,0.037049299184931626,6,gp-1
87,50,-280000.11718241585,448998.18972762435,-999999.0,0.08525425850710514,6,gp-1
88,44,-200000.139637113,399999.4301817995,-999999.0,0.06394659571696164,6,gp-1
89,45,-200000.1571701943,399999.4214151648,-999999.0,0.07026089968847428,6,gp-1
90,46,-240000.09530464502,427082.5145734601,-999999.0,0.1887901821041966,6,gp-1
91,44,-259999.92910294537,438633.6932646291,-999999.0,0.11698904782812078,6,gp-1
92,44,-160000.17053718306,366605.54473267606,-999999.0,0.08469912750260364,6,gp-1
93,43,-200000.13094919812,399999.43452631566,-999999.0,0.08181770169559818,6,gp-1
94,48,-260000.00332285708,438633.6492708958,-999999.0,0.20942618487327697,6,gp-1
95,44,-220000.0459926059,414245.74803350715,-999999.0,0.2772617128014948,6,gp-1
96,49,-220000.00147904013,414245.7716738829,-999999.0,0.2764183189108841,6,gp-1
97,47,-219999.93407718933,414245.8074699627,-999999.0,0.2880362958391968,6,gp-1
98,46,-299999.83250245487,458257.0244949519,-999999.0,0.2549224564242017,6,gp-1
99,44,-120000.01777694814,324961.1603466522,-999999.0,0.2549224564242017,6,gp-1
100,46,-219999.9814112623,414245.7823315666,-999999.0,0.17358178203027216,6,gp-1
