gen,nevals,avg,stddev,min,max,run,representation
0,50,-939999.1206,237486.36439220645,-999999.0,-1.0099999999999998,9,gp-2
1,43,-679999.6232666665,466475.2430281563,-999999.0,-0.013333333331737479,9,gp-2
2,48,-380000.14653333346,485385.54638097296,-999999.0,-0.013333333321310327,9,gp-2
3,50,-120000.54953333392,324960.96398258535,-999999.0,-0.013333333321310327,9,gp-2
4,48,-140000.33013332888,346986.4947849824,-999999.0,-0.013333106308584518,9,gp-2
5,46,-140000.31018270875,346986.50283452624,-999999.0,-0.012469214598714027,9,gp-2
6,46,-180000.30931604214,384186.84080379293,-999999.0,-0.012469214598714027,9,gp-2
7,47,-200000.07016937752,399999.46491557994,-999999.0,-0.012469214598714027,9,gp-2
8,48,-320000.04825330613,466475.4324920123,-999999.0,-0.013332896328271568,9,gp-2
9,47,-160000.13026659781,366605.56230793527,-999999.0,-0.013331216597665153,9,gp-2
10,50,-180000.19001576983,384186.89669851406,-999999.0,-0.012456588116455723,9,gp-2
11,48,-180000.2294531854,384186.87822124944,-999999.0,0.0031054253615717627,9,gp-2
12,48,-140000.23009045335,346986.5351496047,-999999.0,0.0031054253615717627,9,gp-2
13,45,-220000.00599574408,414245.76927509846,-999999.0,0.1769636004198405,9,gp-2
14,46,-200000.18803764175,399999.4059814291,-999999.0,0.06364741122882824,9,gp-2
15,47,-200000.08844387956,399999.4557782878,-999999.0,0.0522087134034528,9,gp-2
16,48,-160000.1671927763,366605.5461920486,-999999.0,0.08256505126842707,9,gp-2
17,49,-160000.20488463898,366605.5297419851,-999999.0,0.08256505126842707,9,gp-2
18,46,-140000.18719787494,346986.552455605,-999999.0,0.053154649514277105,9,gp-2
19,48,-200000.08656521837,399999.4567176206,-999999.0,0.13846460349437625,9,gp-2
20,47,-200000.0263180195,399999.48684119113,-999999.0,0.0625063504685048,9,gp-2
21,46,-80000.16628649371,271292.85540621687,-999999.0,0.07081170099049258,9,gp-2
22,42,-200000.0178064613,399999.49109697633,-999999.0,0.07081170099049258,9,gp-2
23,47,-120000.15224307029,324961.11069179914,-999999.0,0.16687029711927406,9,gp-2
24,44,-120000.11392298932,324961.1248423967,-999999.0,0.10313990978919967,9,gp-2
25,46,-140000.0066099428,346986.6253179235,-999999.0,0.16687029711927406,9,gp-2
26,46,-180000.00538517736,384186.9832018292,-999999.0,0.16687029711927406,9,gp-2
27,45,-120000.08178227775,324961.13671113615,-999999.0,0.16687029711927406,9,gp-2
28,45,-199999.95407173366,399999.5229643313,-999999.0,0.1675410999096071,9,gp-2
29,44,-120000.17673616445,324961.1016472291,-999999.0,0.19489777359355973,9,gp-2
30,45,-159999.9392418382,366605.6456778786,-999999.0,0.17895739369572988,9,gp-2
31,46,-80000.10698069564,271292.87289452256,-999999.0,0.16687029711927406,9,gp-2
32,48,-139999.94831624723,346986.6488378081,-999999.0,0.20778334874516036,9,gp-2
33,44,-199999.89439489614,399999.5528026961,-999999.0,0.20778334874516036,9,gp-2
34,43,-139999.93389276206,346986.65465730656,-999999.0,0.16687029711927406,9,gp-2
35,48,-80000.13343553271,271292.86509343487,-999999.0,0.16687029711927406,9,gp-2
36,49,-80000.1979510669,271292.8460688884,-999999.0,0.16687029711927406,9,gp-2
37,48,-180000.0120982107,384186.98005662655,-999999.0,0.16694488167740737,9,gp-2
38,45,-100000.0149954705,299999.66166835936,-999999.0,0.16694488167740737,9,gp-2
39,47,-80000.20168556272,271292.8449676405,-999999.0,0.16687029711927406,9,gp-2
40,47,-139999.94933539943,346986.6484266073,-999999.0,0.18207330714652487,9,gp-2
41,49,-180000.0866431742,384186.94513079955,-999999.0,0.09896257741517536,9,gp-2
42,46,-140000.16109345527,346986.5629880408,-999999.0,0.12914780707779683,9,gp-2
43,47,-100000.10197347816,299999.6326757739,-999999.0,0.15563361481981677,9,gp-2
44,43,-80000.09359488514,271292.8768417537,-999999.0,0.15563361481981677,9,gp-2
45,42,-120000.07749284983,324961.13829511736,-999999.0,0.15563361481981677,9,gp-2
46,45,-139999.97299944397,346986.63887885184,-999999.0,0.21232059591837987,9,gp-2
47,44,-139999.99366082952,346986.6305425561,-999999.0,0.21232059591837987,9,gp-2
48,45,-100000.05451976255,299999.6484936446,-999999.0,0.1948482150893997,9,gp-2
49,45,-120000.08484632417,324961.1355796614,-999999.0,0.21232059591837987,9,gp-2
50,48,-139999.99290686744,346986.6308467606,-999999.0,0.217134477679961,9,gp-2
51,40,-99999.93366217881,299999.68877942115,-999999.0,0.21422870779379058,9,gp-2
52,44,-80000.02220594279,271292.89789322356,-999999.0,0.22692609115424653,9,gp-2
53,46,-79999.9951789729,271292.90586301783,-999999.0,0.2797159750837732,9,gp-2
54,46,-119999.92993691323,324961.19278368517,-999999.0,0.44070802552314237,9,gp-2
55,47,-139999.91474363246,346986.66238352074,-999999.0,0.44070802552314237,9,gp-2
56,45,-199999.81294731292,399999.59352647036,-999999.0,0.44070802552314237,9,gp-2
57,47,-59999.972928526884,237486.59593496987,-999999.0,0.44070802552314237,9,gp-2
58,44,-119999.92661953652,324961.1940087504,-999999.0,0.44070802552314237,9,gp-2
59,48,-119999.88935220815,324961.2077705631,-999999.0,0.3511330816822967,9,gp-2
60,46,-59999.97652772675,237486.5950256967,-999999.0,0.34184987971595926,9,gp-2
61,46,-99999.85429347421,299999.7152356475,-999999.0,0.34184987971595926,9,gp-2
62,47,-139999.86898816505,346986.68084461126,-999999.0,0.34184987971595926,9,gp-2
63,49,-99999.96101679152,299999.6796613824,-999999.0,0.42568877372969116,9,gp-2
64,49,-179999.80588073857,384187.07667382935,-999999.0,0.4361572597207503,9,gp-2
65,47,-119999.9679710507,324961.1787387489,-999999.0,0.4361575601997457,9,gp-2
66,49,-119999.99927436745,324961.1671792689,-999999.0,0.4890280284415298,9,gp-2
67,45,-119999.99591583853,324961.168419477,-999999.0,0.4890280284415298,9,gp-2
68,46,-60000.05641362623,237486.57484304564,-999999.0,0.4890280284415298,9,gp-2
69,45,-79999.96875699054,271292.91365446657,-999999.0,0.4890280284415298,9,gp-2
70,42,-60000.03052999039,237486.58138233336,-999999.0,0.39875234749631566,9,gp-2
71,46,-0.08987412486416063,0.4442538472098272,-1.0150002032754435,0.39875234749631566,9,gp-2
72,43,-139999.83493349125,346986.6945847421,-999999.0,0.4774055220493101,9,gp-2
73,45,-59999.98886185438,237486.59190953505,-999999.0,0.477396484109561,9,gp-2
74,46,-79999.9135302753,271292.92993987224,-999999.0,0.4174773497332105,9,gp-2
75,48,-119999.87740726346,324961.2121814895,-999999.0,0.3708400499873892,9,gp-2
76,48,-139999.86038168773,346986.6843170936,-999999.0,0.29103573532832666,9,gp-2
77,46,-119999.93019956358,324961.19268672727,-999999.0,0.2693000014291025,9,gp-2
78,48,-179999.97805178748,384186.9960081616,-999999.0,0.27151634902047256,9,gp-2
79,46,-100000.0072976916,299999.6642344126,-999999.0,0.2697907942756531,9,gp-2
80,45,-40000.0912264143,195958.95667761166,-999999.0,0.3090942246903325,9,gp-2
81,46,-40000.000157162074,195958.9752668484,-999999.0,0.4164480127131207,9,gp-2
82,44,-79999.93784980213,271292.9227684145,-999999.0,0.40432235301797625,9,gp-2
83,50,-59999.99028177781,237486.59155073477,-999999.0,0.40198071103532923,9,gp-2
84,46,-59999.96022093892,237486.59914558442,-999999.0,0.4500000273860739,9,gp-2
85,44,-59999.88651811454,237486.61776607746,-999999.0,0.4673197956298493,9,gp-2
86,45,-119999.84162021504,324961.2253967507,-999999.0,0.3785734467823308,9,gp-2
87,47,-219999.81054416767,414245.87307648035,-999999.0,0.36348141422184965,9,gp-2
88,44,-79999.86085005706,271292.94547442126,-999999.0,0.39252049470050177,9,gp-2
89,48,-79999.87562460697,271292.94111756637,-999999.0,0.41964527474928925,9,gp-2
90,44,-79999.79807421128,271292.96398590255,-999999.0,0.4217694882200156,9,gp-2
91,47,-79999.86181795609,271292.9451889799,-999999.0,0.41964527474928925,9,gp-2
92,48,-79999.83601822302,271292.9527968072,-999999.0,0.39998384558045225,9,gp-2
93,43,-139999.72221882365,346986.74006200186,-999999.0,0.414268838361281,9,gp-2
94,45,-99999.9714788044,299999.67617407977,-999999.0,0.414268838361281,9,gp-2
95,48,-60000.00592764973,237486.5875980238,-999999.0,0.39998384558045225,9,gp-2
96,47,-59999.95177639541,237486.6012789716,-999999.0,0.39998384558045225,9,gp-2
97,40,-139999.83525846325,346986.6944536246,-999999.0,0.40260531325390253,9,gp-2
98,45,-99999.91376360452,299999.6954123812,-999999.0,0.38716192651764825,9,gp-2
99,48,-59999.919805091435,237486.60935634523,-999999.0,0.3732804761713039,9,gp-2
100,46,-79999.88887273853,271292.9372109396,-999999.0,0.44444576705971084,9,gp-2
