gen,nevals,avg,stddev,min,max,run,representation
0,50,-999999.0,0.0,-999999.0,-999999.0,5,gp-1
1,46,-979999.0401999999,139999.7186,-999999.0,-1.0099999999999998,5,gp-1
2,49,-919999.1608,271292.6540256801,-999999.0,-1.0099999999999998,5,gp-1
3,48,-879999.2412,324960.88301275065,-999999.0,-1.0099999999999998,5,gp-1
4,46,-679999.6232666667,466475.2430281562,-999999.0,-0.013333333331737479,5,gp-1
5,47,-619999.7039999999,485385.5447382615,-999999.0,-0.013333333331047132,5,gp-1
6,45,-360000.2066666622,479999.0950000759,-999999.0,-0.013333106378293956,5,gp-1
7,43,-300000.32726666215,458256.7005956684,-999999.0,-0.013333106378293956,5,gp-1
8,46,-320000.18750000064,466475.33696948516,-999999.0,-0.013333097888087687,5,gp-1
9,38,-280000.04863334005,448998.2324752893,-999999.0,-0.013333093879751783,5,gp-1
10,47,-399999.986733323,489897.1428923924,-999999.0,-0.013333093879751783,5,gp-1
11,45,-200000.12959997592,399999.43520025053,-999999.0,-0.013332912636076057,5,gp-1
12,42,-239999.9496159856,427082.5964432972,-999999.0,-0.012468327025753867,5,gp-1
13,48,-359999.806512238,479999.3951159467,-999999.0,0.0323030179095806,5,gp-1
14,47,-399999.66277150897,489897.40740602073,-999999.0,0.13210535883420577,5,gp-1
15,47,-239999.90637003013,427082.6207454003,-999999.0,0.06558132727712171,5,gp-1
16,48,-279999.90443535056,448998.3223984901,-999999.0,0.09460979497347886,5,gp-1
17,44,-200000.02383874872,399999.4880808283,-999999.0,0.09383504740946431,5,gp-1
18,48,-379999.70204071986,485385.89436594263,-999999.0,0.06548262188300207,5,gp-1
19,49,-260000.12474956733,438633.577295374,-999999.0,0.07931457181714194,5,gp-1
20,47,-260000.02301463502,438633.6375985937,-999999.0,0.06548262188300207,5,gp-1
21,48,-279999.9854544081,448998.27187426575,-999999.0,0.0871990884218176,5,gp-1
22,45,-359999.7465279148,479999.44010419416,-999999.0,0.018811703845788397,5,gp-1
23,44,-140000.18975275374,346986.55142483686,-999999.0,0.0031185773893648507,5,gp-1
24,48,-279999.96838521987,448998.28251876554,-999999.0,0.003109505388843532,5,gp-1
25,48,-279999.9886128408,448998.2699046342,-999999.0,9.682596239824125e-05,5,gp-1
26,45,-299999.92837076954,458256.96173445927,-999999.0,9.682596239824125e-05,5,gp-1
27,46,-200000.00930768202,399999.49534634565,-999999.0,0.003109505388843532,5,gp-1
28,41,-259999.90871582885,438633.7053489895,-999999.0,0.003109505388843532,5,gp-1
29,45,-140000.0493765313,346986.6080627501,-999999.0,0.02528892313325728,5,gp-1
30,47,-299999.84358099336,458257.01724231435,-999999.0,0.12800054444344192,5,gp-1
31,46,-159999.9589164179,366605.6370911778,-999999.0,0.1437696125340968,5,gp-1
32,42,-179999.92802040902,384187.01944880094,-999999.0,0.2063328214470008,5,gp-1
33,47,-319999.8075528957,466475.5976110391,-999999.0,0.2063328214470008,5,gp-1
34,45,-299999.7120796219,458257.1033300964,-999999.0,0.2063328214470008,5,gp-1
35,48,-359999.76391842135,479999.4270613549,-999999.0,0.24590010254701514,5,gp-1
36,46,-159999.95474472764,366605.63891188666,-999999.0,0.23679928001166087,5,gp-1
37,42,-239999.8208350376,427082.6688119059,-999999.0,0.23679928001166087,5,gp-1
38,47,-239999.74555459476,427082.7111157977,-999999.0,0.23679928001166087,5,gp-1
39,46,-199999.8663023049,399999.56684900634,-999999.0,0.23679928001166087,5,gp-1
40,43,-239999.75837701213,427082.7039102193,-999999.0,0.253294389054515,5,gp-1
41,46,-219999.85229168012,414245.85090494936,-999999.0,0.2517601857938278,5,gp-1
42,49,-199999.84420475113,399999.57789773203,-999999.0,0.2614195413835901,5,gp-1
43,47,-239999.83794927027,427082.6591945564,-999999.0,0.21734371068346603,5,gp-1
44,46,-279999.7539243531,448998.41625853366,-999999.0,0.21311550409250796,5,gp-1
45,49,-219999.80806193166,414245.8743946949,-999999.0,0.30794393072785997,5,gp-1
46,41,-99999.87815566908,299999.70728157315,-999999.0,0.36121353238368936,5,gp-1
47,45,-139999.94642902317,346986.6495993617,-999999.0,0.32264297659195723,5,gp-1
48,42,-279999.69252573675,448998.4545472862,-999999.0,0.30794393072785997,5,gp-1
49,46,-120000.01268944665,324961.1622254816,-999999.0,0.30794393072785997,5,gp-1
50,42,-139999.8725993232,346986.6793875651,-999999.0,0.2583943366437131,5,gp-1
51,45,-120000.06184275828,324961.14407435246,-999999.0,0.2583943366437131,5,gp-1
52,47,-219999.97545495626,414245.7854949079,-999999.0,0.25335864557989335,5,gp-1
53,47,-239999.8311566814,427082.66301166755,-999999.0,0.29356429022606156,5,gp-1
54,47,-120000.19362169178,324961.09541188995,-999999.0,0.2583943366437131,5,gp-1
55,47,-259999.88852017294,438633.71731998486,-999999.0,0.26271743611530307,5,gp-1
56,48,-199999.91947501714,399999.5402626861,-999999.0,0.3572189224239947,5,gp-1
57,47,-299999.91290802526,458256.9718571987,-999999.0,0.2506888051356151,5,gp-1
58,47,-260000.06504287687,438633.61268643313,-999999.0,0.2506888051356151,5,gp-1
59,48,-219999.9999859521,414245.7724668424,-999999.0,0.23324222467417113,5,gp-1
60,49,-259999.9296980303,438633.6929118767,-999999.0,0.23324222467417113,5,gp-1
61,44,-259999.88836132165,438633.7174141721,-999999.0,0.23324222467417113,5,gp-1
62,47,-180000.11534926266,384186.9316814803,-999999.0,0.2653986124777754,5,gp-1
63,46,-280000.0294841256,448998.2444169721,-999999.0,0.21637579238086363,5,gp-1
64,47,-220000.19062909635,414245.6712191911,-999999.0,0.21637579238086363,5,gp-1
65,45,-140000.2802634739,346986.514906399,-999999.0,0.2892768505891378,5,gp-1
66,48,-260000.1185148903,438633.580991055,-999999.0,0.17422449264835693,5,gp-1
67,46,-320000.09121341433,466475.4030217248,-999999.0,0.1699898691406872,5,gp-1
68,39,-240000.10385532182,427082.5097684142,-999999.0,0.1699898691406872,5,gp-1
69,43,-60000.4203158925,237486.4829048864,-999999.0,0.194370228384629,5,gp-1
70,45,-160000.23675180913,366605.51583412,-999999.0,0.18292646924267475,5,gp-1
71,46,-200000.1655086599,399999.4172459512,-999999.0,0.17286224448422874,5,gp-1
72,50,-240000.24991135846,427082.4276921273,-999999.0,0.16902990424556066,5,gp-1
73,46,-280000.1621709902,448998.16167246737,-999999.0,0.17609140748657684,5,gp-1
74,45,-300000.1035113331,458256.84707818984,-999999.0,0.15974893714698005,5,gp-1
75,49,-240000.27446122002,427082.4138962342,-999999.0,0.18435116238052973,5,gp-1
76,47,-220000.14909269835,414245.69327856915,-999999.0,0.18435116238052973,5,gp-1
77,45,-100000.43736395724,299999.52087931434,-999999.0,0.3089714765863771,5,gp-1
78,49,-240000.22840773757,427082.43977610883,-999999.0,0.28553828825259586,5,gp-1
79,45,-180000.1183772116,384186.9302627642,-999999.0,0.24561873603060258,5,gp-1
80,47,-180000.19980444256,384186.89211244584,-999999.0,0.2763135013204909,5,gp-1
81,45,-120000.33474408159,324961.0432990851,-999999.0,0.2763135013204909,5,gp-1
82,46,-80000.2452787542,271292.83211291826,-999999.0,0.34170326052196315,5,gp-1
83,48,-200000.02385264527,399999.4880739729,-999999.0,0.3414560500786404,5,gp-1
84,48,-120000.16631458221,324961.10549568513,-999999.0,0.32312836126931577,5,gp-1
85,48,-200000.2379583459,399999.3810212065,-999999.0,0.3089714765863771,5,gp-1
86,48,-239999.99062795873,427082.5733966611,-999999.0,0.20446124286715534,5,gp-1
87,46,-239999.94982939342,427082.596323486,-999999.0,0.3089714765863771,5,gp-1
88,47,-160000.19005777032,366605.53621314204,-999999.0,0.33607920735788144,5,gp-1
89,47,-220000.0954802745,414245.72175134777,-999999.0,0.33607920735788144,5,gp-1
90,48,-200000.08238737728,399999.4588066869,-999999.0,0.33607920735788144,5,gp-1
91,45,-260000.02952819093,438633.6337377226,-999999.0,0.3089714765863771,5,gp-1
92,46,-140000.22769690442,346986.5361155075,-999999.0,0.3089714765863771,5,gp-1
93,42,-159999.9131420321,366605.65706885274,-999999.0,0.34170326052196315,5,gp-1
94,45,-220000.03398579676,414245.7544101706,-999999.0,0.34170326052196315,5,gp-1
95,47,-180000.09755718973,384186.94001746515,-999999.0,0.24561873603060258,5,gp-1
96,46,-359999.8485200546,479999.3636102196,-999999.0,0.3089714765863771,5,gp-1
97,46,-260000.12543262076,438633.57689046266,-999999.0,0.36306408960679926,5,gp-1
98,47,-200000.2139418913,399999.3930293568,-999999.0,0.24561873603060258,5,gp-1
99,46,-320000.06142946833,466475.4234532294,-999999.0,0.24561873603060258,5,gp-1
100,47,-399999.89932780067,489897.21425883076,-999999.0,0.33607920735788144,5,gp-1
