gen,nevals,avg,stddev,min,max,run,representation
0,50,-959999.060566667,195958.88270782103,-999999.0,-0.013333333313232998,7,gp-2
1,47,-879999.2212666669,324960.93699249724,-999999.0,-0.013333348129702438,7,gp-2
2,45,-599999.784066667,489896.98827502574,-999999.0,-0.013333348129702438,7,gp-2
3,47,-280000.40733334096,448998.00878638285,-999999.0,-0.013333348129702438,7,gp-2
4,48,-320000.30700001505,466475.25499306887,-999999.0,-0.013333348129702438,7,gp-2
5,47,-300000.32726667414,458256.7005956606,-999999.0,-0.013333333313232998,7,gp-2
6,47,-220000.42832685474,414245.5449813233,-999999.0,-0.011342485363573669,7,gp-2
7,44,-160000.52899352115,366605.3882891621,-999999.0,-0.011342485363573669,7,gp-2
8,46,-120000.64936018304,324960.9271189847,-999999.0,-0.011342485363573669,7,gp-2
9,47,-200000.38879351728,399999.30560343957,-999999.0,-0.011342485363573669,7,gp-2
10,47,-180000.36909352406,384186.81279675127,-999999.0,-0.011342485363573646,7,gp-2
11,48,-260000.2085333288,438633.5276325274,-999999.0,-0.01333310486276999,7,gp-2
12,47,-100000.37056665373,299999.54314482125,-999999.0,-0.01333310486276999,7,gp-2
13,48,-160000.36954911347,366605.4578764995,-999999.0,-0.012455827014355858,7,gp-2
14,47,-220000.189249108,414245.6719520256,-999999.0,-0.012455827014355858,7,gp-2
15,45,-319999.98750671634,466475.4741637846,-999999.0,0.01966351850291754,7,gp-2
16,46,-259999.96913333805,438633.6695366052,-999999.0,-0.01333309640182547,7,gp-2
17,49,-140000.3696712184,346986.4788324939,-999999.0,0.0031050376729888592,7,gp-2
18,47,-220000.22911589607,414245.65077936853,-999999.0,-0.012461590372848034,7,gp-2
19,45,-180000.18903086137,384186.8971599655,-999999.0,0.03003968125478127,7,gp-2
20,45,-220000.0874283928,414245.72602747014,-999999.0,0.03003968125478127,7,gp-2
21,43,-20000.26637529015,139999.81908996723,-999999.0,0.1285655584407883,7,gp-2
22,45,-239999.94520355237,427082.5989228732,-999999.0,0.07603990728218159,7,gp-2
23,46,-180000.06607140639,384186.9547690479,-999999.0,0.06395496711705721,7,gp-2
24,46,-180000.06169228093,384186.95682076644,-999999.0,0.19484493142877374,7,gp-2
25,48,-200000.02830360542,399999.4858483966,-999999.0,0.06377933109401329,7,gp-2
26,43,-100000.10861954812,299999.63046041044,-999999.0,0.06377933109401329,7,gp-2
27,49,-200000.08671108744,399999.4566446856,-999999.0,0.05387059097441103,7,gp-2
28,46,-80000.20108728803,271292.8451440618,-999999.0,0.12679781547240723,7,gp-2
29,48,-160000.13367485596,366605.560820587,-999999.0,0.1285655584407883,7,gp-2
30,47,-120000.01838886835,324961.16012061393,-999999.0,0.12679781547240723,7,gp-2
31,48,-160000.1030274955,366605.57419605233,-999999.0,0.08734607142310888,7,gp-2
32,47,-140000.1416698693,346986.57082492835,-999999.0,0.07439423751471426,7,gp-2
33,43,-120000.18047812369,324961.1002653171,-999999.0,0.12125639544976537,7,gp-2
34,47,-120000.22383339437,324961.08425539825,-999999.0,0.10332948722168794,7,gp-2
35,46,-180000.11798198224,384186.9304478748,-999999.0,0.10332948722168794,7,gp-2
36,46,-80000.30406502973,271292.8147776351,-999999.0,0.07430649475600097,7,gp-2
37,48,-220000.08673043826,414245.72639814514,-999999.0,0.07430649475600097,7,gp-2
38,48,-140000.26922416795,346986.51936020365,-999999.0,0.01139449505276875,7,gp-2
39,41,-140000.18550335628,346986.55313930137,-999999.0,0.15445869358331277,7,gp-2
40,46,-180000.06174870217,384186.95679433143,-999999.0,0.15445869358331277,7,gp-2
41,46,-179999.99387218102,384186.9885958932,-999999.0,0.1769515691449763,7,gp-2
42,48,-220000.08309912996,414245.728326826,-999999.0,0.11871700401998482,7,gp-2
43,49,-180000.16073291618,384186.91041816183,-999999.0,0.11541124139276555,7,gp-2
44,49,-140000.17805612474,346986.5561441283,-999999.0,0.179872425004958,7,gp-2
45,43,-180000.0257866196,384186.9736433343,-999999.0,0.179872425004958,7,gp-2
46,47,-139999.95153678214,346986.64753844077,-999999.0,0.23835897952257473,7,gp-2
47,48,-140000.01041248115,346986.62378373346,-999999.0,0.22310276416155975,7,gp-2
48,44,-139999.99192005573,346986.6312449485,-999999.0,0.35632352372720577,7,gp-2
49,49,-140000.10793263715,346986.5844370749,-999999.0,0.28389163713293014,7,gp-2
50,47,-100000.04226700697,299999.6525779452,-999999.0,0.2698134588339575,7,gp-2
51,46,-140000.1058338546,346986.5852838422,-999999.0,0.2698134588339575,7,gp-2
52,44,-100000.08986834911,299999.6367108665,-999999.0,0.17897136403487277,7,gp-2
53,47,-159999.9949112866,366605.6213818334,-999999.0,0.2468791759822048,7,gp-2
54,43,-139999.9715719456,346986.639454845,-999999.0,0.2468791759822048,7,gp-2
55,46,-119999.99451924197,324961.16893515084,-999999.0,0.3567107855910093,7,gp-2
56,44,-60000.04975566095,237486.5765250857,-999999.0,0.45370878894008304,7,gp-2
57,49,-100000.0319768414,299999.65600830765,-999999.0,0.47064971518037946,7,gp-2
58,46,-40000.1402611036,195958.9466685498,-999999.0,0.47064971518037946,7,gp-2
59,45,-79999.90669039608,271292.9319568484,-999999.0,0.38562435097027103,7,gp-2
60,47,-39999.998996935625,195958.9755036942,-999999.0,0.4755695586220566,7,gp-2
61,45,-119999.85993623103,324961.2186331598,-999999.0,0.5249654473781009,7,gp-2
62,48,-79999.97086571813,271292.91303268075,-999999.0,0.3933511015921745,7,gp-2
63,46,-60000.079968750666,237486.56889210737,-999999.0,0.4755695586220566,7,gp-2
64,46,-99999.9469021859,299999.6843662661,-999999.0,0.4537236766312797,7,gp-2
65,45,-139999.89784780846,346986.6692006361,-999999.0,0.4708204067090144,7,gp-2
66,47,-100000.00890080334,299999.66370014264,-999999.0,0.4708204067090144,7,gp-2
67,46,-179999.8078568632,384187.07574805076,-999999.0,0.4708204067090144,7,gp-2
68,47,-139999.86029887726,346986.68435060984,-999999.0,0.4708204067090144,7,gp-2
69,49,-79999.92719959967,271292.92590915447,-999999.0,0.45639735037708723,7,gp-2
70,44,-80000.11525399216,271292.870455103,-999999.0,0.4537302893370088,7,gp-2
71,48,-60000.01056840652,237486.58642571795,-999999.0,0.5769499304672497,7,gp-2
72,43,-119999.83796365772,324961.22674704576,-999999.0,0.5769499304672497,7,gp-2
73,45,-219999.72056079138,414245.9208652559,-999999.0,0.5769499304672497,7,gp-2
74,45,-139999.85292399646,346986.6873261468,-999999.0,0.5769499304672497,7,gp-2
75,48,-159999.80849395308,366605.70274101273,-999999.0,0.5770125261805596,7,gp-2
76,47,-80000.00304168671,271292.9035444877,-999999.0,0.48455600612333855,7,gp-2
77,43,-159999.9384438174,366605.6460262782,-999999.0,0.48455600612333855,7,gp-2
78,44,-119999.92163841534,324961.1958482006,-999999.0,0.39548465743210864,7,gp-2
79,45,-159999.8023433701,366605.7054253078,-999999.0,0.39548465743210864,7,gp-2
80,42,-99999.81146851594,299999.7295107101,-999999.0,0.4812285312276294,7,gp-2
81,43,-60000.008034257386,237486.58706600295,-999999.0,0.5253554838338682,7,gp-2
82,47,-119999.81208254694,324961.236304333,-999999.0,0.5769484828865759,7,gp-2
83,45,-159999.82393642512,366605.69600135996,-999999.0,0.4827829054612541,7,gp-2
84,46,-39999.8843792886,195958.99889980032,-999999.0,0.4827829054612541,7,gp-2
85,46,-139999.8665283526,346986.68183713255,-999999.0,0.5408589165583828,7,gp-2
86,47,-99999.91419592826,299999.69526828086,-999999.0,0.42089683304111114,7,gp-2
87,47,-139999.87909773205,346986.6767658821,-999999.0,0.42089683304111114,7,gp-2
88,43,-159999.7640687936,366605.7221296442,-999999.0,0.42813615678813405,7,gp-2
89,44,-139999.81095251007,346986.7042604491,-999999.0,0.4537302893370088,7,gp-2
90,45,-159999.97592260002,366605.62966960255,-999999.0,0.441040541610513,7,gp-2
91,46,-60000.0484785528,237486.5768478363,-999999.0,0.441040541610513,7,gp-2
92,43,-120000.07801350538,324961.1381032658,-999999.0,0.4612539881226666,7,gp-2
93,48,-79999.97297756915,271292.9124100577,-999999.0,0.4512787561056499,7,gp-2
94,47,-119999.87900986137,324961.21158982033,-999999.0,0.4512787561056499,7,gp-2
95,46,-79999.98597555354,271292.90857709834,-999999.0,0.39548465743210864,7,gp-2
96,45,-60000.054187480586,237486.57540540243,-999999.0,0.39548465743210864,7,gp-2
97,44,-20000.00664152223,139999.85619467718,-999999.0,0.3976939224275637,7,gp-2
98,44,-39999.935763611975,195958.98841097933,-999999.0,0.3976939224275637,7,gp-2
99,46,-79999.87424578163,271292.9415241053,-999999.0,0.3976939224275637,7,gp-2
100,45,-99999.90715622691,299999.6976148548,-999999.0,0.4168728496197722,7,gp-2
