gen,nevals,avg,stddev,min,max,run,representation
0,50,-959999.0803999999,195958.78554470363,-999999.0,-1.0099999999999998,10,gp-2
1,46,-799999.3820666666,399999.23586668907,-999999.0,-0.013333333331737479,10,gp-2
2,46,-360000.2066666667,479999.09500007244,-999999.0,-0.013333333331737479,10,gp-2
3,46,-360000.22670000064,479999.07997505576,-999999.0,-0.013333333331737479,10,gp-2
4,49,-260000.38783333395,438633.4213525333,-999999.0,-0.013333333331737479,10,gp-2
5,43,-380000.1066666667,485385.57759186835,-999999.0,-0.013333333331737479,10,gp-2
6,47,-260000.2282666621,438633.51593560807,-999999.0,-0.013333106308584518,10,gp-2
7,47,-180000.30943333305,384186.8407488396,-999999.0,-0.01333330861256599,10,gp-2
8,45,-200000.24930000328,399999.3753502443,-999999.0,-0.01333310637829396,10,gp-2
9,48,-240000.10920001124,427082.5067648756,-999999.0,-0.01333310637829396,10,gp-2
10,46,-279999.90898284526,448998.3195626261,-999999.0,-0.012475425224810837,10,gp-2
11,44,-200000.05004948113,399999.4749754685,-999999.0,-0.012475425224810837,10,gp-2
12,43,-160000.1903188555,366605.53609905794,-999999.0,-0.012468327025753867,10,gp-2
13,47,-239999.9694872439,427082.5852766257,-999999.0,-0.01103829651153468,10,gp-2
14,48,-200000.04992070573,399999.4750398559,-999999.0,-0.011035950596836885,10,gp-2
15,47,-220000.12955331604,414245.7036556104,-999999.0,-0.01333309589388983,10,gp-2
16,45,-240000.069433332,427082.52911181294,-999999.0,-0.01333310637829396,10,gp-2
17,46,-279999.9089999953,448998.3195519311,-999999.0,-0.01333310637829396,10,gp-2
18,48,-319999.8686595242,466475.555692248,-999999.0,-0.00884002948903411,10,gp-2
19,48,-260000.18876651538,438633.539349291,-999999.0,-0.013333095962523535,10,gp-2
20,44,-280000.0687828194,448998.2199099279,-999999.0,-0.013333095962523535,10,gp-2
21,44,-180000.16910345823,384186.9064963738,-999999.0,0.007951422155047088,10,gp-2
22,47,-339999.84790765046,473708.16271550406,-999999.0,0.007951422155047088,10,gp-2
23,48,-220000.06861325577,414245.7360198999,-999999.0,0.02994843447428371,10,gp-2
24,44,-160000.1296198586,366605.5625901966,-999999.0,0.025114952180119905,10,gp-2
25,47,-200000.0495436459,399999.4752283861,-999999.0,0.0060765354154195105,10,gp-2
26,49,-319999.8454416945,466475.5716195387,-999999.0,0.10562527668002622,10,gp-2
27,47,-160000.0896139662,366605.5800501795,-999999.0,0.007880010917208111,10,gp-2
28,44,-199999.9695761853,399999.51521206734,-999999.0,0.007880010917208111,10,gp-2
29,45,-180000.06940656505,384186.9532064533,-999999.0,0.021936287918484912,10,gp-2
30,47,-179999.96706402156,384187.0011560442,-999999.0,0.02994843447428371,10,gp-2
31,46,-299999.8648899366,458257.00329234806,-999999.0,0.02994843447428371,10,gp-2
32,44,-120000.12230427202,324961.1217474568,-999999.0,0.07081967416563321,10,gp-2
33,45,-180000.0024506633,384186.9845766832,-999999.0,0.07081967416563321,10,gp-2
34,45,-120000.04723330736,324961.14946915,-999999.0,0.3428745628549177,10,gp-2
35,47,-60000.024926847946,237486.58279778453,-999999.0,0.3428745628549177,10,gp-2
36,46,-79999.92731523738,271292.9258748063,-999999.0,0.44451236627473545,10,gp-2
37,49,-80000.01886720238,271292.8988778461,-999999.0,0.40066461437783574,10,gp-2
38,49,-59999.95568504291,237486.6002914233,-999999.0,0.5546216839809064,10,gp-2
39,48,-59999.982433748424,237486.59353351739,-999999.0,0.5492008801567553,10,gp-2
40,44,-159999.91427619185,366605.6565739258,-999999.0,0.4168766859673886,10,gp-2
41,46,-59999.87706198092,237486.62015507362,-999999.0,0.6383056532642835,10,gp-2
42,42,-59999.964633572046,237486.5980309188,-999999.0,0.6383056532642835,10,gp-2
43,45,-159999.78604298402,366605.71253930713,-999999.0,0.4771010164112552,10,gp-2
44,43,-99999.8231696143,299999.7256102894,-999999.0,0.4771010164112552,10,gp-2
45,48,-79999.80041290013,271292.96329626633,-999999.0,0.5158147475293564,10,gp-2
46,47,-159999.7612655815,366605.72335306526,-999999.0,0.5158147475293564,10,gp-2
47,42,-99999.83175133998,299999.7227498952,-999999.0,0.5158147475293564,10,gp-2
48,47,-39999.898309402444,195958.99605641485,-999999.0,0.6383595731421018,10,gp-2
49,47,-59999.86190379934,237486.62398485135,-999999.0,0.5025460855162905,10,gp-2
50,46,-159999.78583972293,366605.7126281608,-999999.0,0.5025460855162905,10,gp-2
51,45,-119999.84838702572,324961.2228979896,-999999.0,0.5025460855162905,10,gp-2
52,47,-159999.76162778033,366605.7231949532,-999999.0,0.5547144243968583,10,gp-2
53,47,-119999.88262440277,324961.2102550954,-999999.0,0.5940737714217891,10,gp-2
54,50,-99999.92927917207,299999.6902405822,-999999.0,0.6033307608854874,10,gp-2
55,47,-119999.75712132305,324961.256599954,-999999.0,0.6033307608854874,10,gp-2
56,45,-159999.78227075425,366605.71418569953,-999999.0,0.6033307608854874,10,gp-2
57,46,-59999.81512339903,237486.63580362918,-999999.0,0.6366221169727431,10,gp-2
58,45,-99999.79359495289,299999.7354684775,-999999.0,0.6366221169727431,10,gp-2
59,46,-139999.817106295,346986.7017775126,-999999.0,0.4944020715755488,10,gp-2
60,48,-59999.89891483739,237486.61463398873,-999999.0,0.6383595731421018,10,gp-2
61,45,-179999.77803554956,384187.0897198807,-999999.0,0.6383595731421018,10,gp-2
62,45,-159999.811684509,366605.70134841744,-999999.0,0.5158147475293564,10,gp-2
63,48,-159999.8860033163,366605.6689131529,-999999.0,0.5158147475293564,10,gp-2
64,49,-79999.93621805421,271292.923249595,-999999.0,0.48281840869523396,10,gp-2
65,42,-59999.93545962585,237486.6054012324,-999999.0,0.36164104699608135,10,gp-2
66,47,-99999.88814713345,299999.7039510843,-999999.0,0.3628356870748537,10,gp-2
67,43,-119999.95748959071,324961.182609202,-999999.0,0.2946482813027716,10,gp-2
68,48,-139999.95728174114,346986.6452205356,-999999.0,0.36070604896133546,10,gp-2
69,48,-159999.97570657334,366605.62976340624,-999999.0,0.26208922457820366,10,gp-2
70,45,-80000.03254474742,271292.8948444235,-999999.0,0.26208922457820366,10,gp-2
71,46,-60000.02567526646,237486.58260875312,-999999.0,0.45985886759871136,10,gp-2
72,48,-259999.8210519298,438633.75731170864,-999999.0,0.45985886759871136,10,gp-2
73,47,-119999.82540818954,324961.2313834093,-999999.0,0.4723130839615551,10,gp-2
74,43,-139999.81987852542,346986.7006589922,-999999.0,0.417773530110859,10,gp-2
75,44,-39999.948686622825,195958.98577307948,-999999.0,0.523531653553326,10,gp-2
76,45,-79999.98524441502,271292.90879291226,-999999.0,0.523531653553326,10,gp-2
77,47,-79999.89779794314,271292.934579099,-999999.0,0.4788409270693513,10,gp-2
78,47,-99999.95990137557,299999.68003315467,-999999.0,0.5464742416427729,10,gp-2
79,44,-60000.03384362357,237486.58054522568,-999999.0,0.5464742416427729,10,gp-2
80,47,-60000.10010442799,237486.5638052116,-999999.0,0.4486906345200315,10,gp-2
81,43,-99999.99519946531,299999.66826740355,-999999.0,0.44289990856581934,10,gp-2
82,48,-179999.9491637185,384187.00954287325,-999999.0,0.47640643538829197,10,gp-2
83,47,-120000.02341142375,324961.15826611506,-999999.0,0.5759294720029037,10,gp-2
84,49,-120000.02771785657,324961.1566761598,-999999.0,0.4753305458476837,10,gp-2
85,42,-99999.9995398854,299999.6668204819,-999999.0,0.4753305458476837,10,gp-2
86,48,-200000.00669549845,399999.49665266066,-999999.0,0.4753305458476837,10,gp-2
87,48,-120000.0426491753,324961.1511620882,-999999.0,0.4753305458476837,10,gp-2
88,46,-119999.9410019997,324961.18869782507,-999999.0,0.4753305458476837,10,gp-2
89,44,-79999.98977642928,271292.9074565165,-999999.0,0.4753305458476837,10,gp-2
90,47,-120000.0083813835,324961.16381645505,-999999.0,0.5275270567895876,10,gp-2
91,43,-79999.90897699179,271292.9312827289,-999999.0,0.5275270567895876,10,gp-2
92,45,-59999.91344113809,237486.61096446132,-999999.0,0.5275270567895876,10,gp-2
93,44,-99999.84562548269,299999.71812514396,-999999.0,0.5298060193741714,10,gp-2
94,47,-99999.85008576779,299999.7166384246,-999999.0,0.5675388179209767,10,gp-2
95,47,-59999.94411232626,237486.60321586556,-999999.0,0.5521727799864486,10,gp-2
96,47,-159999.9389473458,366605.64580669685,-999999.0,0.5174129614916743,10,gp-2
97,47,-139999.98739066743,346986.6330727219,-999999.0,0.48740804310037256,10,gp-2
98,43,-119999.96041563147,324961.181528929,-999999.0,0.45344732374884905,10,gp-2
99,49,-219999.74715923454,414245.90673926397,-999999.0,0.44728631831901083,10,gp-2
100,42,-20000.07299063293,139999.8467170821,-999999.0,0.44728631831901083,10,gp-2
