gen,nevals,avg,stddev,min,max,run,representation
0,50,-959999.0604666665,195958.88319772083,-999999.0,-0.013333325402053975,2,gp-2
1,42,-859999.2215999983,346986.4822271017,-999999.0,-0.013332959657575822,2,gp-2
2,43,-579999.8043333257,493557.56196645554,-999999.0,-0.013332959657575822,2,gp-2
3,45,-180000.4887333117,384186.7567428922,-999999.0,-0.013332959657575822,2,gp-2
4,48,-260000.24839997332,438633.50400160113,-999999.0,-0.013332959657575822,2,gp-2
5,42,-140000.3899332775,346986.4706572882,-999999.0,-0.013332959657575822,2,gp-2
6,46,-280000.1483999757,448998.1702598581,-999999.0,-0.013332959657575822,2,gp-2
7,45,-260000.2483999882,438633.5040015924,-999999.0,-0.013332959657575822,2,gp-2
8,46,-280000.1881666417,448998.1454609749,-999999.0,-0.013332959657575822,2,gp-2
9,46,-200000.26929316355,399999.36535366124,-999999.0,-0.011326730042229425,2,gp-2
10,47,-180000.24959317475,384186.86878523516,-999999.0,-0.011326730042229425,2,gp-2
11,48,-260000.06879997678,438633.61045933753,-999999.0,-0.013332988769865764,2,gp-2
12,46,-220000.12932043767,414245.70377923996,-999999.0,-0.011022698894957047,2,gp-2
13,46,-140000.2693497466,346986.5193095355,-999999.0,0.023344558759298476,2,gp-2
14,43,-180000.04946255108,384186.96255063615,-999999.0,0.023344558759298476,2,gp-2
15,44,-279999.96893625,448998.2821751374,-999999.0,-0.010147325056632543,2,gp-2
16,46,-180000.28775233563,384186.85090685537,-999999.0,0.02552382789274575,2,gp-2
17,43,-200000.12414411042,399999.43792818947,-999999.0,0.048374136206874266,2,gp-2
18,47,-200000.20524210908,399999.39737919986,-999999.0,0.04160482856577261,2,gp-2
19,48,-160000.30694129493,366605.4852008118,-999999.0,0.06350597149924338,2,gp-2
20,43,-100000.36403235629,299999.54532300046,-999999.0,0.06350597149924338,2,gp-2
21,47,-220000.16128329214,414245.68680426205,-999999.0,0.06350597149924338,2,gp-2
22,47,-140000.1833849639,346986.5539940183,-999999.0,0.06350597149924338,2,gp-2
23,47,-200000.2045174354,399999.39774153824,-999999.0,0.06350597149924338,2,gp-2
24,46,-180000.1256418382,384186.9268590609,-999999.0,0.06350597149924338,2,gp-2
25,44,-120000.30768924169,324961.0532895241,-999999.0,0.04160482856577261,2,gp-2
26,47,-120000.32216080267,324961.04794593074,-999999.0,0.22482234176636842,2,gp-2
27,48,-160000.2410329824,366605.5139657875,-999999.0,0.21566203091208663,2,gp-2
28,44,-140000.2588157934,346986.5235597225,-999999.0,0.21566203091208663,2,gp-2
29,46,-80000.46093393778,271292.7685198953,-999999.0,0.10975042094812773,2,gp-2
30,48,-180000.11477936365,384186.93194873544,-999999.0,0.2225026866826939,2,gp-2
31,48,-160000.16200658443,366605.54845558334,-999999.0,0.29078760057919667,2,gp-2
32,47,-140000.57204704077,346986.3971801486,-999999.0,0.29078760057919667,2,gp-2
33,47,-140000.2542901447,346986.525385879,-999999.0,0.30876744426511693,2,gp-2
34,46,-160000.1316390492,366605.5617090349,-999999.0,0.378503010473931,2,gp-2
35,46,-180000.07335575914,384186.95135643886,-999999.0,0.378503010473931,2,gp-2
36,46,-160000.6401419653,366605.3397814062,-999999.0,0.2994072084954278,2,gp-2
37,43,-200000.20877219128,399999.39561471785,-999999.0,0.2994072084954278,2,gp-2
38,47,-220000.04160455172,414245.75036416575,-999999.0,0.3001278969622437,2,gp-2
39,45,-80000.82697394109,271292.6605824961,-999999.0,0.3001278969622437,2,gp-2
40,49,-280000.2795593183,448998.08846829325,-999999.0,0.32284159213711894,2,gp-2
41,47,-100000.4809941318,299999.5063366924,-999999.0,0.24975340445424976,2,gp-2
42,46,-180000.23487964342,384186.8756802253,-999999.0,0.36548120350989616,2,gp-2
43,44,-180000.26805111553,384186.8601384936,-999999.0,0.3625741340551354,2,gp-2
44,48,-200000.13368473997,399999.4331582631,-999999.0,0.37287755008351164,2,gp-2
45,45,-100000.20063147628,299999.59979078564,-999999.0,0.3767259390241848,2,gp-2
46,42,-80000.02637629944,271292.8966636885,-999999.0,0.5026251472393738,2,gp-2
47,46,-120000.03095066898,324961.15548234154,-999999.0,0.5026251472393738,2,gp-2
48,44,-120000.01445115851,324961.16157522047,-999999.0,0.47013833085049034,2,gp-2
49,48,-100000.05913782633,299999.6469546351,-999999.0,0.46538979285485066,2,gp-2
50,49,-140000.00739123428,346986.62500319176,-999999.0,0.49880849537286276,2,gp-2
51,46,-179999.97531825345,384186.99728892156,-999999.0,0.46538979285485066,2,gp-2
52,46,-59999.977015944256,237486.59490230485,-999999.0,0.49910350097046213,2,gp-2
53,46,-119999.9597032726,324961.1817919605,-999999.0,0.49910350097046213,2,gp-2
54,47,-139999.9049311397,346986.6663427858,-999999.0,0.49910350097046213,2,gp-2
55,46,-140000.0576830177,346986.6047115807,-999999.0,0.49910350097046213,2,gp-2
56,44,-100000.0514690652,299999.6495107684,-999999.0,0.49910350097046213,2,gp-2
57,46,-139999.95738506204,346986.6451790796,-999999.0,0.5069060402164703,2,gp-2
58,44,-179999.886238613,384187.03902456124,-999999.0,0.5016200891123154,2,gp-2
59,47,-99999.97835672549,299999.6738814847,-999999.0,0.5016200891123154,2,gp-2
60,47,-119999.93127793772,324961.19228862954,-999999.0,0.5016200891123154,2,gp-2
61,47,-180000.00709051,384186.9824030612,-999999.0,0.5166727458152286,2,gp-2
62,49,-80000.06478413231,271292.8853378434,-999999.0,0.5081985668230727,2,gp-2
63,47,-120000.02927486115,324961.1561014182,-999999.0,0.38617141630071317,2,gp-2
64,45,-99999.934066071,299999.688644925,-999999.0,0.38617141630071317,2,gp-2
65,46,-100000.1639467807,299999.61201840965,-999999.0,0.4399370101804643,2,gp-2
66,47,-180000.00363001338,384186.9840242676,-999999.0,0.37446856275051466,2,gp-2
67,43,-120000.03231728305,324961.15497743967,-999999.0,0.3888602234909573,2,gp-2
68,42,-99999.98421273858,299999.6719295397,-999999.0,0.4553991705057394,2,gp-2
69,46,-80000.12175346717,271292.86853851477,-999999.0,0.47915725404515513,2,gp-2
70,48,-139999.97309857706,346986.6388390373,-999999.0,0.48743860730333116,2,gp-2
71,45,-139999.9002246446,346986.6682416978,-999999.0,0.5844217408084346,2,gp-2
72,45,-199999.8172804131,399999.59136002185,-999999.0,0.4902562554836787,2,gp-2
73,46,-119999.99931128198,324961.16716572404,-999999.0,0.47915725404515513,2,gp-2
74,46,-20000.21770262954,139999.8260438243,-999999.0,0.494440516173753,2,gp-2
75,44,-140000.0448703138,346986.6098811469,-999999.0,0.47915725404515513,2,gp-2
76,44,-99999.92965069631,299999.69011672743,-999999.0,0.47915725404515513,2,gp-2
77,47,-219999.95042344552,414245.79878902476,-999999.0,0.443634137652032,2,gp-2
78,44,-159999.95936960238,366605.6368935031,-999999.0,0.443634137652032,2,gp-2
79,47,-159999.99423874234,366605.6216753999,-999999.0,0.4091104590786005,2,gp-2
80,45,-80000.09623869054,271292.87606240384,-999999.0,0.46716089247708886,2,gp-2
81,47,-119999.99654869743,324961.1681858503,-999999.0,0.46716089247708886,2,gp-2
82,48,-120000.08006486435,324961.1373455008,-999999.0,0.46716089247708886,2,gp-2
83,50,-160000.21180100413,366605.52672413446,-999999.0,0.49466837368168226,2,gp-2
84,50,-120000.11795742292,324961.12335265987,-999999.0,0.49635512926094416,2,gp-2
85,46,-120000.19418401177,324961.0952045648,-999999.0,0.25249693641137183,2,gp-2
86,47,-100000.0964065269,299999.6345316463,-999999.0,0.3224608319911459,2,gp-2
87,46,-100000.11878380387,299999.6270725035,-999999.0,0.3224608319911459,2,gp-2
88,47,-120000.17911252464,324961.10076967726,-999999.0,0.3224608319911459,2,gp-2
89,46,-60000.205280577,237486.53723259695,-999999.0,0.31569746922668435,2,gp-2
90,48,-20000.163222202435,139999.83382630028,-999999.0,0.46884868001021096,2,gp-2
91,44,-239999.91797208163,427082.61422571767,-999999.0,0.37462539674246675,2,gp-2
92,45,-80000.2020966675,271292.84484660334,-999999.0,0.4507326855653628,2,gp-2
93,44,-80000.1764788731,271292.85240102117,-999999.0,0.4507326855653628,2,gp-2
94,44,-80000.0074353226,271292.9022489103,-999999.0,0.4507326855653628,2,gp-2
95,44,-60000.10902597042,237486.56155103844,-999999.0,0.5314025779821773,2,gp-2
96,42,-99999.96463431795,299999.67845562834,-999999.0,0.5314025779821773,2,gp-2
97,49,-80000.00273062945,271292.90363630676,-999999.0,0.5019857592658842,2,gp-2
98,44,-199999.9310520778,399999.53447438596,-999999.0,0.5019857592658842,2,gp-2
99,44,-79999.97860540997,271292.9107505458,-999999.0,0.5314025779821773,2,gp-2
100,40,-119999.99116332184,324961.170174503,-999999.0,0.5314025779821773,2,gp-2
