gen,nevals,avg,stddev,min,max,run,representation
0,50,-999999.0,0.0,-999999.0,-999999.0,2,gp-1
1,49,-999999.0,0.0,-999999.0,-999999.0,2,gp-1
2,47,-979999.0401999999,139999.7186,-999999.0,-1.0099999999999998,2,gp-1
3,46,-939999.1205999999,237486.36439220642,-999999.0,-1.0099999999999998,2,gp-1
4,46,-719999.5628,448997.98392511124,-999999.0,-1.0099999999999998,2,gp-1
5,45,-519999.905,499598.8979180592,-999999.0,-0.013333333331737479,2,gp-1
6,44,-400000.06646666786,489897.0777903565,-999999.0,-0.013333333331737479,2,gp-1
7,47,-419999.9860712324,493557.6680601697,-999999.0,0.0031050779000184733,2,gp-1
8,48,-319999.96707234246,466475.4881816465,-999999.0,0.023277797842582073,2,gp-1
9,46,-319999.90754302795,466475.5290184026,-999999.0,0.023277797842582073,2,gp-1
10,42,-359999.8259756744,479999.3805183795,-999999.0,0.023277797842582073,2,gp-1
11,49,-379999.80615587725,485385.81285618554,-999999.0,0.023277797842582073,2,gp-1
12,44,-140000.12657019994,346986.5769172257,-999999.0,0.034407824779191694,2,gp-1
13,42,-219999.94568800315,414245.801303597,-999999.0,0.023296546551670454,2,gp-1
14,46,-239999.985424939,427082.57632042724,-999999.0,0.02373275759363918,2,gp-1
15,46,-220000.01627446304,414245.763816291,-999999.0,0.17686920384733118,2,gp-1
16,48,-279999.8215189366,448998.374105905,-999999.0,0.10365256771908034,2,gp-1
17,45,-100000.1190658302,299999.6269784102,-999999.0,0.06379578417370857,2,gp-1
18,44,-299999.85409142944,458257.01036163664,-999999.0,0.10374764285613018,2,gp-1
19,44,-299999.77264512767,458257.06368069653,-999999.0,0.10374764285613018,2,gp-1
20,48,-299999.7992901664,458257.04623743944,-999999.0,0.07574381105761238,2,gp-1
21,43,-299999.8127988171,458257.0373939701,-999999.0,0.15539818073047287,2,gp-1
22,48,-419999.6735977887,493557.93396345497,-999999.0,0.12126462175979232,2,gp-1
23,46,-359999.73660526006,479999.4475461467,-999999.0,0.10318400113005712,2,gp-1
24,44,-160000.00766750003,366605.6158145239,-999999.0,0.17769105722449088,2,gp-1
25,49,-319999.8325887626,466475.58043662907,-999999.0,0.1974437000720246,2,gp-1
26,47,-240000.00106793456,427082.5675298364,-999999.0,0.12804207332726322,2,gp-1
27,45,-240000.0406565038,427082.54528299713,-999999.0,0.12804207332726322,2,gp-1
28,45,-219999.95807860323,414245.79472315346,-999999.0,0.11948437101054071,2,gp-1
29,49,-359999.876504044,479999.3426222158,-999999.0,0.09354814555827716,2,gp-1
30,45,-239999.99577368755,427082.5705049991,-999999.0,0.20309064452437897,2,gp-1
31,43,-259999.86368638714,438633.7320401452,-999999.0,0.17970301168786532,2,gp-1
32,47,-319999.9487515324,466475.50074968144,-999999.0,0.20309064452437897,2,gp-1
33,44,-359999.7844760789,479999.4116430806,-999999.0,0.2587515421677522,2,gp-1
34,45,-259999.96950750906,438633.6693148415,-999999.0,0.168499165841911,2,gp-1
35,47,-359999.78553340514,479999.41085008526,-999999.0,0.20730056100465355,2,gp-1
36,49,-259999.97994454714,438633.6631283608,-999999.0,0.20730056100465355,2,gp-1
37,45,-160000.1097090714,366605.571280031,-999999.0,0.20730056100465355,2,gp-1
38,48,-299999.92012263706,458256.9671341184,-999999.0,0.16791169005563422,2,gp-1
39,46,-240000.054718917,427082.5373808302,-999999.0,0.16791169005563422,2,gp-1
40,45,-260000.12062263186,438633.57974173705,-999999.0,0.2669660475439351,2,gp-1
41,43,-220000.07784471838,414245.73111748224,-999999.0,0.38811746097321514,2,gp-1
42,43,-339999.8281611367,473708.17688845977,-999999.0,0.2233009749976727,2,gp-1
43,49,-220000.09663221534,414245.7211396035,-999999.0,0.2233009749976727,2,gp-1
44,48,-260000.138263307,438633.56928515894,-999999.0,0.3574024762126749,2,gp-1
45,47,-260000.12560478676,438633.57678873057,-999999.0,0.3574024762126749,2,gp-1
46,46,-220000.23959663787,414245.64521353866,-999999.0,0.3781533250049467,2,gp-1
47,49,-240000.0572884302,427082.5359370567,-999999.0,0.3781533250049467,2,gp-1
48,46,-280000.0045997981,448998.2599351689,-999999.0,0.4450099769488569,2,gp-1
49,46,-240000.11515149457,427082.5034205266,-999999.0,0.16833909585132809,2,gp-1
50,46,-339999.90850227955,473708.11922435416,-999999.0,0.33073900054658906,2,gp-1
51,47,-240000.1069708256,427082.5080177224,-999999.0,0.2939327804129903,2,gp-1
52,46,-260000.0268493711,438633.635325569,-999999.0,0.3023454222175932,2,gp-1
53,45,-259999.8665562135,438633.7303391173,-999999.0,0.457463030604743,2,gp-1
54,48,-220000.03310603942,414245.7548773657,-999999.0,0.457463030604743,2,gp-1
55,43,-140000.250019462,346986.5271094127,-999999.0,0.457463030604743,2,gp-1
56,44,-239999.97307719846,427082.5832593775,-999999.0,0.457463030604743,2,gp-1
57,46,-180000.07073386683,384186.95258478646,-999999.0,0.457463030604743,2,gp-1
58,45,-199999.97606682443,399999.51196686935,-999999.0,0.457463030604743,2,gp-1
59,46,-259999.87064914507,438633.7279130305,-999999.0,0.2754497516542432,2,gp-1
60,46,-120000.1614563901,324961.1072896187,-999999.0,0.2348575195937302,2,gp-1
61,46,-200000.124196434,399999.4379022897,-999999.0,0.2348575195937302,2,gp-1
62,43,-260000.04676423568,438633.62352114817,-999999.0,0.30183195373741845,2,gp-1
63,46,-179999.93806926257,384187.0147407929,-999999.0,0.36282750354159177,2,gp-1
64,43,-140000.1269204681,346986.5767761247,-999999.0,0.36282750354159177,2,gp-1
65,47,-319999.76914125436,466475.62396130234,-999999.0,0.43613928149938636,2,gp-1
66,46,-180000.00116625504,384186.9851786971,-999999.0,0.43613928149938636,2,gp-1
67,47,-140000.127394598,346986.5765848055,-999999.0,0.36627564540263646,2,gp-1
68,42,-179999.92726283058,384187.0198038428,-999999.0,0.36627564540263646,2,gp-1
69,45,-220000.02021513146,414245.7617236766,-999999.0,0.3393287534567327,2,gp-1
70,44,-80000.09015091717,271292.8778577184,-999999.0,0.3943299951818503,2,gp-1
71,47,-100000.23881399038,299999.5870626203,-999999.0,0.4282227068728481,2,gp-1
72,48,-219999.9508282424,414245.79857399216,-999999.0,0.4592652638304995,2,gp-1
73,45,-140000.20347583236,346986.5458883561,-999999.0,0.3779754704559799,2,gp-1
74,48,-339999.853931485,473708.1583921833,-999999.0,0.3795844822762656,2,gp-1
75,43,-379999.72325324826,485385.8777591441,-999999.0,0.3795844822762656,2,gp-1
76,44,-140000.17232794862,346986.5584554215,-999999.0,0.43612670534414,2,gp-1
77,46,-339999.7287108089,473708.24826801015,-999999.0,0.3795844822762656,2,gp-1
78,45,-200000.0339369121,399999.4830321507,-999999.0,0.38141375796087557,2,gp-1
79,48,-180000.02982716792,384186.97175034985,-999999.0,0.3789939715081652,2,gp-1
80,46,-160000.14956134645,366605.5538871301,-999999.0,0.4184660975507232,2,gp-1
81,45,-200000.08970216286,399999.4551492425,-999999.0,0.44741721693589415,2,gp-1
82,46,-259999.99391629253,438633.65484670404,-999999.0,0.4282227068728481,2,gp-1
83,46,-279999.9977403494,448998.2642127797,-999999.0,0.3309917437994298,2,gp-1
84,46,-299999.92739047157,458256.9623762575,-999999.0,0.5228221294476854,2,gp-1
85,47,-100000.09136548634,299999.6362119111,-999999.0,0.5228221294476854,2,gp-1
86,46,-240000.05796940762,427082.5355541831,-999999.0,0.5228221294476854,2,gp-1
87,47,-280000.0567514462,448998.227412839,-999999.0,0.5228221294476854,2,gp-1
88,43,-260000.03509392866,438633.630438682,-999999.0,0.5228221294476854,2,gp-1
89,45,-279999.9518804233,448998.2928116505,-999999.0,0.2825943966050965,2,gp-1
90,46,-220000.27703056333,414245.62533310725,-999999.0,0.30572376637063264,2,gp-1
91,44,-260000.15735616584,438633.5579678249,-999999.0,0.31475473585002994,2,gp-1
92,46,-340000.1198975933,473707.9674977896,-999999.0,0.36092489251747306,2,gp-1
93,46,-120000.33070168254,324961.04479197576,-999999.0,0.35492563845254244,2,gp-1
94,47,-260000.0723758148,438633.60834002617,-999999.0,0.3141690684497018,2,gp-1
95,46,-200000.19815683734,399999.40092199796,-999999.0,0.5029862821553591,2,gp-1
96,46,-219999.9146919949,414245.81776531035,-999999.0,0.3889804487548793,2,gp-1
97,43,-319999.8145730931,466475.5927953296,-999999.0,0.3816317053388281,2,gp-1
98,48,-300000.0953528073,458256.8524194036,-999999.0,0.3915162569634356,2,gp-1
99,44,-239999.94576528567,427082.598607375,-999999.0,0.37839497051177245,2,gp-1
100,48,-180000.12206965056,384186.9285330687,-999999.0,0.41473319326223773,2,gp-1
