gen,nevals,avg,stddev,min,max,run,representation
0,50,-919999.1608999999,271292.65368656383,-999999.0,-1.0099999999999998,8,gp-2
1,42,-719999.5629999996,448997.9836043981,-999999.0,-1.0099999999999998,8,gp-2
2,43,-320000.34643456945,466475.2279411514,-999999.0,0.01827163682269874,8,gp-2
3,50,-320000.32742000057,466475.24098509917,-999999.0,-0.013333321472967452,8,gp-2
4,45,-240000.40809999604,427082.3387974834,-999999.0,-0.013333095962523535,8,gp-2
5,49,-300000.28740000183,458256.72669455485,-999999.0,-0.013333333321310327,8,gp-2
6,47,-300000.1877333361,458256.7919417592,-999999.0,-0.013333106308584518,8,gp-2
7,46,-260000.14853333027,438633.56319747615,-999999.0,-0.013333106308584518,8,gp-2
8,47,-300000.1082866681,458256.8439518784,-999999.0,-0.013333106308584518,8,gp-2
9,48,-280000.02869999997,448998.2449059078,-999999.0,-0.013333106308584518,8,gp-2
10,45,-260000.1087493984,438633.5867793625,-999999.0,-0.012469214598714065,8,gp-2
11,46,-300000.084040843,458256.8598244607,-999999.0,0.13159021042624966,8,gp-2
12,43,-140000.2493668249,346986.5273721082,-999999.0,0.029981110719370537,8,gp-2
13,44,-80000.22855166286,271292.8370452635,-999999.0,0.029981110719370537,8,gp-2
14,47,-220000.0668665467,414245.7369475526,-999999.0,0.029981110719370537,8,gp-2
15,46,-60000.243882235714,237486.52747985377,-999999.0,0.17706917768899735,8,gp-2
16,49,-200000.16667318912,399999.4166636548,-999999.0,0.029981110719370537,8,gp-2
17,47,-160000.26629645377,366605.5029397311,-999999.0,0.12439354727329782,8,gp-2
18,44,-260000.02258832828,438633.63785124297,-999999.0,0.12439354727329782,8,gp-2
19,49,-220000.12946302484,414245.70370351424,-999999.0,-0.012469214598714065,8,gp-2
20,44,-160000.1299297696,366605.56245493976,-999999.0,0.0031006692719904006,8,gp-2
21,47,-160000.18916022973,366605.53660466976,-999999.0,0.014116763422908437,8,gp-2
22,45,-200000.08814851422,399999.45592597086,-999999.0,0.05342319255676333,8,gp-2
23,45,-219999.9860241689,414245.77988169045,-999999.0,0.07008324620940248,8,gp-2
24,44,-160000.0870167616,366605.5811836933,-999999.0,0.03994788360101728,8,gp-2
25,48,-160000.10656717603,366605.57265120494,-999999.0,0.048289536421811156,8,gp-2
26,46,-139999.98628738194,346986.6335174822,-999999.0,0.05098602974589948,8,gp-2
27,42,-199999.9842793872,399999.5078604827,-999999.0,0.05098602974589948,8,gp-2
28,47,-160000.06168003744,366605.59224153863,-999999.0,0.13125873202197805,8,gp-2
29,42,-160000.05360269285,366605.5957667874,-999999.0,0.13125873202197805,8,gp-2
30,47,-180000.0429400599,384186.9656065673,-999999.0,0.07879105357318726,8,gp-2
31,47,-80000.10257806617,271292.8741927498,-999999.0,0.09094934266198341,8,gp-2
32,44,-179999.97166449297,384186.99900065135,-999999.0,0.1943767811553013,8,gp-2
33,48,-159999.95779253836,366605.6375816797,-999999.0,0.1943767811553013,8,gp-2
34,41,-80000.07208105167,271292.8831858147,-999999.0,0.1943767811553013,8,gp-2
35,46,-120000.07072907659,324961.1407928127,-999999.0,0.2223252481495902,8,gp-2
36,45,-160000.01518404434,366605.6125340619,-999999.0,0.1943767811553013,8,gp-2
37,45,-159999.98076094443,366605.6275574942,-999999.0,0.1769983108628961,8,gp-2
38,45,-159999.91367952604,366605.6568341693,-999999.0,0.3443028716086003,8,gp-2
39,46,-120000.02389330561,324961.15808804124,-999999.0,0.4895795592290978,8,gp-2
40,44,-139999.96213075146,346986.6432641381,-999999.0,0.4895795592290978,8,gp-2
41,48,-119999.94724609176,324961.1863918432,-999999.0,0.47020303759708404,8,gp-2
42,45,-40000.00892579726,195958.9734769732,-999999.0,0.4895795592290978,8,gp-2
43,45,-99999.84155261597,299999.71948262287,-999999.0,0.4895795592290978,8,gp-2
44,45,-59999.902282231255,237486.61378351698,-999999.0,0.5535289280009849,8,gp-2
45,45,-39999.97144361662,195958.98112813238,-999999.0,0.5535289280009849,8,gp-2
46,47,-119999.80982112206,324961.23713930394,-999999.0,0.47020303759708404,8,gp-2
47,49,-99999.87954312704,299999.70681914187,-999999.0,0.4471381435602417,8,gp-2
48,46,-119999.8765575695,324961.21249530633,-999999.0,0.47020303759708404,8,gp-2
49,45,-79999.96055549214,271292.91607296997,-999999.0,0.4471381435602417,8,gp-2
50,47,-119999.85736389618,324961.2195830063,-999999.0,0.4471381435602417,8,gp-2
51,49,-39999.95342108102,195958.98480665553,-999999.0,0.40851241813929146,8,gp-2
52,46,-119999.93552764486,324961.19071916747,-999999.0,0.3965037286898176,8,gp-2
53,43,-99999.93299417017,299999.68900217983,-999999.0,0.4020661228000428,8,gp-2
54,46,-199999.8550314108,399999.57248442876,-999999.0,0.2593113697185415,8,gp-2
55,47,-60000.12447576003,237486.5576473413,-999999.0,0.2273374021435835,8,gp-2
56,47,-139999.89599436152,346986.6699482817,-999999.0,0.2709999926175898,8,gp-2
57,47,-100000.03264128842,299999.65578659583,-999999.0,0.2840375191560534,8,gp-2
58,43,-159999.88521112685,366605.66925884585,-999999.0,0.413888058664284,8,gp-2
59,44,-119999.9109515486,324961.199794467,-999999.0,0.30396300087390604,8,gp-2
60,47,-80000.02601839164,271292.8967689965,-999999.0,0.3937452376062448,8,gp-2
61,44,-119999.87638463551,324961.21255907835,-999999.0,0.30396300087390604,8,gp-2
62,49,-80000.05381610419,271292.88857191545,-999999.0,0.2593113697185415,8,gp-2
63,47,-219999.91162452725,414245.81939422135,-999999.0,0.25834391883699753,8,gp-2
64,44,-80000.00186333741,271292.90389186225,-999999.0,0.41019404231833106,8,gp-2
65,43,-39999.97807572247,195958.97977396272,-999999.0,0.25921260335463253,8,gp-2
66,47,-20000.02565384673,139999.85347850135,-999999.0,0.28151440704129715,8,gp-2
67,47,-79999.93686155832,271292.92305990215,-999999.0,0.3455053766175879,8,gp-2
68,46,-99999.8119795216,299999.7293402164,-999999.0,0.3505532800515592,8,gp-2
69,45,-79999.94432742077,271292.9208583562,-999999.0,0.37422618446691347,8,gp-2
70,47,-39999.98502687359,195958.97835524604,-999999.0,0.32495373601253574,8,gp-2
71,42,-39999.90423152354,195958.99484744648,-999999.0,0.37244364245745226,8,gp-2
72,47,-79999.78848546516,271292.9668133535,-999999.0,0.40096045539299185,8,gp-2
73,48,-159999.86604063914,366605.6776255069,-999999.0,0.32422461603387576,8,gp-2
74,46,-99999.97638930935,299999.6745372635,-999999.0,0.40134339110772005,8,gp-2
75,42,-99999.86274824064,299999.71241743345,-999999.0,0.42120017612123356,8,gp-2
76,46,-79999.93319567066,271292.9241408997,-999999.0,0.42120017612123356,8,gp-2
77,49,-59999.969972873776,237486.5966817073,-999999.0,0.40105749993931583,8,gp-2
78,46,-59999.937003552186,237486.60501128025,-999999.0,0.40132850325109637,8,gp-2
79,45,-79999.84906194487,271292.94895042555,-999999.0,0.40132850325109637,8,gp-2
80,43,-39999.93177021304,195958.98922613767,-999999.0,0.4141015907578567,8,gp-2
81,44,-119999.79590490904,324961.2422782254,-999999.0,0.44516185167485867,8,gp-2
82,46,-39999.91220652809,195958.99321949523,-999999.0,0.4141015907578567,8,gp-2
83,47,-99999.91994278574,299999.69335269905,-999999.0,0.4141015907578567,8,gp-2
84,48,-59999.87890215155,237486.619690264,-999999.0,0.4211502254120189,8,gp-2
85,46,-119999.8158740314,324961.23490417044,-999999.0,0.46563880514794626,8,gp-2
86,47,-139999.7886583769,346986.71325549326,-999999.0,0.4339240482550296,8,gp-2
87,48,-79999.93658335097,271292.9231419823,-999999.0,0.42868665245379306,8,gp-2
88,48,-199999.70353483103,399999.64823263534,-999999.0,0.3685582843214377,8,gp-2
89,47,-59999.83941537166,237486.6296663263,-999999.0,0.44229169817937275,8,gp-2
90,45,-79999.78888229466,271292.966696461,-999999.0,0.44229169817937275,8,gp-2
91,43,-119999.68641675588,324961.2827093321,-999999.0,0.4446653354670418,8,gp-2
92,46,-79999.74171711162,271292.98060465883,-999999.0,0.4553082409158927,8,gp-2
93,50,-99999.81129815671,299999.7295674947,-999999.0,0.42457853092578024,8,gp-2
94,45,-139999.71568466103,346986.74269840855,-999999.0,0.41762328048250447,8,gp-2
95,45,-99999.79198258677,299999.73600601417,-999999.0,0.42400132826594333,8,gp-2
96,45,-119999.77327432662,324961.25063512137,-999999.0,0.41762328048250447,8,gp-2
97,45,-99999.79057274625,299999.736475917,-999999.0,0.43357596990066943,8,gp-2
98,49,-59999.87663388273,237486.62026333497,-999999.0,0.41946925558217135,8,gp-2
99,46,-0.0030873020968937713,0.42499355765280156,-1.0099999999999998,0.4086209737696593,8,gp-2
100,47,-79999.9382800518,271292.9226415957,-999999.0,0.40507050511126147,8,gp-2
