gen,nevals,avg,stddev,min,max,run,representation
0,50,-979999.0401999999,139999.7186,-999999.0,-1.0099999999999998,3,gp-2
1,49,-839999.2618000007,366605.4557373582,-999999.0,-0.013333333331737479,3,gp-2
2,47,-539999.7851666627,498396.5810685552,-999999.0,-0.013333099057733949,3,gp-2
3,45,-240000.26856664938,427082.41720853647,-999999.0,-0.013333096036232067,3,gp-2
4,47,-200000.1891711413,399999.4054146776,-999999.0,0.0031094863528231503,3,gp-2
5,45,-220000.14824977473,414245.69372615626,-999999.0,0.017735039130789176,3,gp-2
6,42,-279999.90500260756,448998.32204474293,-999999.0,0.042045680489435806,3,gp-2
7,42,-199999.93797476133,399999.53101276874,-999999.0,0.08640765429239715,3,gp-2
8,43,-119999.99629920117,324961.1682777413,-999999.0,0.08640765429239715,3,gp-2
9,46,-120000.07150947231,324961.1405045956,-999999.0,0.2251700747428098,3,gp-2
10,46,-160000.0127031943,366605.6136167634,-999999.0,0.2251700747428098,3,gp-2
11,48,-119999.96146662036,324961.1811405098,-999999.0,0.261193323603406,3,gp-2
12,48,-139999.95178852745,346986.64743687015,-999999.0,0.37821128776608154,3,gp-2
13,44,-159999.92283163825,366605.65283994057,-999999.0,0.26602133763369396,3,gp-2
14,47,-139999.95654946048,346986.64551605226,-999999.0,0.38757068967975106,3,gp-2
15,45,-199999.79304316963,399999.60347847827,-999999.0,0.38757068967975106,3,gp-2
16,46,-100000.07448962909,299999.6418372336,-999999.0,0.4003418644608403,3,gp-2
17,40,-140000.0032132616,346986.6266887779,-999999.0,0.3782782966124905,3,gp-2
18,43,-119999.82931008209,324961.2299425344,-999999.0,0.4169906419364042,3,gp-2
19,47,-59999.96933034125,237486.59684413386,-999999.0,0.4448778006812605,3,gp-2
20,47,-179999.8101855985,384187.074656877,-999999.0,0.4169906419364042,3,gp-2
21,49,-60000.028235830454,237486.58196258082,-999999.0,0.43629248075300303,3,gp-2
22,41,-99999.80664850738,299999.7311173402,-999999.0,0.43629248075300303,3,gp-2
23,45,-199999.76008131288,399999.61995953065,-999999.0,0.43629248075300303,3,gp-2
24,47,-119999.86926454018,324961.2151884419,-999999.0,0.39852299291218757,3,gp-2
25,46,-59999.95584978752,237486.60025002077,-999999.0,0.5019454826054297,3,gp-2
26,45,-119999.77065838319,324961.2516010974,-999999.0,0.5019454826054297,3,gp-2
27,48,-39999.98734079862,195958.9778830185,-999999.0,0.48533416680987046,3,gp-2
28,49,-179999.87862886785,384187.042589825,-999999.0,0.4353545251460484,3,gp-2
29,46,-79999.92674943974,271292.926041725,-999999.0,0.38747470991569155,3,gp-2
30,46,-120000.02828193342,324961.1564675947,-999999.0,0.4101136500835003,3,gp-2
31,46,-99999.88374179983,299999.70541959023,-999999.0,0.44602220207859683,3,gp-2
32,43,-119999.89985010508,324961.2038942367,-999999.0,0.5139114941899069,3,gp-2
33,46,-100000.03676729482,299999.65441160614,-999999.0,0.5319257930022819,3,gp-2
34,45,-179999.83147564827,384187.06468269345,-999999.0,0.5319257930022819,3,gp-2
35,48,-159999.96900531542,366605.6326887234,-999999.0,0.5139114941899069,3,gp-2
36,48,-119999.92053168839,324961.19625695987,-999999.0,0.5139114941899069,3,gp-2
37,48,-79999.89996967948,271292.93393875216,-999999.0,0.5139114941899069,3,gp-2
38,47,-100000.02085009472,299999.65971710824,-999999.0,0.5132732197105322,3,gp-2
39,45,-119999.9593878847,324961.1819084777,-999999.0,0.494920332128921,3,gp-2
40,47,-140000.1933918913,346986.54995765025,-999999.0,0.459114983448757,3,gp-2
41,46,-120000.15522140112,324961.10959244857,-999999.0,0.459114983448757,3,gp-2
42,46,-120000.01991766758,324961.15955645475,-999999.0,0.5152440189669022,3,gp-2
43,47,-140000.3015158907,346986.5063323753,-999999.0,0.5152440189669022,3,gp-2
44,47,-120000.21613838225,324961.0870976858,-999999.0,0.5219813695642023,3,gp-2
45,49,-120000.51875206744,324960.9753508506,-999999.0,0.5217726975283126,3,gp-2
46,47,-160000.25535595568,366605.50771515735,-999999.0,0.5217726975283126,3,gp-2
47,48,-100000.2314541508,299999.58951617696,-999999.0,0.3967402664383229,3,gp-2
48,44,-100000.3572626205,299999.5475800425,-999999.0,0.47016114183208035,3,gp-2
49,47,-160000.42823249308,366605.4322655577,-999999.0,0.45047299664505025,3,gp-2
50,46,-180000.2836047571,384186.8528508618,-999999.0,0.45047299664505025,3,gp-2
51,48,-120000.2898305419,324961.05988492246,-999999.0,0.450606744057899,3,gp-2
52,47,-100000.16595859926,299999.6113479801,-999999.0,0.450606744057899,3,gp-2
53,46,-100000.30574850744,299999.56475143146,-999999.0,0.450606744057899,3,gp-2
54,47,-200000.26297507982,399999.36851335055,-999999.0,0.450606744057899,3,gp-2
55,47,-100000.32381789005,299999.5587287934,-999999.0,0.41308858976321383,3,gp-2
56,48,-140000.12693598913,346986.5767701759,-999999.0,0.5252999113541048,3,gp-2
57,43,-100000.21429957655,299999.5952366658,-999999.0,0.5252999113541048,3,gp-2
58,44,-120000.24914467554,324961.07490981463,-999999.0,0.4562939006341597,3,gp-2
59,44,-140000.14838942632,346986.5681146644,-999999.0,0.4562939006341597,3,gp-2
60,43,-80000.17319779232,271292.85336916544,-999999.0,0.48526249364504104,3,gp-2
61,45,-80000.22293396507,271292.838703224,-999999.0,0.5252999113541048,3,gp-2
62,47,-20000.30392673615,139999.81372667948,-999999.0,0.48526249364504104,3,gp-2
63,47,-40000.44956967799,195958.8835330402,-999999.0,0.4927613408739934,3,gp-2
64,50,-160000.2702069047,366605.501233793,-999999.0,0.39999124349061815,3,gp-2
65,46,-80000.3116257058,271292.8125490102,-999999.0,0.5217726975283126,3,gp-2
66,46,-100000.17696171899,299999.60768026,-999999.0,0.5217726975283126,3,gp-2
67,48,-80000.4478952061,271292.7723653908,-999999.0,0.36059933468332417,3,gp-2
68,40,-120000.23254254147,324961.08103989274,-999999.0,0.36214907715856964,3,gp-2
69,46,-120000.36832228501,324961.03089994245,-999999.0,0.36059933468332417,3,gp-2
70,43,-100000.42799056548,299999.52400449675,-999999.0,0.37525701534455286,3,gp-2
71,46,-120000.39009198532,324961.0228609393,-999999.0,0.37525701534455286,3,gp-2
72,47,-80000.38565088618,271292.7907202271,-999999.0,0.5327451266286654,3,gp-2
73,45,-100000.39152531006,299999.53615962033,-999999.0,0.5327451266286654,3,gp-2
74,45,-120000.22026257323,324961.0855746334,-999999.0,0.5327451266286654,3,gp-2
75,45,-140000.2304926672,346986.5349881872,-999999.0,0.5161576904964016,3,gp-2
76,45,-199999.97891163107,399999.51054482575,-999999.0,0.5327451266286654,3,gp-2
77,44,-140000.19271660002,346986.55022973544,-999999.0,0.5327451266286654,3,gp-2
78,47,-219999.90534538857,414245.822729349,-999999.0,0.5327451266286654,3,gp-2
79,46,-60000.26923134976,237486.52107691707,-999999.0,0.5330172756874545,3,gp-2
80,47,-119999.97042142828,324961.17783437914,-999999.0,0.5327451266286654,3,gp-2
81,43,-120000.1785689393,324961.1009710081,-999999.0,0.5327451266286654,3,gp-2
82,46,-159999.95433355597,366605.63909182296,-999999.0,0.5330172756874545,3,gp-2
83,46,-100000.30246299179,299999.56584686885,-999999.0,0.5268098410565667,3,gp-2
84,46,-80000.25321350632,271292.8297736953,-999999.0,0.5268098410565667,3,gp-2
85,45,-60000.219750535165,237486.533577459,-999999.0,0.5639722417617563,3,gp-2
86,41,-219999.94992632366,414245.79905311664,-999999.0,0.5639722417617563,3,gp-2
87,47,-120000.04023075454,324961.1520556776,-999999.0,0.5639722417617563,3,gp-2
88,46,-100000.11882642364,299999.627058735,-999999.0,0.4486905676485449,3,gp-2
89,47,-100000.18670256954,299999.60443327157,-999999.0,0.4414368173430285,3,gp-2
90,46,-60000.21109025153,237486.53576571404,-999999.0,0.4414368173430285,3,gp-2
91,41,-80000.2246277328,271292.83820339304,-999999.0,0.41993231261265146,3,gp-2
92,47,-80000.35097633596,271292.8009454764,-999999.0,0.41296568980343246,3,gp-2
93,45,-180000.07976995528,384186.9483515303,-999999.0,0.5217726975283126,3,gp-2
94,48,-140000.22000946614,346986.53921751573,-999999.0,0.4972622240036857,3,gp-2
95,45,-160000.17089186033,366605.5445781941,-999999.0,0.43538563271960595,3,gp-2
96,49,-140000.4846090563,346986.4324587041,-999999.0,0.4397747036293442,3,gp-2
97,47,-260000.2855832763,438633.48196169524,-999999.0,0.31143867665391356,3,gp-2
98,46,-140000.29160363929,346986.51033135323,-999999.0,0.414561691752937,3,gp-2
99,48,-40000.346982455325,195958.90447283836,-999999.0,0.46585060352193297,3,gp-2
100,48,-180000.26913336388,384186.859631134,-999999.0,0.46585060352193297,3,gp-2
