gen,nevals,avg,stddev,min,max,run,representation
0,50,-979999.0401999999,139999.7186,-999999.0,-1.0099999999999998,9,gp-1
1,43,-959999.0803999999,195958.78554470363,-999999.0,-1.0099999999999998,9,gp-1
2,49,-899999.2009999999,299999.39699999994,-999999.0,-1.0099999999999998,9,gp-1
3,46,-699999.603,458256.6483978694,-999999.0,-1.0099999999999998,9,gp-1
4,42,-420000.12593333336,493557.54904261674,-999999.0,-0.013333333331737479,9,gp-1
5,45,-420000.0860666667,493557.5829677047,-999999.0,-0.013333333331737479,9,gp-1
6,46,-340000.14720000006,473707.94790124433,-999999.0,-0.013333333331737479,9,gp-1
7,46,-479999.78604065406,499599.0846685686,-999999.0,-0.012032899376176206,9,gp-1
8,47,-280000.1882666619,448998.1453986013,-999999.0,-0.013333106308584518,9,gp-1
9,46,-399999.8871666651,489897.22418823827,-999999.0,-0.013333106308584518,9,gp-1
10,43,-319999.9672774629,466475.48804093566,-999999.0,0.04445933909414212,9,gp-1
11,46,-399999.9657488184,489897.1600261749,-999999.0,0.044225805774727976,9,gp-1
12,44,-320000.10671549005,466475.39238723397,-999999.0,0.044225805774727976,9,gp-1
13,46,-240000.1887333275,427082.46207100997,-999999.0,-0.013332971452933435,9,gp-1
14,46,-240000.16882527396,427082.47325837234,-999999.0,-0.009597548319169298,9,gp-1
15,46,-220000.14929596052,414245.6931705419,-999999.0,-0.009597548319169298,9,gp-1
16,47,-299999.9883216738,458256.9224873555,-999999.0,0.0031094863528230974,9,gp-1
17,45,-359999.9225865296,479999.30806027114,-999999.0,0.10890933200656279,9,gp-1
18,44,-160000.1097616872,366605.57125700335,-999999.0,0.0031094863528230974,9,gp-1
19,47,-419999.8439753156,493557.7889785511,-999999.0,0.0926523921395623,9,gp-1
20,45,-200000.09148626108,399999.45425712864,-999999.0,0.5839401910508794,9,gp-1
21,40,-200000.0176036745,399999.4911984094,-999999.0,0.5839401910508794,9,gp-1
22,46,-239999.94619084016,427082.59836809087,-999999.0,0.17292989161581623,9,gp-1
23,49,-279999.99669713987,448998.2648632046,-999999.0,0.09265256470077142,9,gp-1
24,48,-359999.7403339919,479999.4447495967,-999999.0,0.05477244134237852,9,gp-1
25,46,-259999.9420386883,438633.6855969263,-999999.0,0.05477244134237852,9,gp-1
26,44,-219999.9183048626,414245.81584636145,-999999.0,0.08998741259364806,9,gp-1
27,48,-200000.01699585796,399999.49150227965,-999999.0,0.140767782743546,9,gp-1
28,45,-120000.19102606703,324961.0963703125,-999999.0,0.1128084074606083,9,gp-1
29,45,-239999.93633834316,427082.60390469653,-999999.0,0.1285549886338302,9,gp-1
30,46,-199999.91486949482,399999.5425653865,-999999.0,0.08571787831247328,9,gp-1
31,45,-180000.05402042702,384186.9604151988,-999999.0,0.08571795096575856,9,gp-1
32,47,-279999.9145112376,448998.316115089,-999999.0,0.1728179268384019,9,gp-1
33,47,-120000.11137750061,324961.1257823846,-999999.0,0.21355604620303037,9,gp-1
34,48,-259999.9440617303,438633.68439776974,-999999.0,0.12863906332626632,9,gp-1
35,47,-259999.92127604288,438633.69790395256,-999999.0,0.12863906332626632,9,gp-1
36,47,-259999.96018632062,438633.6748399483,-999999.0,0.12863906332626632,9,gp-1
37,47,-279999.97829665744,448998.2763379139,-999999.0,0.12863906332626632,9,gp-1
38,47,-279999.94445708464,448998.29744057445,-999999.0,0.12863906332626632,9,gp-1
39,46,-299999.98409050563,458256.9252573087,-999999.0,0.12863906332626632,9,gp-1
40,44,-200000.12288225166,399999.43855912035,-999999.0,0.12863906332626632,9,gp-1
41,45,-280000.01955947647,448998.2506060351,-999999.0,0.10470356297592878,9,gp-1
42,46,-320000.0221709961,466475.4503843813,-999999.0,0.10470356297592878,9,gp-1
43,48,-320000.10306529066,466475.3948912576,-999999.0,0.1596577602105955,9,gp-1
44,46,-259999.99986782693,438633.65131879377,-999999.0,0.20900433440954994,9,gp-1
45,43,-259999.90761854398,438633.70599943306,-999999.0,0.3391873656156561,9,gp-1
46,46,-279999.78569648473,448998.3964451195,-999999.0,0.3391873656156561,9,gp-1
47,47,-220000.02953508723,414245.75677374244,-999999.0,0.3391873656156561,9,gp-1
48,48,-220000.02851364846,414245.7573162145,-999999.0,0.3391873656156561,9,gp-1
49,43,-239999.85196496718,427082.651318383,-999999.0,0.3391873656156561,9,gp-1
50,45,-100000.14012697471,299999.61995808507,-999999.0,0.3391873656156561,9,gp-1
51,48,-140000.05334508128,346986.60646157764,-999999.0,0.26785376414803497,9,gp-1
52,46,-299999.8099163731,458257.0392809742,-999999.0,0.13260869582178622,9,gp-1
53,46,-120000.07683730566,324961.1385372214,-999999.0,0.16913595370333634,9,gp-1
54,41,-259999.9225585639,438633.6971437644,-999999.0,0.16914921725443446,9,gp-1
55,48,-179999.9295438073,384187.01873505546,-999999.0,0.21633840589611913,9,gp-1
56,41,-319999.7515439638,466475.63603280135,-999999.0,0.21629213794725996,9,gp-1
57,45,-219999.9684035811,414245.78923973505,-999999.0,0.21629213794725996,9,gp-1
58,48,-159999.97369287102,366605.6306422293,-999999.0,0.2748212732737565,9,gp-1
59,46,-200000.05583649184,399999.4720819862,-999999.0,0.16722925014259507,9,gp-1
60,48,-319999.9098562559,466475.52743156365,-999999.0,0.16915415865536973,9,gp-1
61,47,-279999.8753116362,448998.34056031174,-999999.0,0.21629213794725996,9,gp-1
62,44,-219999.93606070912,414245.806416545,-999999.0,0.2540958196560796,9,gp-1
63,49,-319999.85042483895,466475.56820132595,-999999.0,0.2776751920733003,9,gp-1
64,46,-259999.81207590652,438633.7626321788,-999999.0,0.25225584378590543,9,gp-1
65,47,-259999.90995867908,438633.70461234695,-999999.0,0.2533036693021784,9,gp-1
66,47,-199999.81512704518,399999.59243653674,-999999.0,0.25781697085320304,9,gp-1
67,50,-199999.92177105544,399999.53911466367,-999999.0,0.2514305157018063,9,gp-1
68,44,-79999.99374230656,271292.906286581,-999999.0,0.2406281600885603,9,gp-1
69,47,-219999.88192559849,414245.8351668373,-999999.0,0.2175732073348018,9,gp-1
70,45,-239999.99329831495,427082.57189599465,-999999.0,0.2163451094118969,9,gp-1
71,46,-100000.1386901442,299999.6204369248,-999999.0,0.2163451094118969,9,gp-1
72,45,-319999.7841730171,466475.6136494654,-999999.0,0.1866665084250613,9,gp-1
73,46,-219999.99855514124,414245.7732266971,-999999.0,0.1866665084250613,9,gp-1
74,45,-239999.96489624135,427082.5878565507,-999999.0,0.18654644595275469,9,gp-1
75,47,-299999.85893966205,458257.0071877209,-999999.0,0.13249230665145045,9,gp-1
76,45,-160000.0169095535,366605.61178095406,-999999.0,0.1268061241146563,9,gp-1
77,49,-259999.9155958818,438633.7012709131,-999999.0,0.24408802347649075,9,gp-1
78,49,-399999.8140245505,489897.28390852717,-999999.0,0.24408802347649075,9,gp-1
79,47,-239999.95714234642,427082.59221386944,-999999.0,0.21283866304590074,9,gp-1
80,50,-240000.14045415338,427082.48920162587,-999999.0,0.15294975050669735,9,gp-1
81,46,-299999.9608329173,458256.9404829727,-999999.0,0.13249230665145045,9,gp-1
82,44,-220000.20640963432,414245.66283833026,-999999.0,0.10875577358462092,9,gp-1
83,47,-419999.94647140236,493557.70175821113,-999999.0,0.009096304626787835,9,gp-1
84,49,-340000.20748665987,473707.9046310714,-999999.0,-0.013333205907622886,9,gp-1
85,50,-220000.32859999384,414245.597944825,-999999.0,-0.013333205907622886,9,gp-1
86,47,-180000.36923332655,384186.8127312509,-999999.0,-0.013333106378293956,9,gp-1
87,47,-340000.1075333203,473707.9763716459,-999999.0,-0.01333309589388983,9,gp-1
88,49,-240000.2685491205,427082.4172183869,-999999.0,-0.012456588116455723,9,gp-1
89,49,-160000.40941606564,366605.4404771196,-999999.0,-0.012470625076196493,9,gp-1
90,45,-340000.0476160578,473708.01937671093,-999999.0,-0.012470625076196493,9,gp-1
91,46,-260000.10679029196,438633.5879406232,-999999.0,0.08256590829871682,9,gp-1
92,46,-260000.04901459027,438633.62218710175,-999999.0,-0.012456004399964483,9,gp-1
93,46,-319999.8075130509,466475.59763834684,-999999.0,0.04175891787452906,9,gp-1
94,43,-180000.20871796474,384186.8879361412,-999999.0,0.03335344279406532,9,gp-1
95,49,-240000.0860117054,427082.5197955793,-999999.0,0.07289830308752869,9,gp-1
96,45,-160000.1447839338,366605.5559721203,-999999.0,0.04536388161179357,9,gp-1
97,49,-279999.9061444586,448998.3213326737,-999999.0,0.038825511308551816,9,gp-1
98,42,-199999.98771713686,399999.50614160695,-999999.0,0.038825511308551816,9,gp-1
99,45,-319999.86708692025,466475.5567710894,-999999.0,0.03233140041833315,9,gp-1
100,43,-239999.96775769032,427082.5862485528,-999999.0,0.03297987664547767,9,gp-1
