gen,nevals,avg,stddev,min,max,run,representation
0,50,-999999.0,0.0,-999999.0,-999999.0,4,gp-1
1,45,-999999.0,0.0,-999999.0,-999999.0,4,gp-1
2,43,-999999.0,0.0,-999999.0,-999999.0,4,gp-1
3,42,-959999.0803999999,195958.78554470363,-999999.0,-1.0099999999999998,4,gp-1
4,45,-879999.2212666667,324960.936992498,-999999.0,-0.013333333331737479,4,gp-1
5,43,-679999.5634666665,466475.33020093094,-999999.0,-0.013333333331737479,4,gp-1
6,44,-539999.7651333333,498396.6027741269,-999999.0,-0.013333333331737479,4,gp-1
7,48,-360000.08726666716,479999.184550142,-999999.0,-0.013333332233275593,4,gp-1
8,43,-320000.06800000067,466475.4189458465,-999999.0,-0.013333332233275593,4,gp-1
9,44,-419999.80710000114,493557.8203580675,-999999.0,-0.013333332233275593,4,gp-1
10,49,-419999.8270333388,493557.80339554005,-999999.0,-0.013333332233275593,4,gp-1
11,46,-439999.72713333403,496386.3013049366,-999999.0,-0.013333308539025004,4,gp-1
12,46,-319999.90734324616,466475.5291554516,-999999.0,0.04117105303580352,4,gp-1
13,46,-419999.76713333355,493557.85436820803,-999999.0,-0.013333332233275593,4,gp-1
14,44,-259999.9493000014,438633.6812927857,-999999.0,-0.013333332233275593,4,gp-1
15,46,-339999.8882393316,473708.13376783684,-999999.0,-0.013332986468665809,4,gp-1
16,46,-379999.78773332335,485385.82727884885,-999999.0,-0.013332986468665809,4,gp-1
17,44,-240000.08942870225,427082.5178753896,-999999.0,-0.006435463395291964,4,gp-1
18,44,-219999.94972871168,414245.79915763496,-999999.0,-0.006435463395291964,4,gp-1
19,46,-319999.86852070165,466475.5557874792,-999999.0,-0.011035950596836885,4,gp-1
20,46,-339999.78849678935,473708.2053570969,-999999.0,-0.00884002948903411,4,gp-1
21,46,-279999.929000224,448998.3070796078,-999999.0,-0.013333029773765492,4,gp-1
22,44,-239999.9897999653,427082.5738618726,-999999.0,-0.01333309589388983,4,gp-1
23,44,-339999.90819997655,473708.11944127874,-999999.0,-0.013333057016379223,4,gp-1
24,43,-339999.9082999887,473708.1193694961,-999999.0,-0.013333106308584518,4,gp-1
25,47,-339999.8083333293,473708.19111957756,-999999.0,-0.01333310637829396,4,gp-1
26,48,-379999.8862250542,485385.75017154304,-999999.0,0.05541361565191446,4,gp-1
27,45,-319999.9261377419,466475.516262543,-999999.0,0.05541361565191446,4,gp-1
28,49,-399999.64597075427,489897.42112376186,-999999.0,0.05541361565191446,4,gp-1
29,42,-239999.8263687941,427082.6657021455,-999999.0,0.16166414972640025,4,gp-1
30,46,-159999.9628526341,366605.6353732706,-999999.0,0.16166414972640025,4,gp-1
31,47,-379999.6880899865,485385.90528769424,-999999.0,-0.009501160806091464,4,gp-1
32,49,-279999.84839015343,448998.35734877025,-999999.0,0.031028071150543297,4,gp-1
33,49,-240000.00616055372,427082.564668028,-999999.0,0.08971062687040365,4,gp-1
34,41,-219999.9079174526,414245.8213629385,-999999.0,0.031028071150543297,4,gp-1
35,46,-319999.8686075905,466475.5557279168,-999999.0,-0.011036011855468665,4,gp-1
36,47,-259999.84965405453,438633.7403577517,-999999.0,-0.011036011855468665,4,gp-1
37,47,-220000.04776129164,414245.74709405977,-999999.0,0.08790861149206378,4,gp-1
38,47,-319999.8476699112,466475.57009099325,-999999.0,0.00674507343046061,4,gp-1
39,43,-219999.9295367785,414245.8098812539,-999999.0,0.005802328265412305,4,gp-1
40,47,-180000.00997821972,384186.9810498598,-999999.0,0.005802328265412305,4,gp-1
41,43,-199999.92866511972,399999.5356675682,-999999.0,0.043302240405293936,4,gp-1
42,44,-299999.80675920175,458257.04134784907,-999999.0,0.043302240405293936,4,gp-1
43,45,-140000.0659241501,346986.60138624726,-999999.0,0.04341185701637032,4,gp-1
44,44,-180000.00287133173,384186.98437959276,-999999.0,0.0513954411206612,4,gp-1
45,44,-219999.9229300083,414245.8133900138,-999999.0,0.0513954411206612,4,gp-1
46,44,-239999.9166021768,427082.6149954512,-999999.0,0.08441161136698484,4,gp-1
47,47,-139999.9810336578,346986.63563728053,-999999.0,0.04341185701637032,4,gp-1
48,46,-299999.86263630877,458257.00476769556,-999999.0,0.053360114901933015,4,gp-1
49,48,-239999.9049469352,427082.62154511287,-999999.0,0.07513478641610799,4,gp-1
50,46,-240000.0423579205,427082.5443269295,-999999.0,0.07513478641610799,4,gp-1
51,48,-239999.9413298423,427082.6010997134,-999999.0,0.08201565842400023,4,gp-1
52,45,-259999.8566869609,438633.7361890251,-999999.0,0.08441161136698484,4,gp-1
53,43,-239999.90507867502,427082.62147110666,-999999.0,0.16138159721246595,4,gp-1
54,48,-179999.98994565604,384186.9904356093,-999999.0,0.1933986302584591,4,gp-1
55,43,-259999.84891066336,438633.74079842196,-999999.0,0.1933986302584591,4,gp-1
56,45,-279999.7517499713,448998.4176144474,-999999.0,0.1933986302584591,4,gp-1
57,46,-199999.84883173805,399999.57558420755,-999999.0,0.1933986302584591,4,gp-1
58,49,-259999.78882815375,438633.7764122581,-999999.0,0.19338303650202784,4,gp-1
59,42,-199999.85256157035,399999.57371928875,-999999.0,0.11333275828110406,4,gp-1
60,47,-219999.88326207825,414245.83445705066,-999999.0,0.25072976878998665,4,gp-1
61,46,-179999.9087073726,384187.0284973795,-999999.0,0.3098483307175262,4,gp-1
62,46,-199999.90308687964,399999.54845673277,-999999.0,0.4124169769330354,4,gp-1
63,45,-179999.79930285126,384187.0797556076,-999999.0,0.4124169769330354,4,gp-1
64,48,-279999.7574670654,448998.41404923546,-999999.0,0.1649806575280574,4,gp-1
65,44,-139999.95734653238,346986.645194358,-999999.0,0.1649806575280574,4,gp-1
66,46,-179999.88786866385,384187.03826070507,-999999.0,0.1649806575280574,4,gp-1
67,47,-219999.8255952941,414245.86508295283,-999999.0,0.1649943685623249,4,gp-1
68,45,-279999.7402030669,448998.42481520976,-999999.0,0.3072734625682911,4,gp-1
69,49,-239999.8489956092,427082.65298701654,-999999.0,0.09282815286239042,4,gp-1
70,47,-219999.89075798914,414245.8304760797,-999999.0,0.1641093640684877,4,gp-1
71,48,-239999.89476724717,427082.6272656086,-999999.0,0.1641093640684877,4,gp-1
72,45,-180000.02171568497,384186.9755506278,-999999.0,0.08801388161033966,4,gp-1
73,43,-239999.88011740506,427082.63549809094,-999999.0,0.08801388161033966,4,gp-1
74,47,-220000.02594634137,414245.75867964595,-999999.0,0.0668877939255242,4,gp-1
75,45,-299999.9276039996,458256.9622363865,-999999.0,0.0668877939255242,4,gp-1
76,49,-419999.88713332993,493557.7522526792,-999999.0,-0.013333332233275593,4,gp-1
77,46,-359999.8680000013,479999.3490001487,-999999.0,-0.013333240045019486,4,gp-1
78,49,-280000.00876666623,448998.25733652106,-999999.0,-0.01333310637829396,4,gp-1
79,47,-220000.06956666545,414245.73551355756,-999999.0,-0.013333106308584518,4,gp-1
80,44,-319999.92845334107,466475.51467409515,-999999.0,-0.013333106308584518,4,gp-1
81,44,-319999.908318316,466475.52848655835,-999999.0,-0.01258258772551688,4,gp-1
82,47,-240000.04928497795,427082.5404342047,-999999.0,-0.01258258772551688,4,gp-1
83,45,-359999.82780454546,479999.3791467253,-999999.0,0.0031048037944848648,4,gp-1
84,47,-339999.9677999932,473708.07666394045,-999999.0,-0.01333310637829396,4,gp-1
85,49,-359999.9675666775,479999.2743251575,-999999.0,-0.01333310637829396,4,gp-1
86,47,-240000.06923331614,427082.5292242119,-999999.0,-0.013332912636076057,4,gp-1
87,45,-259999.98914933333,438633.65767215315,-999999.0,-0.012468327025753885,4,gp-1
88,47,-439999.7868059978,496386.2484107926,-999999.0,-0.013332912636076057,4,gp-1
89,44,-240000.12903331767,427082.49561952124,-999999.0,-0.013332912636076057,4,gp-1
90,45,-419999.74654226867,493557.8718904333,-999999.0,0.0031094863528230974,4,gp-1
91,49,-319999.92687092826,466475.5157595795,-999999.0,0.028567272225683945,4,gp-1
92,46,-339999.96621183795,473708.0778038259,-999999.0,0.028567272225683945,4,gp-1
93,47,-240000.04754691952,427082.54141091055,-999999.0,0.01773503913078915,4,gp-1
94,42,-279999.8865944561,448998.33352427435,-999999.0,0.01773503913078915,4,gp-1
95,44,-219999.90330048598,414245.82381494145,-999999.0,0.06548262188300213,4,gp-1
96,43,-259999.80275275238,438633.76815841626,-999999.0,0.06548262188300213,4,gp-1
97,45,-439999.68202017655,496386.3412934586,-999999.0,0.01773503913078915,4,gp-1
98,47,-279999.86131131736,448998.3492910258,-999999.0,0.06544720451826942,4,gp-1
99,44,-140000.09702964604,346986.5888361042,-999999.0,0.1318648456977224,4,gp-1
100,45,-199999.99286578275,399999.50356730714,-999999.0,0.13154396581834513,4,gp-1
