gen,nevals,avg,stddev,min,max,run,representation
0,50,-919999.1408666666,271292.7216229297,-999999.0,-0.013333333321310327,3,gp-1
1,47,-719999.5428666666,448998.01588957635,-999999.0,-0.013333333624721633,3,gp-1
2,44,-539999.8847333334,498396.473190727,-999999.0,-0.013333333331737479,3,gp-1
3,44,-220000.48806666667,414245.51325435325,-999999.0,-0.013333333331737479,3,gp-1
4,46,-340000.1273666665,473707.9621364413,-999999.0,-0.013333325704812379,3,gp-1
5,49,-360000.08716666664,479999.1846251423,-999999.0,-0.013333333331737479,3,gp-1
6,46,-519999.7256,499599.0846435666,-999999.0,-0.013333333331737479,3,gp-1
7,45,-459999.8462000007,498396.65076798195,-999999.0,-0.013333308539025005,3,gp-1
8,44,-280000.12826519064,448998.1828161054,-999999.0,-0.013333308539025005,3,gp-1
9,45,-359999.92779999395,479999.3041501678,-999999.0,-0.013333106308584518,3,gp-1
10,47,-359999.98702785716,479999.2597293146,-999999.0,0.01460670226616956,3,gp-1
11,46,-359999.92686915747,479999.3048482951,-999999.0,0.01460670226616956,3,gp-1
12,45,-320000.08659653197,466475.40618873015,-999999.0,0.030574065729217722,3,gp-1
13,48,-359999.983330076,479999.262502613,-999999.0,0.1277005806523304,3,gp-1
14,47,-339999.88166258065,473708.1384882424,-999999.0,0.09301791474334013,3,gp-1
15,49,-279999.92264626804,448998.31104199984,-999999.0,0.07820433362319094,3,gp-1
16,47,-319999.90394794627,466475.53148461087,-999999.0,0.04419340907559045,3,gp-1
17,42,-160000.0436177828,366605.6001245375,-999999.0,0.04127658945239483,3,gp-1
18,44,-180000.1246710295,384186.9273139062,-999999.0,0.04127658945239483,3,gp-1
19,45,-259999.860207209,438633.7341023991,-999999.0,0.04275659508524681,3,gp-1
20,46,-279999.8838161247,448998.3352568254,-999999.0,0.04275659508524681,3,gp-1
21,47,-259999.93424472955,438633.69021679304,-999999.0,0.16763426951516733,3,gp-1
22,43,-239999.852542175,427082.6509940172,-999999.0,0.15786080244804565,3,gp-1
23,48,-200000.00663159697,399999.4966844675,-999999.0,0.22057737938772085,3,gp-1
24,50,-339999.730007409,473708.24733726046,-999999.0,0.32691378598687015,3,gp-1
25,43,-279999.7857741931,448998.3963966585,-999999.0,0.2066955738831844,3,gp-1
26,42,-219999.79183749,414245.8830111979,-999999.0,0.2262921979969439,3,gp-1
27,43,-259999.89118592677,438633.71573990263,-999999.0,0.21484224089779447,3,gp-1
28,45,-299999.79750748613,458257.04740459006,-999999.0,0.1866483639553397,3,gp-1
29,46,-219999.85367243137,414245.8501716989,-999999.0,0.17812244755720025,3,gp-1
30,48,-179999.918275548,384187.0240144805,-999999.0,0.17919820285085905,3,gp-1
31,47,-139999.99442471526,346986.63023434655,-999999.0,0.17812244755720025,3,gp-1
32,43,-179999.9706702263,384186.99946651806,-999999.0,0.19689492127553687,3,gp-1
33,47,-359999.712534587,479999.46559916297,-999999.0,0.20148444254278491,3,gp-1
34,47,-259999.8215725252,438633.75700306165,-999999.0,0.19689492127553687,3,gp-1
35,47,-199999.98461468413,399999.5076928656,-999999.0,0.20252213168498157,3,gp-1
36,44,-159999.95755375235,366605.63768592785,-999999.0,0.2068878693763087,3,gp-1
37,46,-279999.79961123073,448998.38776777027,-999999.0,0.2602484035821122,3,gp-1
38,49,-219999.84873479648,414245.8527939316,-999999.0,0.20231423454024658,3,gp-1
39,44,-319999.87451063085,466475.55167844275,-999999.0,0.20231423454024658,3,gp-1
40,46,-219999.95975551778,414245.7938325704,-999999.0,0.20561166557590382,3,gp-1
41,43,-119999.95847403513,324961.18224556214,-999999.0,0.20561166557590382,3,gp-1
42,48,-359999.82116099773,479999.3841294333,-999999.0,0.20561166557590382,3,gp-1
43,47,-259999.90318549,438633.70862709597,-999999.0,0.15775004180344496,3,gp-1
44,48,-319999.79516704933,466475.60610768426,-999999.0,0.15775004180344496,3,gp-1
45,45,-299999.7984756571,458257.04677066207,-999999.0,0.17073812589963386,3,gp-1
46,46,-180000.05496093343,384186.9599745516,-999999.0,0.15775004180344496,3,gp-1
47,45,-319999.77102995035,466475.62266554014,-999999.0,0.15775004180344496,3,gp-1
48,49,-180000.080850402,384186.9478447905,-999999.0,0.175629417069507,3,gp-1
49,48,-180000.03140799145,384186.9710095983,-999999.0,0.183387218414116,3,gp-1
50,48,-279999.83045253035,448998.3685348976,-999999.0,0.21571241099295627,3,gp-1
51,47,-219999.88784360778,414245.8320238663,-999999.0,0.20289484769411611,3,gp-1
52,46,-179999.9936418677,384186.98870379874,-999999.0,0.17229233777590947,3,gp-1
53,48,-339999.8556661524,473708.15714693104,-999999.0,0.17229233777590947,3,gp-1
54,47,-339999.8199717531,473708.1827662685,-999999.0,0.1705139538224122,3,gp-1
55,49,-339999.8313180536,473708.1746225425,-999999.0,0.1775084111176766,3,gp-1
56,45,-199999.94757302993,399999.5262136591,-999999.0,0.1775084111176766,3,gp-1
57,47,-279999.8787777611,448998.3383988276,-999999.0,0.32848096758393647,3,gp-1
58,43,-139999.97640108748,346986.63750641496,-999999.0,0.32848096758393647,3,gp-1
59,43,-199999.79789683345,399999.6010516784,-999999.0,0.38717418521693286,3,gp-1
60,47,-319999.77952787967,466475.61683606025,-999999.0,0.38717418521693286,3,gp-1
61,47,-299999.73781865364,458257.08647996327,-999999.0,0.20175731565686247,3,gp-1
62,48,-140000.04082775573,346986.61151203397,-999999.0,0.40972931993666506,3,gp-1
63,47,-179999.8730998931,384187.0451802754,-999999.0,0.6224401355120169,3,gp-1
64,43,-259999.66095347208,438633.8522098134,-999999.0,0.6224401355120169,3,gp-1
65,44,-259999.62501697324,438633.87351107586,-999999.0,0.6224401355120169,3,gp-1
66,47,-219999.73737647387,414245.91193464404,-999999.0,0.49055103841813763,3,gp-1
67,45,-279999.7022859049,448998.4484607591,-999999.0,0.49055103841813763,3,gp-1
68,43,-139999.8388455475,346986.69300625526,-999999.0,0.49055103841813763,3,gp-1
69,46,-99999.92515220126,299999.6916161279,-999999.0,0.40550271516515074,3,gp-1
70,42,-259999.77476867754,438633.7847460131,-999999.0,0.2801498385750336,3,gp-1
71,46,-139999.87367483397,346986.6789536291,-999999.0,0.41845256076641246,3,gp-1
72,46,-199999.7890923094,399999.6054539466,-999999.0,0.576876577445759,3,gp-1
73,46,-199999.78942488862,399999.6052876525,-999999.0,0.3536327038268435,3,gp-1
74,41,-139999.8566449701,346986.6858247924,-999999.0,0.3779847401417183,3,gp-1
75,44,-139999.833198356,346986.6952848468,-999999.0,0.48837061875927373,3,gp-1
76,44,-119999.86728152914,324961.21592071827,-999999.0,0.49881723343325973,3,gp-1
77,44,-159999.84870491902,366605.68519159756,-999999.0,0.49881723343325973,3,gp-1
78,46,-179999.7683435524,384187.0942607484,-999999.0,0.49881723343325973,3,gp-1
79,45,-159999.75150541618,366605.72761266964,-999999.0,0.5322138484608526,3,gp-1
80,47,-199999.78119114003,399999.6094045674,-999999.0,0.5319773595076497,3,gp-1
81,47,-259999.70940463082,438633.8234904543,-999999.0,0.5319773595076497,3,gp-1
82,46,-159999.89924002363,366605.66313612525,-999999.0,0.3810782903619968,3,gp-1
83,46,-199999.79741506395,399999.6012925618,-999999.0,0.3372270782668256,3,gp-1
84,47,-239999.84067222688,427082.65766441537,-999999.0,0.26809687356765044,3,gp-1
85,48,-219999.8040170297,414245.8765428858,-999999.0,0.47598100329682974,3,gp-1
86,45,-279999.7204489298,448998.437134114,-999999.0,0.47598100329682974,3,gp-1
87,45,-259999.80005767944,438633.7697560059,-999999.0,0.3810782903619968,3,gp-1
88,46,-199999.82154404157,399999.5892281007,-999999.0,0.37732656462667885,3,gp-1
89,45,-179999.87258795314,384187.0454201565,-999999.0,0.3810782903619968,3,gp-1
90,47,-339999.6506024972,473708.3043293332,-999999.0,0.2985174240157448,3,gp-1
91,45,-139999.9245316662,346986.6584343037,-999999.0,0.31781639841061915,3,gp-1
92,47,-239999.88400571528,427082.6333131629,-999999.0,0.3418883239492115,3,gp-1
93,45,-299999.76778670907,458257.06686136674,-999999.0,0.31781639841061915,3,gp-1
94,43,-159999.80617823108,366605.7037515927,-999999.0,0.36283076351071974,3,gp-1
95,48,-159999.73720531128,366605.7338537062,-999999.0,0.3449310990037872,3,gp-1
96,48,-279999.7054661028,448998.44647752156,-999999.0,0.3256485111256688,3,gp-1
97,46,-319999.75055881054,466475.63670866174,-999999.0,0.2876505403488614,3,gp-1
98,44,-119999.9598264854,324961.1817462457,-999999.0,0.2876505403488614,3,gp-1
99,46,-299999.71170029475,458257.1035784507,-999999.0,0.3135888520024265,3,gp-1
100,46,-239999.6992259027,427082.7371502236,-999999.0,0.3069287837433114,3,gp-1
