gen,nevals,avg,stddev,min,max,run,representation
0,50,-959999.0803999999,195958.78554470363,-999999.0,-1.0099999999999998,4,gp-2
1,47,-919999.1608,271292.6540256801,-999999.0,-1.0099999999999998,4,gp-2
2,44,-719999.5627999998,448997.98392511124,-999999.0,-1.0099999999999998,4,gp-2
3,46,-440000.1256,496385.94810187304,-999999.0,-1.0099999999999998,4,gp-2
4,46,-280000.4073333328,448998.008786388,-999999.0,-0.013333306672006655,4,gp-2
5,46,-240000.50766666664,427082.28284575,-999999.0,-0.013333333331737479,4,gp-2
6,49,-220000.46823333332,414245.5237875576,-999999.0,-0.013333333277290834,4,gp-2
7,49,-340000.08740000054,473707.9908221524,-999999.0,-0.013333333331737479,4,gp-2
8,47,-100000.37076666593,299999.54307815083,-999999.0,-0.013333106378293956,4,gp-2
9,45,-140000.1106666531,346986.58333386586,-999999.0,-0.013332912636076057,4,gp-2
10,46,-260000.00919997867,438633.6457871611,-999999.0,-0.013332912636076057,4,gp-2
11,46,-379999.8474911347,485385.78049563785,-999999.0,0.0031094863528231503,4,gp-2
12,48,-260000.1087378101,438633.58678623213,-999999.0,0.0031094863528231503,4,gp-2
13,44,-220000.14897114396,414245.6933430472,-999999.0,0.0031094863528231503,4,gp-2
14,48,-280000.0288733693,448998.24479783745,-999999.0,-0.012469214598714027,4,gp-2
15,48,-220000.12954938717,414245.7036576486,-999999.0,-0.012469214598714027,4,gp-2
16,42,-160000.0704036928,366605.58843421616,-999999.0,-0.010184736293570746,4,gp-2
17,47,-200000.22946666298,399999.3852669165,-999999.0,-0.01333310637829396,4,gp-2
18,47,-160000.21020000186,366605.5274221639,-999999.0,-0.013333333331737479,4,gp-2
19,45,-220000.0895000018,414245.7249272676,-999999.0,-0.013333333331737479,4,gp-2
20,46,-319999.9283666664,466475.5147335104,-999999.0,-0.013333308468046326,4,gp-2
21,47,-319999.98836666223,466475.4735738662,-999999.0,-0.01333310637829396,4,gp-2
22,47,-259999.98916665956,438633.6576618831,-999999.0,-0.013332912636076057,4,gp-2
23,46,-180000.09016665036,384186.94347992004,-999999.0,-0.013332912636076057,4,gp-2
24,48,-220000.10954571937,414245.71428129287,-999999.0,-0.012469214598714065,4,gp-2
25,48,-240000.06941601794,427082.5291215426,-999999.0,-0.012468327025753885,4,gp-2
26,46,-200000.02931833622,399999.4853410813,-999999.0,0.03174927587989915,4,gp-2
27,48,-180000.08884609514,384186.94409863075,-999999.0,0.03174927587989915,4,gp-2
28,49,-200000.1694457357,399999.41527742986,-999999.0,0.019268023265213985,4,gp-2
29,46,-140000.06989387068,346986.5997845675,-999999.0,0.011387326886592462,4,gp-2
30,45,-219999.9878651963,414245.778903947,-999999.0,0.015544789642303608,4,gp-2
31,45,-180000.0875973908,384186.9446836754,-999999.0,0.02792715034105796,4,gp-2
32,48,-120000.22547058095,324961.08365088707,-999999.0,0.07371243173499216,4,gp-2
33,44,-200000.15850460273,399999.42074796045,-999999.0,0.23887946399620819,4,gp-2
34,48,-200000.09455607948,399999.4527222114,-999999.0,0.14966088030514377,4,gp-2
35,44,-40000.42475073339,195958.88859782825,-999999.0,0.14966088030514377,4,gp-2
36,45,-180000.26472720836,384186.86169475835,-999999.0,0.14163267435975732,4,gp-2
37,45,-160000.09531581597,366605.57756174443,-999999.0,0.18668093646781886,4,gp-2
38,47,-160000.2060885201,366605.5292166011,-999999.0,0.17268746079369202,4,gp-2
39,44,-80000.2425698156,271292.8329116011,-999999.0,0.1417185811986586,4,gp-2
40,47,-160000.1221466911,366605.5658517955,-999999.0,0.25165378502497887,4,gp-2
41,47,-140000.1921623668,346986.5504526281,-999999.0,0.25165378502497887,4,gp-2
42,47,-140000.1278954074,346986.5763826079,-999999.0,0.25165378502497887,4,gp-2
43,47,-120000.21256632803,324961.0884160285,-999999.0,0.23365121710003373,4,gp-2
44,48,-160000.23340240083,366605.5172959244,-999999.0,0.23365121710003373,4,gp-2
45,48,-160000.23887797014,366605.5149061827,-999999.0,0.22105100595530786,4,gp-2
46,48,-220000.03245284426,414245.7552242871,-999999.0,0.18881578750785002,4,gp-2
47,49,-140000.13136994065,346986.5749807795,-999999.0,0.1843857000667353,4,gp-2
48,45,-219999.93224657944,414245.8084422019,-999999.0,0.20186921285164655,4,gp-2
49,42,-119999.98793203227,324961.17136763915,-999999.0,0.20947433979157273,4,gp-2
50,47,-80000.13739940003,271292.8639246817,-999999.0,0.2077841833909371,4,gp-2
51,50,-100000.12094456969,299999.62635245937,-999999.0,0.2703094839443087,4,gp-2
52,43,-139999.92026712632,346986.66015507997,-999999.0,0.24770128463382968,4,gp-2
53,46,-160000.10069398367,366605.5752145836,-999999.0,0.24770128463382968,4,gp-2
54,45,-119999.95776546924,324961.1825073652,-999999.0,0.2668968013861681,4,gp-2
55,42,-159999.96555577347,366605.634193653,-999999.0,0.2668968013861681,4,gp-2
56,45,-100000.11474829116,299999.6284178542,-999999.0,0.3297506574503049,4,gp-2
57,47,-40000.16116697968,195958.94240113941,-999999.0,0.2758107376366757,4,gp-2
58,45,-140000.13169471722,346986.5748498942,-999999.0,0.2758107376366757,4,gp-2
59,48,-160000.18348357666,366605.53908240196,-999999.0,0.23454743475210657,4,gp-2
60,46,-140000.17900650838,346986.5557610093,-999999.0,0.2554751572609052,4,gp-2
61,45,-140000.1082124302,346986.5843243019,-999999.0,0.2554751572609052,4,gp-2
62,47,-160000.06384888868,366605.5912952355,-999999.0,0.23546798707645394,4,gp-2
63,47,-80000.33307643088,271292.80622279353,-999999.0,0.2755169296548589,4,gp-2
64,47,-100000.18155463725,299999.60614893446,-999999.0,0.2755169296548589,4,gp-2
65,48,-140000.15360318767,346986.5660102102,-999999.0,0.2755169296548589,4,gp-2
66,42,-120000.15927690206,324961.1080945122,-999999.0,0.27683369123430845,4,gp-2
67,46,-120000.03759878,324961.15302708116,-999999.0,0.27683369123430845,4,gp-2
68,45,-40000.043652393535,195958.96638837343,-999999.0,0.25539767059547747,4,gp-2
69,48,-100000.13194513503,299999.6226853464,-999999.0,0.20036659016138902,4,gp-2
70,47,-140000.17704062173,346986.55655392696,-999999.0,0.20598403480888364,4,gp-2
71,43,-160000.0160711034,366605.6121470924,-999999.0,0.23510828337541498,4,gp-2
72,45,-20000.31715677698,139999.81183655182,-999999.0,0.2668968013861681,4,gp-2
73,48,-100000.18082303827,299999.6063927777,-999999.0,0.2668968013861681,4,gp-2
74,47,-200000.06001164275,399999.4699944671,-999999.0,0.2668968013861681,4,gp-2
75,46,-100000.23597707134,299999.5880083637,-999999.0,0.25031288754378883,4,gp-2
76,47,-120000.1127064601,324961.12529183127,-999999.0,0.24726626800472665,4,gp-2
77,46,-120000.25173612192,324961.0739519264,-999999.0,0.26662129161888254,4,gp-2
78,48,-140000.14131988268,346986.57096636016,-999999.0,0.26662129161888254,4,gp-2
79,43,-60000.16299073593,237486.54791694495,-999999.0,0.26662623524576495,4,gp-2
80,47,-120000.13442108447,324961.1172730661,-999999.0,0.2668968013861681,4,gp-2
81,45,-160000.11000389245,366605.5711514507,-999999.0,0.2668968013861681,4,gp-2
82,44,-60000.214769427526,237486.53483523134,-999999.0,0.3341217646248305,4,gp-2
83,44,-140000.04243623826,346986.6108631768,-999999.0,0.2668968013861681,4,gp-2
84,43,-100000.12219391689,299999.6259359417,-999999.0,0.26662623524576495,4,gp-2
85,47,-160000.04705876915,366605.5986229192,-999999.0,0.26662129161888254,4,gp-2
86,45,-100000.0443196516,299999.65189377003,-999999.0,0.26662129161888254,4,gp-2
87,44,-40000.24438503051,195958.92541442908,-999999.0,0.26662129161888254,4,gp-2
88,46,-40000.33896732137,195958.90610841423,-999999.0,0.2920020827089429,4,gp-2
89,46,-140000.08788024032,346986.59252766863,-999999.0,0.32937860178551365,4,gp-2
90,44,-160000.0650704644,366605.59076198656,-999999.0,0.32937860178551365,4,gp-2
91,46,-80000.11568149846,271292.8703288779,-999999.0,0.25582666498750706,4,gp-2
92,45,-100000.21538897243,299999.59487081104,-999999.0,0.17356779200135228,4,gp-2
93,48,-120000.19261168866,324961.095785129,-999999.0,0.21851893032837394,4,gp-2
94,47,-140000.28212594788,346986.51415472996,-999999.0,0.17356779200135228,4,gp-2
95,46,-120000.22219023282,324961.08486215334,-999999.0,0.21851893032837394,4,gp-2
96,46,-180000.1034248245,384186.9372682826,-999999.0,0.1867648481588405,4,gp-2
97,46,-80000.32099018697,271292.80978695786,-999999.0,0.1867648481588405,4,gp-2
98,47,-160000.06609620177,366605.5903142506,-999999.0,0.16532185949121167,4,gp-2
99,47,-180000.26747560865,384186.8604069686,-999999.0,0.1673284839076002,4,gp-2
100,42,-80000.38488710142,271292.7909449331,-999999.0,0.1673284839076002,4,gp-2
