gen,nevals,avg,stddev,min,max,run,representation
0,50,-979999.0401999999,139999.7186,-999999.0,-1.0099999999999998,1,gp-2
1,45,-979999.0401999999,139999.7186,-999999.0,-1.0099999999999998,1,gp-2
2,45,-859999.2614666666,346986.38341838476,-999999.0,-0.013333333331737479,1,gp-2
3,49,-519999.905,499598.8979180592,-999999.0,-0.013333333331737479,1,gp-2
4,46,-380000.2064333333,485385.499486332,-999999.0,-0.013333333331737479,1,gp-2
5,46,-539999.8249333333,498396.5379824348,-999999.0,-0.013333333277290834,1,gp-2
6,43,-340000.227033331,473707.89060157613,-999999.0,-0.013333054283323025,1,gp-2
7,47,-479999.88591999345,499598.9887076245,-999999.0,-0.013332970357706773,1,gp-2
8,48,-340000.0278000061,473708.0335994977,-999999.0,-0.013333308367218357,1,gp-2
9,49,-399999.9072866733,489897.20776036225,-999999.0,-0.013333308367218357,1,gp-2
10,47,-320000.02803771826,466475.4463597485,-999999.0,-0.013333308367218357,1,gp-2
11,45,-200000.18895652983,399999.40552198386,-999999.0,0.018840140438127203,1,gp-2
12,46,-320000.0875087326,466475.40556296444,-999999.0,0.012896673945222528,1,gp-2
13,42,-359999.7654821961,479999.4258884552,-999999.0,0.03958965464833944,1,gp-2
14,47,-219999.98764855575,414245.7790190025,-999999.0,0.026241910005542934,1,gp-2
15,45,-259999.90568216506,438633.7071471926,-999999.0,0.08726991918373486,1,gp-2
16,42,-219999.9867776772,414245.77948151313,-999999.0,0.026132088463688637,1,gp-2
17,46,-239999.80033776406,427082.6803303023,-999999.0,0.16683781288572136,1,gp-2
18,44,-259999.88159383365,438633.72142551496,-999999.0,0.08111788413276998,1,gp-2
19,45,-279999.8990864476,448998.3257341659,-999999.0,0.08111788413276998,1,gp-2
20,48,-279999.86069726216,448998.3496739578,-999999.0,0.06123157260883729,1,gp-2
21,48,-140000.1406087949,346986.5712530458,-999999.0,0.1442973332921355,1,gp-2
22,46,-139999.99624376107,346986.629500377,-999999.0,0.2610156384752772,1,gp-2
23,46,-219999.95094803162,414245.7985101482,-999999.0,0.26088900881097754,1,gp-2
24,48,-199999.93644226567,399999.5317790175,-999999.0,0.07102725599041418,1,gp-2
25,44,-159999.9549462949,366605.6388239373,-999999.0,0.061231681087567644,1,gp-2
26,47,-139999.9954045357,346986.6298389818,-999999.0,0.13851553371930175,1,gp-2
27,49,-139999.9817887334,346986.63533266034,-999999.0,0.219471930544199,1,gp-2
28,46,-100000.09576912099,299999.6347440059,-999999.0,0.30240754669497943,1,gp-2
29,48,-239999.85307283877,427082.65069588594,-999999.0,0.3084626259363513,1,gp-2
30,46,-119999.94485430731,324961.18727502506,-999999.0,0.31028212514200393,1,gp-2
31,45,-139999.99449861457,346986.6302049138,-999999.0,0.31028212514200393,1,gp-2
32,44,-119999.90190484308,324961.2031353322,-999999.0,0.3234891250943057,1,gp-2
33,46,-139999.8961375555,346986.6698905089,-999999.0,0.30362144162491694,1,gp-2
34,45,-140000.05339680958,346986.6064410668,-999999.0,0.30362144162491694,1,gp-2
35,48,-80000.01431326108,271292.9002206139,-999999.0,0.312157290675237,1,gp-2
36,45,-139999.94228250466,346986.65127239574,-999999.0,0.3297964192719009,1,gp-2
37,48,-80000.0755180205,271292.8821726659,-999999.0,0.32764587343237167,1,gp-2
38,43,-59999.98264412099,237486.593480314,-999999.0,0.32764587343237167,1,gp-2
39,46,-79999.88172739469,271292.9393179447,-999999.0,0.32764587343237167,1,gp-2
40,44,-179999.89325235455,384187.03573867236,-999999.0,0.3297450071176706,1,gp-2
41,47,-179999.84267101708,384187.0594368736,-999999.0,0.327413417665005,1,gp-2
42,43,-179999.8841065384,384187.0400237899,-999999.0,0.327413417665005,1,gp-2
43,43,-159999.91260044856,366605.6573052237,-999999.0,0.327413417665005,1,gp-2
44,45,-139999.8568061887,346986.6857596828,-999999.0,0.327413417665005,1,gp-2
45,46,-179999.819693152,384187.0702023814,-999999.0,0.3581750570997625,1,gp-2
46,45,-119999.89697828132,324961.2049544068,-999999.0,0.34378104612844834,1,gp-2
47,47,-119999.91725924252,324961.1974651975,-999999.0,0.3357193287921915,1,gp-2
48,46,-159999.89763160533,366605.6638380655,-999999.0,0.3005969783736692,1,gp-2
49,46,-120000.10546132685,324961.1279680499,-999999.0,0.27624803008649057,1,gp-2
50,46,-120000.07436901612,324961.1394487345,-999999.0,0.2755430384954189,1,gp-2
51,47,-179999.98162990966,384186.9943316684,-999999.0,0.28196461723502464,1,gp-2
52,46,-179999.9594745128,384187.0047119285,-999999.0,0.3041155846125732,1,gp-2
53,46,-140000.10744243045,346986.5846350051,-999999.0,0.3636721985763798,1,gp-2
54,48,-120000.26329608337,324961.06968313485,-999999.0,0.3679555024062913,1,gp-2
55,44,-199999.95905139644,399999.52047454944,-999999.0,0.3679555024062913,1,gp-2
56,49,-199999.87079800956,399999.56460112246,-999999.0,0.2744334418152872,1,gp-2
57,47,-159999.94551597667,366605.64293964894,-999999.0,0.2996868684633024,1,gp-2
58,45,-119999.98484428911,324961.1725077949,-999999.0,0.35897444111795623,1,gp-2
59,49,-79999.99551603962,271292.9057635806,-999999.0,0.3661663865771722,1,gp-2
60,48,-179999.86050619424,384187.0510806194,-999999.0,0.40416516777857175,1,gp-2
61,46,-139999.8750185008,346986.6784114592,-999999.0,0.3542006325897288,1,gp-2
62,46,-179999.80798522785,384187.07568779733,-999999.0,0.33644385147358846,1,gp-2
63,44,-139999.9111776494,346986.6638225692,-999999.0,0.40057559915803037,1,gp-2
64,46,-119999.95929627777,324961.18194214907,-999999.0,0.5113623418715905,1,gp-2
65,47,-259999.71980040512,438633.81732837367,-999999.0,0.520031219139447,1,gp-2
66,47,-119999.9442068679,324961.1875143603,-999999.0,0.520031219139447,1,gp-2
67,47,-160000.01402304994,366605.61304099933,-999999.0,0.42280785387071945,1,gp-2
68,47,-239999.80132835315,427082.67977372935,-999999.0,0.42280785387071945,1,gp-2
69,47,-119999.89328695787,324961.2063175193,-999999.0,0.37635494727906066,1,gp-2
70,48,-219999.76319551416,414245.8982225313,-999999.0,0.41014999319587725,1,gp-2
71,43,-219999.80426826456,414245.87640946143,-999999.0,0.41014999319587725,1,gp-2
72,46,-139999.925797269,346986.6579236695,-999999.0,0.3787946837999777,1,gp-2
73,45,-239999.75984431893,427082.7030857278,-999999.0,0.365654207816085,1,gp-2
74,48,-79999.91479892522,271292.9295656698,-999999.0,0.365654207816085,1,gp-2
75,46,-139999.80522126678,346986.70657276805,-999999.0,0.3735313920453097,1,gp-2
76,45,-119999.8776478043,324961.2120926224,-999999.0,0.365648049720111,1,gp-2
77,47,-299999.7427582047,458257.08324636467,-999999.0,0.2890991057597034,1,gp-2
78,46,-180000.0745190514,384186.9508114938,-999999.0,0.36792804431091747,1,gp-2
79,49,-100000.21809367857,299999.5939693752,-999999.0,0.3058495062443938,1,gp-2
80,48,-120000.11657457236,324961.12386351987,-999999.0,0.2619543657822767,1,gp-2
81,49,-139999.94584731248,346986.64983399975,-999999.0,0.5192627297697487,1,gp-2
82,43,-179999.9459228701,384187.01106137625,-999999.0,0.35895260213692587,1,gp-2
83,47,-199999.85827763018,399999.57086131966,-999999.0,0.3994027736716076,1,gp-2
84,47,-159999.88086289758,366605.67115670216,-999999.0,0.3994027736716076,1,gp-2
85,45,-119999.9043118151,324961.20224635745,-999999.0,0.3994027736716076,1,gp-2
86,45,-119999.90778653891,324961.20096339134,-999999.0,0.3994027736716076,1,gp-2
87,46,-119999.95526075836,324961.18343226303,-999999.0,0.3994027736716076,1,gp-2
88,47,-219999.80994657218,414245.8733937912,-999999.0,0.3459622186976632,1,gp-2
89,47,-179999.89438103483,384187.0352095785,-999999.0,0.269361238815709,1,gp-2
90,47,-159999.97286228024,366605.6310047945,-999999.0,0.3436188919269981,1,gp-2
91,48,-199999.8351355831,399999.5824323219,-999999.0,0.38326528720211067,1,gp-2
92,42,-239999.73957738362,427082.7144747036,-999999.0,0.31758665034875083,1,gp-2
93,45,-60000.01353396577,237486.585676151,-999999.0,0.29253187847946727,1,gp-2
94,48,-119999.94331160263,324961.1878447065,-999999.0,0.3096750872892778,1,gp-2
95,46,-119999.89862415662,324961.2043465841,-999999.0,0.29248408580386087,1,gp-2
96,44,-99999.9033334365,299999.6988889798,-999999.0,0.32842454263735466,1,gp-2
97,46,-199999.81499667998,399999.5925017811,-999999.0,0.3172485660135682,1,gp-2
98,47,-119999.94992694777,324961.18540186575,-999999.0,0.33817562623590214,1,gp-2
99,46,-119999.99157376721,324961.17002276715,-999999.0,0.33817562623590214,1,gp-2
100,44,-179999.98273680574,384186.9938132542,-999999.0,0.3783127147107669,1,gp-2
