gen,nevals,avg,stddev,min,max,run,representation
0,50,-979999.0190204707,139999.8668567049,-999999.0,0.04897646365887491,6,gp-2
1,49,-899999.1798204709,299999.46053861774,-999999.0,0.04897646365887491,6,gp-2
2,46,-739999.5026666665,438633.39596304216,-999999.0,-0.013333329152764705,6,gp-2
3,48,-300000.3671333336,458256.6744967696,-999999.0,-0.013333333331737479,6,gp-2
4,47,-100000.80900000001,299999.39699999994,-999999.0,-1.0099999999999998,6,gp-2
5,44,-180000.60833333392,384186.7007076187,-999999.0,-0.013333333327402892,6,gp-2
6,49,-380000.18639999983,485385.51517007255,-999999.0,-0.013333308539025004,6,gp-2
7,45,-280000.3076666659,448998.0709395577,-999999.0,-0.013333308539025004,6,gp-2
8,44,-340000.0673280463,473708.00522861385,-999999.0,0.0035976417283784456,6,gp-2
9,46,-240000.20799755713,427082.45124544564,-999999.0,0.00819114308662977,6,gp-2
10,49,-200000.20750170975,399999.3962493963,-999999.0,0.01822939594827703,6,gp-2
11,47,-140000.12908770997,346986.57590153365,-999999.0,0.024427983898889373,6,gp-2
12,46,-200000.08817486197,399999.4559129956,-999999.0,0.013845766602004738,6,gp-2
13,46,-220000.06723495066,414245.7367519468,-999999.0,0.02324578657945584,6,gp-2
14,45,-140000.1657518006,346986.5611085171,-999999.0,0.02324578657945584,6,gp-2
15,45,-80000.22302165416,271292.83867613046,-999999.0,0.0668877939255242,6,gp-2
16,47,-80000.09929403289,271292.8751611618,-999999.0,0.0639212994522828,6,gp-2
17,48,-220000.00192613498,414245.77143640944,-999999.0,0.07591670389249801,6,gp-2
18,45,-139999.957486153,346986.6451379911,-999999.0,0.06688825264014378,6,gp-2
19,47,-200000.05034363066,399999.4748284717,-999999.0,0.20651587772895486,6,gp-2
20,50,-140000.0959357737,346986.5892774549,-999999.0,0.20651587772895486,6,gp-2
21,47,-140000.10926873147,346986.58389798243,-999999.0,0.2085510462753377,6,gp-2
22,47,-139999.99251876707,346986.6310033477,-999999.0,0.27034632847018325,6,gp-2
23,45,-120000.02009233386,324961.15949170204,-999999.0,0.27330141987668216,6,gp-2
24,45,-100000.05668767176,299999.6477710465,-999999.0,0.27330141987668216,6,gp-2
25,48,-139999.917654572,346986.66120895953,-999999.0,0.37079876943569856,6,gp-2
26,43,-119999.99590064418,324961.1684249975,-999999.0,0.37079876943569856,6,gp-2
27,40,-159999.86174707458,366605.67949933605,-999999.0,0.37079876943569856,6,gp-2
28,46,-159999.84394324952,366605.68726953684,-999999.0,0.3376009166642999,6,gp-2
29,43,-79999.9352759371,271292.92352740903,-999999.0,0.43514014319501465,6,gp-2
30,45,-139999.90716138273,346986.6654427606,-999999.0,0.4233295236255177,6,gp-2
31,42,-39999.908054877866,195958.99406694973,-999999.0,0.4233295236255177,6,gp-2
32,45,-59999.95774123358,237486.59977198503,-999999.0,0.4233295236255177,6,gp-2
33,49,-139999.84086272056,346986.6921924156,-999999.0,0.3080342849289483,6,gp-2
34,48,-239999.74422467806,427082.7118631492,-999999.0,0.3710703566858386,6,gp-2
35,44,-119999.87908254917,324961.21156280633,-999999.0,0.3043985726814332,6,gp-2
36,48,-99999.96624662164,299999.6779180094,-999999.0,0.3966674250336769,6,gp-2
37,48,-119999.98328652154,324961.1730831371,-999999.0,0.3207547740880686,6,gp-2
38,48,-40000.05219224876,195958.96464517651,-999999.0,0.33871467746415546,6,gp-2
39,47,-239999.8136502804,427082.67284936586,-999999.0,0.3559015127527745,6,gp-2
40,46,-119999.92025543272,324961.19635873503,-999999.0,0.3356448588026289,6,gp-2
41,48,-99999.96247623971,299999.67917480477,-999999.0,0.34367661347455347,6,gp-2
42,47,-139999.85461571583,346986.68664344045,-999999.0,0.40715618734598436,6,gp-2
43,48,-99999.91981365815,299999.6933956025,-999999.0,0.3358766091588851,6,gp-2
44,45,-99999.89626188122,299999.70124620997,-999999.0,0.38063027602247,6,gp-2
45,45,-99999.84954579323,299999.71681821573,-999999.0,0.40715618734598436,6,gp-2
46,48,-159999.74987491855,366605.7283242794,-999999.0,0.43188056104167927,6,gp-2
47,48,-159999.769751127,366605.7196495853,-999999.0,0.4385574310139348,6,gp-2
48,46,-99999.86592370804,299999.71135886386,-999999.0,0.4385574310139348,6,gp-2
49,45,-59999.88461402155,237486.61824713196,-999999.0,0.4385574310139348,6,gp-2
50,44,-219999.7928351208,414245.88248146715,-999999.0,0.4385574310139348,6,gp-2
51,47,-179999.90752124172,384187.02905314596,-999999.0,0.49456792280317,6,gp-2
52,47,-119999.88842813545,324961.2081117654,-999999.0,0.49456792280317,6,gp-2
53,47,-139999.9930839436,346986.63077548187,-999999.0,0.3807909713015982,6,gp-2
54,45,-99999.9171619039,299999.69427960954,-999999.0,0.3854770595019015,6,gp-2
55,47,-159999.8765451536,366605.67304099305,-999999.0,0.4259285346749152,6,gp-2
56,46,-40000.01830945615,195958.9715616956,-999999.0,0.4690817070965512,6,gp-2
57,47,-139999.94723954855,346986.6492724046,-999999.0,0.45437152557892396,6,gp-2
58,42,-100000.00901622856,299999.66366173554,-999999.0,0.42450286721503444,6,gp-2
59,48,-159999.8251017707,366605.69549264084,-999999.0,0.40625878818010874,6,gp-2
60,46,-159999.81022731465,366605.7019843497,-999999.0,0.3614324711030895,6,gp-2
61,44,-119999.9028759232,324961.20277655317,-999999.0,0.3614324711030895,6,gp-2
62,46,-159999.96486501908,366605.6344950954,-999999.0,0.41585620271919954,6,gp-2
63,46,-179999.8184268626,384187.0707956639,-999999.0,0.372711622980161,6,gp-2
64,44,-80000.00952553411,271292.9016324405,-999999.0,0.33431671644230726,6,gp-2
65,48,-80000.01013717476,271292.90145212284,-999999.0,0.4061399058231656,6,gp-2
66,44,-79999.851915844,271292.9481088596,-999999.0,0.4061399058231656,6,gp-2
67,46,-159999.7894505793,366605.7110521121,-999999.0,0.45613634608070225,6,gp-2
68,45,-199999.80974231006,399999.59512904007,-999999.0,0.45613634608070225,6,gp-2
69,46,-99999.91004183877,299999.69665304036,-999999.0,0.40625878818010874,6,gp-2
70,47,-99999.91025270204,299999.696582639,-999999.0,0.4205129742783996,6,gp-2
71,45,-179999.7835968565,384187.0871142353,-999999.0,0.40625878818010874,6,gp-2
72,43,-79999.94435341161,271292.9208505505,-999999.0,0.26756020121510804,6,gp-2
73,46,-139999.9774903988,346986.6370669041,-999999.0,0.2675516067551014,6,gp-2
74,49,-159999.9935455246,366605.62197796284,-999999.0,0.48821557556264644,6,gp-2
75,44,-139999.8683521899,346986.681101179,-999999.0,0.48821557556264644,6,gp-2
76,48,-119999.91679389642,324961.19763703225,-999999.0,0.48821557556264644,6,gp-2
77,45,-119999.90514867115,324961.2019372819,-999999.0,0.28127974762516844,6,gp-2
78,46,-40000.09981034759,195958.95492523912,-999999.0,0.21061215114484252,6,gp-2
79,49,-119999.9691836464,324961.1782908423,-999999.0,0.3112816927567965,6,gp-2
80,45,-99999.93553692063,299999.6881545087,-999999.0,0.41932366478507654,6,gp-2
81,43,-119999.91493965092,324961.1983217249,-999999.0,0.41932366478507654,6,gp-2
82,45,-119999.95318546191,324961.18419861497,-999999.0,0.41932366478507654,6,gp-2
83,41,-99999.90453517456,299999.6984884457,-999999.0,0.41932366478507654,6,gp-2
84,46,-219999.77024309587,414245.894479727,-999999.0,0.41932366478507654,6,gp-2
85,41,-119999.88716592455,324961.2085778579,-999999.0,0.36925651972890156,6,gp-2
86,48,-199999.77810516287,399999.61094748595,-999999.0,0.36925651972890156,6,gp-2
87,47,-99999.87896843256,299999.7070106586,-999999.0,0.4063099586433173,6,gp-2
88,46,-99999.9459936114,299999.68466902437,-999999.0,0.4158459705087457,6,gp-2
89,47,-139999.97222549605,346986.63919119816,-999999.0,0.45442068953604775,6,gp-2
90,43,-99999.88894255768,299999.70368594746,-999999.0,0.41932366478507654,6,gp-2
91,47,-59999.933557943776,237486.6058816351,-999999.0,0.3931480339876014,6,gp-2
92,47,-139999.97230405928,346986.6391594598,-999999.0,0.3080714703854294,6,gp-2
93,46,-80000.05177739367,271292.88917310204,-999999.0,0.37269548254711204,6,gp-2
94,47,-179999.8744009198,384187.04457066837,-999999.0,0.2656169409421018,6,gp-2
95,43,-119999.93860375356,324961.1895831951,-999999.0,0.25180188070469695,6,gp-2
96,47,-159999.997790185,366605.6201253765,-999999.0,0.21451491547904916,6,gp-2
97,49,-120000.0525102851,324961.1475205278,-999999.0,0.19138676019283105,6,gp-2
98,45,-179999.8976107829,384187.033696341,-999999.0,0.19138676019283105,6,gp-2
99,42,-199999.85535953357,399999.57232033607,-999999.0,0.19138676019283105,6,gp-2
100,48,-80000.02528032269,271292.89698663395,-999999.0,0.23291651589738607,6,gp-2
