gen,nevals,avg,stddev,min,max,run,wlasne_prawd
0,50,0.0,0.0,0.0,0.0,4,2
1,46,1.704430071163761e-13,4.224393790862678e-13,0.0,1.2174500508312578e-12,4,2
2,44,1.2259505075067558e-10,2.7198470790768476e-10,0.0,7.437258263850433e-10,4,2
3,47,4.738437476265963e-10,6.650057512554762e-10,0.0,4.4593252930586575e-09,4,2
4,44,7.023834334114001e-10,9.211226982532924e-10,0.0,5.248895618991856e-09,4,2
5,41,1.0246743625027403e-09,1.4012465323071537e-09,0.0,6.5675771507458445e-09,4,2
6,44,1.4508194319694705e-08,5.120856387141506e-08,0.0,2.636092029445944e-07,4,2
7,46,3.808142256196639e-08,9.449829037200731e-08,0.0,4.930483940592985e-07,4,2
8,45,1.841288550654148e-07,2.950861548154825e-07,0.0,1.8364364902001214e-06,4,2
9,41,3.567947469778597e-07,4.1981099064690806e-07,0.0,1.8364364902001214e-06,4,2
10,40,6.113511620941386e-07,6.526901222636335e-07,4.859832293122056e-15,1.8364364902001214e-06,4,2
11,45,6.756257571355021e-07,6.947207698922601e-07,1.2174500508312578e-12,1.8364364902001214e-06,4,2
12,41,7.944367736833706e-07,7.069006484572274e-07,0.0,1.8364364902001214e-06,4,2
13,44,8.807364138050065e-07,7.430686661329699e-07,3.8435466398140015e-10,1.9086557396898458e-06,4,2
14,42,1.382376915949723e-06,2.321907775388428e-06,4.9150698508723097e-11,1.6617996396998506e-05,4,2
15,48,3.985239374868523e-06,9.61511023493666e-06,1.3614659703549902e-12,4.624893230641515e-05,4,2
16,44,1.1633318764607417e-05,1.932409744997969e-05,4.9150630768634644e-11,0.00011443508897281396,4,2
17,46,2.9100264207508867e-05,2.471494084462953e-05,1.778547658072654e-07,0.00011443508897281396,4,2
18,40,4.452380100691289e-05,3.062706713090657e-05,1.5290591003889688e-08,0.0001309634431020819,4,2
19,46,5.043367410209639e-05,3.916499297184728e-05,3.038964697125868e-07,0.00020083722411888728,4,2
20,43,8.876686989332465e-05,0.00011387562265494921,8.381555561365326e-09,0.0007393802343832584,4,2
21,47,0.00019003685722291386,0.00028258530809357097,3.957618340773468e-07,0.0015693063998897996,4,2
22,49,0.00040553395438946673,0.000468776965258528,3.2284149042408944e-07,0.0016439765004810098,4,2
23,48,0.00048280801446615564,0.0005004521930471128,3.433212942106344e-07,0.0016439765004810098,4,2
24,39,0.0008314865499162387,0.0006827463982551445,5.428955846744307e-07,0.002537037996287056,4,2
25,45,0.0009316043990258856,0.0006977272149595744,7.770468705033734e-10,0.002537037996287056,4,2
26,43,0.0009397802975908015,0.0008460424313223008,1.1721684991866302e-09,0.002537037996287056,4,2
27,44,0.0011142402011855535,0.0009429281018668819,7.770468705037205e-10,0.002537037996287056,4,2
28,42,0.0013923174262581188,0.0009043920902998542,2.956281355994699e-08,0.002537037996287056,4,2
29,45,0.001526051632854537,0.0010596853632483488,2.9571654345220643e-08,0.002537037996287056,4,2
30,41,0.0017341266367937147,0.0010436319236640334,7.770468705037205e-10,0.002537037996287056,4,2
31,46,0.0016032795807537801,0.0010513824401232456,2.9571654345220643e-08,0.002537037996287056,4,2
32,45,0.0013590654554013104,0.0010667322836532295,7.770468705037205e-10,0.002537037996287056,4,2
33,48,0.0012915955784838385,0.0010156043028548057,8.916149448471474e-09,0.002537037996287056,4,2
34,43,0.0014239402585432626,0.0010704046544215459,2.9571654345220643e-08,0.002537037996287056,4,2
35,44,0.0013621011754044374,0.0011513696052602815,7.770468705037205e-10,0.002537037996287056,4,2
36,46,0.0013450831428849842,0.0010524539389103393,1.1721684991879411e-09,0.002537037996287056,4,2
37,49,0.0012612288787712065,0.0010264734218297105,1.1721684991879411e-09,0.002537037996287056,4,2
38,44,0.00157327654808531,0.001027350368474842,1.1721684991879411e-09,0.002537037996287056,4,2
39,44,0.0015866534741745021,0.0010453620007543419,2.9571654345220643e-08,0.002537037996287056,4,2
40,45,0.0013831119961579363,0.0010805544530846506,2.9571654345220643e-08,0.002537037996287056,4,2
41,45,0.0014165930288978156,0.0010998814407302336,7.770468705037205e-10,0.002537037996287056,4,2
42,46,0.001337575845246915,0.0010791244844117935,1.1721684991879411e-09,0.002537037996287056,4,2
43,49,0.0013344328836664592,0.0010903329230107935,1.1721684991879411e-09,0.002537037996287056,4,2
44,45,0.0013135315222049756,0.0010416205092275339,7.770468705037205e-10,0.002537037996287056,4,2
45,46,0.0011400681776355492,0.0010659673788679218,7.770468705037205e-10,0.002537037996287056,4,2
46,44,0.0016701150874940782,0.0010612124616585401,2.9571654345220643e-08,0.002537037996287056,4,2
47,44,0.0018241674607789415,0.0009047293720794981,7.770468705037205e-10,0.002537037996287056,4,2
48,48,0.0014718938224528464,0.0010349611088754514,7.770468705037205e-10,0.002537037996287056,4,2
49,45,0.0016737384777175607,0.0010354163806174886,2.9571654345220643e-08,0.002537037996287056,4,2
50,42,0.0013885406510706591,0.0011123541053345495,7.770468705037205e-10,0.002537037996287056,4,2
51,44,0.0015825898556860619,0.0010995982690418856,2.9571654345220643e-08,0.002537037996287056,4,2
52,43,0.0018440095463508415,0.0009753883048348353,2.9571654345220643e-08,0.0025377909775745576,4,2
53,49,0.0020631337605094167,0.0008249035322112107,1.1721684991879411e-09,0.0025853003994216043,4,2
54,47,0.00189031762496908,0.0009615873278624373,3.846475980340739e-05,0.0025853003994216043,4,2
55,45,0.0017435299813422494,0.00103715493699737,1.1721684991879411e-09,0.0025853003994216043,4,2
56,46,0.001659722885339866,0.0010981275431023792,7.770468705037205e-10,0.0025853003994216043,4,2
57,48,0.0017008137617202151,0.0010503273525180386,1.1721684991879411e-09,0.0025853003994216043,4,2
58,43,0.0017568043745878027,0.001089538254825312,2.9571654345220643e-08,0.0025853003994216043,4,2
59,45,0.0018183590180295597,0.0010586437342780368,7.770468705037205e-10,0.0027091826930354195,4,2
60,44,0.002030804370197086,0.0009360121211557959,3.371368517751335e-07,0.0027091826930354195,4,2
61,49,0.0016508808888843545,0.0011454917837810119,7.770468705037205e-10,0.0027091826930354195,4,2
62,48,0.0016444362294307153,0.0011089006343869242,7.770468705037205e-10,0.0027091826930354195,4,2
63,40,0.001882556442387281,0.0010963033710138558,1.1721684991879411e-09,0.0027091826930354195,4,2
64,46,0.0020086398048847543,0.0010943374419304511,7.770468705037205e-10,0.0027091826930354195,4,2
65,45,0.0019364137619666138,0.001060291388952664,1.1721684991879411e-09,0.0027091826930354195,4,2
66,44,0.001827001013380352,0.0011689545536967725,7.770468705037205e-10,0.0027091826930354195,4,2
67,43,0.001939911146192813,0.0010514706913355074,2.9571654345220643e-08,0.0027091826930354195,4,2
68,45,0.00175815354335673,0.0011361339180816536,7.770468705037205e-10,0.0027091826930354195,4,2
69,46,0.0019500593960054414,0.0010795582476225564,3.941590391874373e-07,0.0027091826930354195,4,2
70,47,0.0018551529559681008,0.0010882992421154753,7.770468705037205e-10,0.0027091826930354195,4,2
71,45,0.001610022190693346,0.0011943449227969235,7.770468705037205e-10,0.0027091826930354195,4,2
72,43,0.0017964733401219614,0.0011556612595549768,7.770468705037205e-10,0.0027091826930354195,4,2
73,44,0.0017601580207603593,0.0011816922795870907,1.1721684991879411e-09,0.0027091826930354195,4,2
74,40,0.0019932057751774358,0.0011157166394799149,2.9571654345220643e-08,0.0027091826930354195,4,2
75,43,0.002239050970892272,0.0009319110398119126,2.9571654345220643e-08,0.0027091826930354195,4,2
76,48,0.002193236433428765,0.0009021324990478624,2.9571654345220643e-08,0.0027091826930354195,4,2
77,44,0.001814065129411824,0.001118557208540928,7.770468705037205e-10,0.0027091826930354195,4,2
78,42,0.002294679768073765,0.0008979813309054948,5.604015416928815e-05,0.0027091826930354195,4,2
79,46,0.001954503300086721,0.0010850473780496526,1.1721684991879411e-09,0.0027110265344891162,4,2
80,47,0.0016208669597798226,0.0011922942121801092,1.1721684991879411e-09,0.0027110265344891162,4,2
81,45,0.0021316484853742663,0.0009848358862490215,7.770468705035471e-10,0.0027110265344891162,4,2
82,44,0.0021951028851005215,0.0009469928142167704,1.1721684991879411e-09,0.0027110265344891162,4,2
83,42,0.002301569007812988,0.000899634174819216,0.0001421493353793938,0.0027110265344891162,4,2
84,48,0.0020299996913660102,0.0010324261650333064,2.953553643417781e-08,0.0027110265344891162,4,2
85,44,0.0020406701295739606,0.0010747200509414253,7.770468705035471e-10,0.0027110265344891162,4,2
86,46,0.002102013088191508,0.0010159215186183596,7.806497243321306e-10,0.0027110265344891162,4,2
87,44,0.0022203429353992933,0.0009387654069958698,7.806497243321306e-10,0.0027110265344891162,4,2
88,48,0.0021003202556520053,0.0009776661734828883,7.770468705035471e-10,0.0027110265344891162,4,2
89,46,0.0021024435480659557,0.0010105044431727962,7.806497243321306e-10,0.002771017953580749,4,2
90,38,0.002080355490028884,0.0010593401245735689,2.953553643417781e-08,0.002771017953580749,4,2
91,44,0.0018796927874885905,0.0011479940995087494,7.806497243321306e-10,0.002771017953580749,4,2
92,43,0.0021194064699936164,0.0010547410887857456,7.770468705035471e-10,0.002771017953580749,4,2
93,43,0.0019492572825684012,0.0011689093430893415,7.770468705035471e-10,0.002771017953580749,4,2
94,46,0.0023933312078781035,0.0007572532736420322,6.088624126553838e-05,0.002771017953580749,4,2
95,47,0.0017798631305659144,0.0012197187281035294,7.770468705035471e-10,0.002771017953580749,4,2
96,46,0.0021323749262444494,0.0010224011691963321,1.098389462546428e-05,0.002771017953580749,4,2
97,48,0.0021292320978445966,0.0010197520062895477,7.770468705035471e-10,0.002771017953580749,4,2
98,43,0.001699490064965962,0.0012300337811109693,7.770468705035471e-10,0.002771017953580749,4,2
99,47,0.002037134177900652,0.001044868286143595,7.770468705035471e-10,0.002771017953580749,4,2
100,45,0.0019508956571829467,0.0011165261880934881,2.953553643417781e-08,0.002771017953580749,4,2
