gen,nevals,avg,stddev,min,max,run,wlasne_prawd
0,50,0.0,0.0,0.0,0.0,5,1
1,42,1.704430071163761e-13,4.224393790862678e-13,0.0,1.2174500508312578e-12,5,1
2,45,1.718652390896924e-10,3.597285901033508e-10,0.0,1.715727874615181e-09,5,1
3,47,5.44065106569647e-10,5.179164251772938e-10,0.0,2.6888520826658042e-09,5,1
4,46,5.066735381035484e-09,2.7397098571887974e-08,0.0,1.9628839642953678e-07,5,1
5,45,8.420150221397695e-09,2.8645935462223255e-08,0.0,1.9628839642947919e-07,5,1
6,46,4.0729736654631276e-08,1.0367139223388731e-07,0.0,5.406648163430702e-07,5,1
7,44,1.4552222841061122e-07,2.1796395494252442e-07,0.0,1.0288366177246404e-06,5,1
8,40,3.50608140730289e-07,3.4845640584404093e-07,8.197384011300828e-13,1.0288366177246404e-06,5,1
9,46,9.999781769838245e-07,3.975009941798521e-06,0.0,2.868404677721505e-05,5,1
10,47,4.902617872941926e-06,1.1050242778434821e-05,0.0,4.923345335217841e-05,5,1
11,38,1.3922605360426337e-05,1.717316187202299e-05,0.0,4.923345335217841e-05,5,1
12,46,2.484138689267357e-05,1.8674145486166938e-05,0.0,7.421179912666867e-05,5,1
13,43,2.706096343738906e-05,2.0630312154944387e-05,0.0,7.421179912666867e-05,5,1
14,45,3.338826848053426e-05,2.499636631624171e-05,0.0,8.585385191878642e-05,5,1
15,48,3.363554051327225e-05,2.7806529229250644e-05,0.0,0.00010268380436689096,5,1
16,43,5.297846657104806e-05,2.4973775598470844e-05,1.6023966433088458e-09,0.00010268380436689096,5,1
17,45,5.0104373948560383e-05,3.901506535114289e-05,4.201420352299324e-13,0.00015944849848063323,5,1
18,49,6.830708703338913e-05,5.558517263961807e-05,4.201420352299324e-13,0.000213649440283951,5,1
19,41,8.171503232000815e-05,6.551766845782077e-05,4.373073742883272e-12,0.000213649440283951,5,1
20,41,0.00010294662305151296,7.62288772079252e-05,6.002300342978342e-13,0.00022821885900591322,5,1
21,46,0.0001092639537889895,7.96187684513012e-05,1.6938088932140003e-09,0.00022846209770483405,5,1
22,43,0.00011434540868104201,8.190208986452132e-05,6.17349173850186e-10,0.00022846209770483405,5,1
23,45,9.122818686644325e-05,9.424288789546151e-05,1.7539832798551984e-09,0.00022846209770483405,5,1
24,43,0.00011473392106112722,0.00010193591159513273,4.201420352299324e-13,0.000272616863092606,5,1
25,48,0.00013769505680644983,0.00011520131439517212,1.0864858002909404e-07,0.0005644926278573482,5,1
26,44,0.0001589325973558803,0.00015997092597731715,7.015865390997546e-07,0.0008831302620809975,5,1
27,43,0.00021600381319983886,0.00022605847227561565,4.201420354034036e-13,0.0008831302620809975,5,1
28,46,0.00034180708485159126,0.0004026158044745021,1.0065759310524028e-06,0.002301591032961378,5,1
29,41,0.0004944315279182292,0.0005361709527522665,4.201420354034036e-13,0.002596299093486811,5,1
30,44,0.0006868840611194583,0.0007182275064971734,6.585093000208372e-07,0.002596299093486811,5,1
31,44,0.0007175124223702761,0.0009374081185460905,4.201420354034036e-13,0.002596299093486811,5,1
32,41,0.001150795515088231,0.0011252203494592806,4.201420354034036e-13,0.0031744092978604798,5,1
33,46,0.0013802720045090814,0.0012226979783156863,1.8593233224179518e-07,0.003194581780067973,5,1
34,44,0.0012072682144013893,0.001351219887851527,1.8593233224179518e-07,0.0033389564451442866,5,1
35,43,0.0012301823336818667,0.0014124628885656878,2.8943602062430924e-08,0.0033389564451442866,5,1
36,43,0.001688317687978576,0.001533325825646046,4.201420352299324e-13,0.0033389564451442866,5,1
37,41,0.0018135202708219073,0.0015781324532490408,7.128564353710349e-07,0.0033389564451442866,5,1
38,44,0.0019412642936657493,0.001576709279542492,5.182306296056887e-08,0.0033389564451442866,5,1
39,46,0.0014035041116752848,0.0016172030904169044,4.201420350564612e-13,0.0033389564451442866,5,1
40,43,0.0014733147203319441,0.0016069828389531702,4.201420350564612e-13,0.0033389564451442866,5,1
41,47,0.0014566463507203504,0.001598410226037354,4.201420350564612e-13,0.0033389564451442866,5,1
42,46,0.0018112481707156065,0.00160957403240787,1.8593233224179518e-07,0.003875558109412426,5,1
43,45,0.0014728656654137788,0.001571002770656926,4.201420350564612e-13,0.0033389564451442866,5,1
44,45,0.0015475412642485288,0.0016212438756376193,5.622961729545036e-07,0.0033389564451442866,5,1
45,46,0.0014869361531025917,0.0015937330122605391,5.622961729545036e-07,0.0033389564451442866,5,1
46,45,0.0017671714083604454,0.0016129050344460564,4.201420352299324e-13,0.0033389564451442866,5,1
47,41,0.0017327351515466364,0.0016216712677501067,4.201420350564612e-13,0.0033389564451442866,5,1
48,48,0.0017943548194035291,0.001589151285106118,1.8593233224179518e-07,0.0033389564451442866,5,1
49,45,0.0015553786305310762,0.0016496625985215744,4.201420350564612e-13,0.003391447962976912,5,1
50,42,0.0014997706727666274,0.0015583317434766518,8.864557777468158e-11,0.003391447962976912,5,1
51,48,0.0012560104285803092,0.001541369831958338,4.201420350564612e-13,0.003391447962976912,5,1
52,42,0.0014329740694388306,0.0015987851468254395,4.201420350564612e-13,0.003391447962976912,5,1
53,44,0.0016868028262297604,0.0016301952472153958,3.9762701349596697e-07,0.003391447962976912,5,1
54,44,0.0013202632720683543,0.0015996681478331195,4.201420350564612e-13,0.003391447962976912,5,1
55,45,0.0013961556477745179,0.0015720292857054185,5.622961729545036e-07,0.003391447962976912,5,1
56,47,0.0016277174139413997,0.0016405926775851314,3.9762701349596697e-07,0.003391447962976912,5,1
57,46,0.0015797992120987281,0.001633871212015017,3.9762701349596697e-07,0.003391447962976912,5,1
58,46,0.00186739936223007,0.0016720316367785774,3.9762701349596697e-07,0.003391447962976912,5,1
59,46,0.002129720326224515,0.0015945298696299673,3.9762701349596697e-07,0.003391447962976912,5,1
60,45,0.0018678587952592315,0.0016551924657407272,4.201420350564612e-13,0.003391447962976912,5,1
61,46,0.0019019727252412048,0.0016189301934372523,3.9762701349596697e-07,0.003391447962976912,5,1
62,45,0.0020499543626168663,0.0016227525473280814,3.9762701349596697e-07,0.003391447962976912,5,1
63,46,0.0018205658935956709,0.001631021173500076,5.622961729545036e-07,0.003391447962976912,5,1
64,46,0.0017446130842305966,0.0016303810166625903,4.201420350564612e-13,0.003391447962976912,5,1
65,45,0.001987450904449182,0.0015958708245483318,4.201420350564612e-13,0.003391447962976912,5,1
66,43,0.0020411876733293917,0.0016341633725119196,3.9762701349596697e-07,0.003391447962976912,5,1
67,43,0.0020951927702618956,0.0016061607137590765,4.201420350564612e-13,0.003391447962976912,5,1
68,42,0.0017504263399662225,0.0016343582622917526,3.9762701349596697e-07,0.003391447962976912,5,1
69,42,0.0017830437704063143,0.0016626203593590654,4.201420350564612e-13,0.003391447962976912,5,1
70,44,0.002062609688799251,0.0016116766840588196,3.9762701349596697e-07,0.003391447962976912,5,1
71,44,0.0018699766608541368,0.0016480787175242322,5.622961729545036e-07,0.003391447962976912,5,1
72,46,0.0014802385573072867,0.001625661368044736,3.9762701349596697e-07,0.003391447962976912,5,1
73,46,0.0019495544963476332,0.0016135398600677483,4.201420350564612e-13,0.003391447962976912,5,1
74,46,0.001535001308592934,0.0016107022994648642,4.201420350564612e-13,0.003391447962976912,5,1
75,42,0.0013505383273183283,0.0015705769473006827,3.9762701349596697e-07,0.003391447962976912,5,1
76,43,0.00178687539976198,0.0016208053837845967,4.201420350564612e-13,0.003391447962976912,5,1
77,43,0.0016356175539250723,0.001658956278445987,4.201420350564612e-13,0.003391447962976912,5,1
78,42,0.0020446880125434387,0.0016476002071781212,4.201420350564612e-13,0.003391447962976912,5,1
79,45,0.0018354300256902879,0.0016317417377270105,4.201420350564612e-13,0.003391447962976912,5,1
80,46,0.0014226178215141889,0.0016236311800546276,8.236581859096456e-13,0.003397804305424983,5,1
81,45,0.0017245162916497564,0.0016461367032504961,1.8136604541483377e-07,0.003397804305424983,5,1
82,44,0.0018741500437542621,0.0016614557814082014,3.9762701349596697e-07,0.003397804305424983,5,1
83,46,0.0016353646332950373,0.0016766916997996608,4.201420350564612e-13,0.003397804305424983,5,1
84,47,0.0016978382200827083,0.0016650636080921854,1.8136604541483377e-07,0.003397804305424983,5,1
85,45,0.0016360144501024534,0.001656606802541811,4.201420350564612e-13,0.003397804305424983,5,1
86,46,0.001969932205610203,0.0016643150929484814,2.7879952998122105e-08,0.003397804305424983,5,1
87,44,0.002107968628151512,0.0016052729947233343,4.201420350564612e-13,0.003425051701362571,5,1
88,49,0.0018598746072650018,0.0016303903906699012,1.8136604541483377e-07,0.003425051701362571,5,1
89,44,0.002066589289680011,0.0016356483604966087,2.342952618155133e-08,0.0034436728451446392,5,1
90,45,0.0016910620860609662,0.0016809799678838234,4.201420350564612e-13,0.0034436728451446392,5,1
91,40,0.0018973851453247573,0.0016782958921229562,4.201420350564612e-13,0.0034436728451446392,5,1
92,44,0.0019433514161264537,0.0016719801603043447,4.201420350564612e-13,0.003425051701362571,5,1
93,48,0.0018610706714878391,0.0016805769854077346,1.8136604541483377e-07,0.003425051701362571,5,1
94,44,0.0019822317440218,0.0016596016771431568,4.201420350564612e-13,0.003425051701362571,5,1
95,47,0.0020368223176553406,0.0016397910006289342,4.201420350564612e-13,0.003425051701362571,5,1
96,47,0.0022635849793873966,0.0015887064225489776,3.895626025700963e-06,0.003425051701362571,5,1
97,47,0.00200780568808975,0.0016374034324180284,4.201420350564612e-13,0.003425051701362571,5,1
98,46,0.0014375624168413608,0.0016509246336766422,4.201420350564612e-13,0.003425051701362571,5,1
99,47,0.0017225122117780862,0.001695437369394137,4.201420350564612e-13,0.003425051701362571,5,1
100,45,0.001510713420724693,0.0016824303450303428,1.8136604541483377e-07,0.003425051701362571,5,1
