gen,nevals,avg,stddev,min,max,run,wlasne_prawd
0,50,0.0,0.0,0.0,0.0,9,1
1,46,2.921880121995019e-13,5.199523784265935e-13,0.0,1.2174500508312578e-12,9,1
2,46,2.0030672569288985e-10,3.235742722427098e-10,0.0,7.437258263850433e-10,9,1
3,48,1.4385046747663818e-09,3.2217919567689547e-09,0.0,1.3748352374274058e-08,9,1
4,46,4.39671539449647e-08,2.7971187434036386e-07,0.0,2.0011314867614774e-06,9,1
5,45,1.6482354130405362e-07,6.923700508975036e-07,0.0,4.537292716073948e-06,9,1
6,45,4.784619783171354e-07,9.752435010937178e-07,7.909430741222584e-19,5.20218435912425e-06,9,1
7,43,2.2223751386104498e-06,5.190101399084379e-06,7.707376403764953e-19,2.9372248662597216e-05,9,1
8,45,2.2093191580585444e-06,3.906962716541146e-06,0.0,2.4314444555423677e-05,9,1
9,42,5.393512437025022e-06,7.050761183924029e-06,0.0,2.4314444555423677e-05,9,1
10,48,8.476740675895188e-06,1.3049875996807127e-05,0.0,7.602966503385767e-05,9,1
11,45,1.8260347918906743e-05,1.9840904302917646e-05,1.315766664316325e-09,7.602966503385767e-05,9,1
12,47,2.2595066068444196e-05,2.5578373094917375e-05,0.0,8.216178704140323e-05,9,1
13,41,3.4513675044058554e-05,3.15928117127207e-05,0.0,0.00010705590556115603,9,1
14,44,4.351421484024798e-05,3.918736947246002e-05,1.7486771548400366e-09,0.00012706552736653569,9,1
15,47,5.714959287670579e-05,4.373453975841194e-05,0.0,0.00014542302197916067,9,1
16,44,7.61230917446593e-05,4.920076446601202e-05,0.0,0.0001779688024510551,9,1
17,44,7.243256847441508e-05,7.263979735033422e-05,0.0,0.00035917038864846076,9,1
18,46,8.107809526292621e-05,7.268067485161601e-05,0.0,0.0002899581974829646,9,1
19,47,0.00010772583437575173,8.77253013303504e-05,0.0,0.00035917038864846076,9,1
20,45,0.00012518467501383785,0.00011025012117739515,0.0,0.00035917038864846076,9,1
21,44,0.00016312293234288272,0.00012523962084219587,0.0,0.00035917038864846076,9,1
22,47,0.00016498454828198762,0.0001100291983505436,0.0,0.0003822225214209556,9,1
23,47,0.00016154384341817508,0.00013074602716864713,0.0,0.0003822225214209556,9,1
24,44,0.00016530429877280946,0.00013848438397260154,0.0,0.00035917038864846076,9,1
25,43,0.00016944477251680016,0.00014346970739461667,0.0,0.00038579499004560964,9,1
26,42,0.00020031149437119781,0.0001562777414693158,0.0,0.0005662438270447876,9,1
27,47,0.0002002114299035085,0.00018278764689483006,0.0,0.0005662438270447876,9,1
28,48,0.00021082937369454365,0.00019684447893160412,0.0,0.0006322815344046427,9,1
29,44,0.0002942941443900058,0.00022381586201991084,0.0,0.0006322815344046427,9,1
30,46,0.0003278733628459107,0.0002450155807272385,0.0,0.0006322815344046427,9,1
31,44,0.00029191776230812585,0.0002655605201227322,0.0,0.0006387690496633013,9,1
32,44,0.00028510482480292024,0.0002757195597880564,0.0,0.0006881491797227132,9,1
33,49,0.00028676094570891434,0.0002781182563279552,0.0,0.0006893403200854039,9,1
34,48,0.0002812450451082793,0.0002791655630676855,0.0,0.0006893403200854039,9,1
35,44,0.0003197710938037618,0.0002685771798314879,0.0,0.0006893403200854039,9,1
36,44,0.0003893887139305439,0.0002855691105340515,0.0,0.0009416567448631879,9,1
37,45,0.00030835899197919416,0.00030581047254787984,0.0,0.0009417513819150638,9,1
38,43,0.000410644941227508,0.0003167728300749067,0.0,0.0009417513819150638,9,1
39,41,0.00047677843648097915,0.00036110899391625693,0.0,0.000992791866425022,9,1
40,45,0.000391415111694621,0.0003882051900490625,0.0,0.000992791866425022,9,1
41,42,0.0005229963541047471,0.0004050532021907877,0.0,0.0012267755296808814,9,1
42,48,0.00040389862757069894,0.00042695489927209495,0.0,0.0012127739529071287,9,1
43,45,0.0005344771924983995,0.00046103227077069547,3.1261433897805036e-12,0.0012127739529071287,9,1
44,45,0.000568068198619848,0.00047261836677079115,1.7763568394002505e-19,0.001196444669811961,9,1
45,44,0.0005920430033057453,0.0005126441045950343,0.0,0.001196444669811961,9,1
46,44,0.0007330009480130558,0.0005105360456535006,2.2249004658386426e-06,0.001502484784128246,9,1
47,42,0.0007441149811375722,0.0004975698226965686,0.0,0.001507728695082085,9,1
48,46,0.0006425042557040106,0.0005218120411094018,6.10441521164703e-09,0.0014643231970879733,9,1
49,44,0.0005569136340853213,0.0005120701447654381,0.0,0.0013566434931546482,9,1
50,42,0.0005344425739166603,0.0005268209096926421,0.0,0.0013566434931546482,9,1
51,46,0.0006656042412320104,0.0005538480448528747,0.0,0.0013566434931546482,9,1
52,47,0.0006724108995874727,0.0005575339613277837,0.0,0.0014519501553514323,9,1
53,45,0.0007656073688623614,0.0005541622846408105,3.552713678800501e-19,0.0014519501553514323,9,1
54,46,0.0005117600473254906,0.0005342226202519158,0.0,0.001470490134378538,9,1
55,48,0.000729051616991265,0.0005453625841292468,0.0,0.0014140882394583717,9,1
56,44,0.0006775840546780197,0.0005717357612882698,0.0,0.0014600138328201664,9,1
57,47,0.0007021065418672451,0.000586928454862723,0.0,0.001533241676348346,9,1
58,46,0.0005934738177512123,0.0005570958529056023,0.0,0.001533241676348346,9,1
59,45,0.0005883139434791927,0.0005904469694657611,0.0,0.001533241676348346,9,1
60,44,0.0006985053775754318,0.0006396519028047706,0.0,0.0015664735251214256,9,1
61,44,0.000686317800320838,0.0006002497277229561,0.0,0.0015664735251214256,9,1
62,42,0.0008713080360994987,0.000580046066315436,0.0,0.0015403110229970387,9,1
63,47,0.0007684803862353961,0.0006210947379358865,0.0,0.0015403110229970387,9,1
64,45,0.0008102541065323519,0.0006349882863401334,2.161031364628563e-18,0.0015902053359251672,9,1
65,45,0.0007736132720649874,0.0006315505646330909,0.0,0.0015902053359251672,9,1
66,44,0.0006960029947905323,0.000659669645012966,0.0,0.0017083175989690733,9,1
67,41,0.0006196304734449704,0.000666519946486757,7.950944596528328e-09,0.0018512757883445404,9,1
68,43,0.0007753794358792947,0.000711818728778763,0.0,0.0018512757883445404,9,1
69,44,0.0009257838843081069,0.0006881306824978083,0.0,0.0018512757883445404,9,1
70,47,0.0007116553275431118,0.0006647136048793203,0.0,0.001755126382434625,9,1
71,43,0.0009390942093675779,0.0006910508175562433,1.1927807649408854e-06,0.0020165771620163473,9,1
72,43,0.0009044168113436688,0.0007089079288723806,0.0,0.0020165771620163473,9,1
73,44,0.0010031611454203247,0.0007282370584673338,1.4919629400697517e-07,0.0020165771620163473,9,1
74,43,0.0008455782766232244,0.0007732943499768678,1.004859173557616e-18,0.0020165771620163473,9,1
75,42,0.0010581192184821544,0.0007802807720667237,0.0,0.0020165771620163473,9,1
76,46,0.001147088369459133,0.0007988783147650844,0.0,0.0021092923878636683,9,1
77,44,0.0008691454722268526,0.0008000769466545482,0.0,0.0021092923878636683,9,1
78,47,0.0010498533586862887,0.0007941880656520899,1.7763568394002505e-19,0.0021092923878636683,9,1
79,44,0.0009972165853390556,0.0008212614840719446,0.0,0.0021092923878636683,9,1
80,45,0.0010918993197426726,0.0008835786632919362,0.0,0.0021092923878636683,9,1
81,47,0.0010112215526379181,0.0008521731401758104,0.0,0.0021092923878636683,9,1
82,41,0.0011164179245367013,0.0008481843334967747,1.1234667099445443e-18,0.0021092923878636683,9,1
83,46,0.0010630401233990615,0.0008369690056103177,1.7763568394002505e-19,0.0021092923878636683,9,1
84,43,0.001250253825178278,0.0008201013557222354,1.1234667099445443e-18,0.0021092923878636683,9,1
85,46,0.0010864246846644349,0.0008485050907469561,0.0,0.0021092923878636683,9,1
86,44,0.001002997958832033,0.0007928608059215097,1.1234667099445443e-18,0.0021092923878636683,9,1
87,47,0.0010012658225408322,0.0008077363607360521,0.0,0.0021092923878636683,9,1
88,47,0.0010878420974254485,0.0007694410595289847,7.059629952438032e-09,0.0021092923878636683,9,1
89,48,0.0010250347575315366,0.0007963279927092293,0.0,0.0021092923878636683,9,1
90,49,0.0009583348924894397,0.0007886824064571135,0.0,0.0021092923878636683,9,1
91,44,0.0012555857844890326,0.0007898337252261058,0.0,0.0021092923878636683,9,1
92,44,0.0011755925646794532,0.0008714635960019972,2.728342334592459e-09,0.0021092923878636683,9,1
93,44,0.0011411996593465542,0.0008537052315989165,0.0,0.0021092923878636683,9,1
94,44,0.001095590342275194,0.0008400973071790307,1.1234667099445443e-18,0.0021092923878636683,9,1
95,44,0.0010798095504503211,0.0008228233375116688,1.799439261553314e-06,0.0021092923878636683,9,1
96,49,0.0008726378375140763,0.000798361385267829,0.0,0.0021092923878636683,9,1
97,43,0.0012050254841461045,0.0008397723804267844,3.5589755376781016e-09,0.0021092923878636683,9,1
98,47,0.0011089419401976016,0.0008679783786961341,0.0,0.0021092923878636683,9,1
99,46,0.001018913433870158,0.0008275701347341401,0.0,0.0021092923878636683,9,1
100,47,0.0009444612907837505,0.0007525928538311853,0.0,0.0021092923878636683,9,1
