gen,nevals,avg,stddev,min,max,run,wlasne_prawd
0,50,0.0,0.0,0.0,0.0,10,2
1,47,2.1914100914962642e-13,4.677290357004888e-13,0.0,1.2174500508312578e-12,10,2
2,47,1.6868619433799647e-10,3.605317044053845e-10,0.0,1.7157278746143797e-09,10,2
3,44,5.09731483651382e-10,4.3285890053973246e-10,0.0,1.7157278746143797e-09,10,2
4,43,1.16726299354774e-09,2.091523159823452e-09,0.0,1.3724172456133586e-08,10,2
5,45,2.1207303964130087e-09,5.757202043879987e-09,0.0,4.1174029389819876e-08,10,2
6,45,3.019221635359136e-08,1.0754021016437753e-07,0.0,6.102252314194314e-07,10,2
7,46,5.380552989275734e-07,2.6292902313525154e-06,0.0,1.8870856037573635e-05,10,2
8,47,1.1480074240431989e-05,7.571486234591688e-05,0.0,0.0005413167435370783,10,2
9,45,1.2813383807127079e-05,7.562455234676217e-05,0.0,0.0005413167435370783,10,2
10,43,2.4487087110472947e-05,7.751504848411965e-05,8.437019722358011e-09,0.0005413167435370783,10,2
11,46,6.125733108492356e-05,0.00011338402494522869,0.0,0.0005413167435370783,10,2
12,46,9.406627674224524e-05,0.00014792752190713156,0.0,0.0005413167435370783,10,2
13,46,0.00015673249672830985,0.00018707512868568551,1.8014899359075796e-08,0.0006051891601295132,10,2
14,48,0.0001802353610433275,0.00020619681597924748,0.0,0.0005951483938382059,10,2
15,46,0.00012450378422919331,0.0001896304188559521,0.0,0.0006689990108327441,10,2
16,42,0.00016986418371363001,0.00021225883186099854,0.0,0.0006689990108327441,10,2
17,39,0.00022789737091576828,0.00023040065805208623,0.0,0.000558567761194869,10,2
18,48,0.00021521677603713368,0.00023728512594533695,0.0,0.0005740051238494932,10,2
19,44,0.000261356886498508,0.00025017885417243123,0.0,0.0005740051238494932,10,2
20,42,0.0003115822550369284,0.00025173284964821437,1.6128125918694625e-08,0.0006882406189466037,10,2
21,47,0.0002660016451282683,0.0002612814136154812,1.8000472812188074e-08,0.0006882406189466037,10,2
22,45,0.00020924741324575963,0.0002281765736991539,0.0,0.0006053992015441485,10,2
23,48,0.00025178413754676116,0.0002683209798155114,0.0,0.0007935237100839782,10,2
24,47,0.0002720485273843645,0.0003052607964978039,0.0,0.0007935237100839782,10,2
25,46,0.000288650356127401,0.00030111039239360794,0.0,0.0007935237100839782,10,2
26,48,0.00031447099071282234,0.00032811398208251735,0.0,0.0009116406860765778,10,2
27,48,0.0003116466751440676,0.00032293758603021494,1.752648528555856e-08,0.0009942610355517174,10,2
28,47,0.00029426194702381693,0.00036525868363332934,0.0,0.0009942610355517174,10,2
29,46,0.0002810099458013478,0.00035034454790122633,0.0,0.0010054354358504539,10,2
30,46,0.00031021685277492184,0.00035902818959999175,0.0,0.0009942610355517174,10,2
31,44,0.0004201306340037652,0.0003896110815091377,0.0,0.0009942610355517174,10,2
32,41,0.0004339112552688459,0.00039618232963249515,0.0,0.001039110998397429,10,2
33,47,0.00037322364448986436,0.00039381821519015935,0.0,0.0009942610355517174,10,2
34,44,0.0003786192666766832,0.00039333814668702133,0.0,0.0010985721873071571,10,2
35,43,0.0004274045189376667,0.00041037166758037334,0.0,0.0010985721873071571,10,2
36,46,0.0003338883747142977,0.00040408575420665464,0.0,0.0010985721873071571,10,2
37,44,0.0005176365973747273,0.0005657567659190187,6.3466418257910015e-09,0.002784169709940647,10,2
38,44,0.000520193525230978,0.0006536837109253862,0.0,0.0028524459141936746,10,2
39,47,0.0006819156154619965,0.0008597567132524318,0.0,0.003577832907078775,10,2
40,46,0.0009870317217148302,0.001144057011272001,0.0,0.003577832907078775,10,2
41,44,0.0013159525044118738,0.0012750070206190996,3.3854119154736193e-10,0.0035753599443255524,10,2
42,44,0.0016294283477877793,0.001430692441747991,1.6846046368705548e-09,0.003933664888459624,10,2
43,44,0.0016829772391852935,0.001572933212803967,3.3854119154736193e-10,0.004577678171819671,10,2
44,48,0.001779863130778163,0.0016252969742662107,1.887203495325713e-09,0.0047581822356109055,10,2
45,46,0.0021791541326308824,0.0017069509491175322,3.3854119154736193e-10,0.0047581822356109055,10,2
46,46,0.0022573850643412587,0.0016711759021336007,1.6848740644648834e-09,0.004824630004050449,10,2
47,41,0.002754996460341506,0.0018252739472347655,2.7743383991880516e-09,0.004824630004050449,10,2
48,43,0.002298441696788745,0.0021552815861105323,1.4571698320293866e-09,0.004830576169519559,10,2
49,46,0.0022072843750812875,0.0020740895210181447,1.2738197346916577e-09,0.004830576169519559,10,2
50,41,0.002241318048177999,0.002133824105191029,5.689476530559558e-10,0.004830576169519559,10,2
51,48,0.0019471813093082863,0.001963596309554414,2.7743383991880516e-09,0.00524003842139036,10,2
52,48,0.002573823326982876,0.00213937134998707,5.689476530559558e-10,0.00524003842139036,10,2
53,48,0.0025129303941165775,0.002157764526261858,1.4904977560018615e-09,0.00527473460441891,10,2
54,43,0.0027793061063435165,0.002237483723866455,5.689476530559558e-10,0.005959578705334682,10,2
55,43,0.0026136330761219128,0.0022840256116134936,1.2738197346916577e-09,0.005587146519362517,10,2
56,45,0.002814317194217619,0.002485869391802475,5.689476530559558e-10,0.006662688272093041,10,2
57,44,0.0024630900356963337,0.002343474797127962,1.4680141991793095e-09,0.007685644799901388,10,2
58,40,0.003290033685794067,0.002499939343976202,2.771993583580084e-09,0.007685644799901388,10,2
59,45,0.0030236646467432155,0.002789151903927856,1.0528462405396844e-09,0.007685644799901388,10,2
60,43,0.0036084930012064646,0.003053014327082715,1.3329112686131837e-09,0.009608416269321927,10,2
61,41,0.003518156968463852,0.003154546381611073,1.463128692280329e-09,0.009608416269321927,10,2
62,47,0.0037961320270873044,0.0031926926383165286,2.8204583809875778e-09,0.009332223208198839,10,2
63,44,0.004093046957182556,0.003393262635620447,1.5023424470465838e-09,0.009127802854493612,10,2
64,48,0.003868272824623503,0.0035281147492811317,1.4965268666488818e-09,0.009127802854493612,10,2
65,40,0.0037888866400387204,0.0034489697469757656,2.7706302330376537e-09,0.009127802854493612,10,2
66,47,0.00400168565971668,0.003502664814664934,1.45860453845109e-09,0.009316128706913207,10,2
67,47,0.00417215981715973,0.0035231969587839577,1.0563899570803644e-09,0.009316128706913207,10,2
68,44,0.00534004605585708,0.0034635797825193103,2.772749183247834e-09,0.009587977586595358,10,2
69,49,0.003176557699933633,0.00355741584394827,2.764443340074139e-09,0.009340638772218112,10,2
70,46,0.004903368164314786,0.0037637085506675764,2.7774311071240863e-09,0.009340638772218112,10,2
71,44,0.004560885964380449,0.003911929484575644,1.476896538939483e-09,0.009340638772218112,10,2
72,46,0.004269275393016405,0.0038407619849041754,2.835868780251414e-09,0.009340638772218112,10,2
73,41,0.004956361538920236,0.0038872970192754307,1.915710145787085e-09,0.00945429281798161,10,2
74,46,0.0042088176289840065,0.003976174148495365,1.61601555326506e-09,0.009517451427740698,10,2
75,45,0.004914229767527246,0.00384214590244249,2.775961627215074e-09,0.009517451427740698,10,2
76,45,0.004533521249043777,0.004079845882682622,1.5478694563739682e-09,0.009535662515357564,10,2
77,42,0.005076550193816597,0.0039306101954816285,1.5025194002129433e-09,0.009535662515357564,10,2
78,41,0.004151566303785295,0.0041845467592901585,5.460461203851383e-10,0.009535662515357564,10,2
79,45,0.00373993976742862,0.0037291767769676437,5.460461203851383e-10,0.009535662515357564,10,2
80,46,0.0048238269103823336,0.0038402614548740067,1.462109097132007e-09,0.00969400876757189,10,2
81,43,0.004906465227076015,0.0039402130194143336,5.460461203851383e-10,0.009316128706913207,10,2
82,45,0.004889931976195333,0.00383574358266939,1.476896538939483e-09,0.009316128706913207,10,2
83,46,0.004943230221274074,0.0040824444246145,2.73619432398165e-09,0.009316128706913207,10,2
84,46,0.00366195075945113,0.004141364649371799,1.7440691065683888e-09,0.00948987377257718,10,2
85,46,0.004884933247938574,0.003905031656477915,2.0653538369301126e-09,0.00948987377257718,10,2
86,47,0.003961413055368399,0.0039595300738363695,1.476896538939483e-09,0.00948987377257718,10,2
87,45,0.005113079374096113,0.004055911182550081,1.588909425235243e-09,0.00948987377257718,10,2
88,47,0.004575466674023278,0.004123367054459911,1.915710145787085e-09,0.00948987377257718,10,2
89,46,0.004651131983102871,0.004259567925825772,2.774244165040232e-09,0.00948987377257718,10,2
90,44,0.005324074441876258,0.004086651948370733,1.4757448561120338e-09,0.00948987377257718,10,2
91,46,0.005338027145833845,0.004084918694522583,5.460461203851383e-10,0.00948987377257718,10,2
92,38,0.005753547598946429,0.004188693959864546,5.460461203851383e-10,0.00948987377257718,10,2
93,43,0.0042512520053771315,0.004188265274004139,5.460461203851383e-10,0.009469121095735656,10,2
94,42,0.005496233845646882,0.004118431067069068,1.5287313578003107e-09,0.009469121095735656,10,2
95,47,0.003420461671048351,0.0040977959921327176,5.460461203851383e-10,0.009397061727424301,10,2
96,43,0.005264303907987144,0.004073562949170162,1.559355193758795e-09,0.009397061727424301,10,2
97,45,0.006328644984423829,0.003744934422247275,2.3020706715025306e-05,0.009397061727424301,10,2
98,42,0.005574804462467725,0.004152687257035164,1.6291845111112865e-09,0.009397061727424301,10,2
99,41,0.005576660234280428,0.004027413135753643,1.476896538939483e-09,0.009397061727424301,10,2
100,45,0.005069356480708469,0.004121065254048278,5.460461203851383e-10,0.009397061727424301,10,2
