gen,nevals,avg,stddev,min,max,run,wlasne_prawd
0,50,0.0,0.0,0.0,0.0,3,2
1,47,1.704430071163761e-13,4.224393790862678e-13,0.0,1.2174500508312578e-12,3,2
2,45,1.1933750453787422e-10,2.725058766822918e-10,0.0,7.437258263850433e-10,3,2
3,48,1.1805102629213912e-09,3.2470567574333675e-09,0.0,1.3748352374274058e-08,3,2
4,41,1.726733205262756e-08,7.912133042196393e-08,0.0,5.570749821757518e-07,3,2
5,46,3.2717337714844264e-06,1.6653799335148823e-05,0.0,0.00011637010792330626,3,2
6,42,1.417189799178023e-05,4.2505068179750644e-05,2.51214793389404e-19,0.0002439145245456649,3,2
7,49,3.7904457926117566e-05,7.329865595398566e-05,0.0,0.00032711411797070307,3,2
8,42,7.620572423727567e-05,0.00011171301740442468,0.0,0.000494326392887314,3,2
9,46,0.00010949916879963143,0.00014247418364164594,7.703906956813e-19,0.0005022240795252141,3,2
10,45,0.00015071582893652434,0.0001946105871136767,0.0,0.0006973216444066231,3,2
11,44,0.00026586189125169977,0.0002546491609675143,0.0,0.000715522605371409,3,2
12,45,0.0002784411909434526,0.00028315439984113094,7.707376403764953e-19,0.000715522605371409,3,2
13,43,0.0003214088859137493,0.0002810595725317334,0.0,0.000715522605371409,3,2
14,45,0.00043932668257139104,0.00030895714929538086,7.703906956813e-19,0.0011608786412120355,3,2
15,47,0.0004264704453669447,0.0003508843260949074,0.0,0.0011598251191833897,3,2
16,48,0.0004154049972798943,0.00040170860908689553,0.0,0.0011598251191833897,3,2
17,42,0.0004450868513212719,0.0004350468838274691,0.0,0.0011598251191833897,3,2
18,42,0.0005736988441567558,0.00045726188599907455,0.0,0.0011598251191833897,3,2
19,46,0.0005163523292894941,0.00047420912706844947,1.969645997308683e-09,0.001190917158092033,3,2
20,47,0.0004920342875720584,0.0004949587637168588,0.0,0.0011598251191833897,3,2
21,48,0.00045749014136023045,0.00048332714415223136,7.907740342594133e-19,0.0011598251191833897,3,2
22,46,0.0005064274595005023,0.0005158552990449554,0.0,0.0011619827310252093,3,2
23,45,0.0004671024220828934,0.0004938591537400404,0.0,0.0011419931522535442,3,2
24,45,0.0005007100761238756,0.0004691671383128556,0.0,0.0011723534364197529,3,2
25,46,0.0004250027006610586,0.0005063131554876531,0.0,0.0011723534364197529,3,2
26,45,0.0004851405760385031,0.000493932076338951,3.153645694740758e-19,0.0011723534364197529,3,2
27,48,0.0005066629203079196,0.0004895652904255076,4.805131129164527e-08,0.0012059209999015594,3,2
28,44,0.0005256571885302857,0.0005099330408979791,0.0,0.0012059209999015594,3,2
29,45,0.0004975661484586766,0.0005146854488222016,0.0,0.0012059209999015594,3,2
30,47,0.0005987872538603523,0.0005238648883725336,0.0,0.0012059209999015594,3,2
31,46,0.000599318100905932,0.0005299426891946677,0.0,0.0012059209999015594,3,2
32,46,0.0006939762228897874,0.000527469887183723,0.0,0.0012059209999015594,3,2
33,43,0.0006460447350754482,0.0005039873936179365,0.0,0.0012059209999015594,3,2
34,43,0.0007522944804486756,0.0005271352484377166,7.907740342594133e-19,0.0012059209999015594,3,2
35,46,0.0006750251128202275,0.0005220753139554355,4.805131129164527e-08,0.0012059209999015594,3,2
36,42,0.0008133495530930443,0.000511375672963742,4.805131129164527e-08,0.0012059209999015594,3,2
37,46,0.0006174845383056615,0.0005625231433820821,0.0,0.0012059209999015594,3,2
38,44,0.0007573315980211812,0.0005329047283085807,4.805131129164527e-08,0.0012059209999015594,3,2
39,48,0.0005768205905763274,0.0005131889792471099,0.0,0.0012059209999015594,3,2
40,48,0.0006674033023128652,0.00048434537057515196,0.0,0.0012059209999015594,3,2
41,47,0.0007746452700654588,0.0004971958712269854,4.805131129164527e-08,0.0012296549970831623,3,2
42,46,0.0007775976575106395,0.0005327050700832183,0.0,0.0012296549970831623,3,2
43,40,0.0008880896226091405,0.00049573446696944,0.0,0.0012296549970831623,3,2
44,39,0.0008526631311900248,0.00045489374293373504,0.0,0.0012296549970831623,3,2
45,47,0.0006304020732969196,0.0005140915015121307,3.737174736923365e-07,0.0012296549970831623,3,2
46,43,0.000836344568258388,0.0004721763674170955,2.17348446619127e-09,0.0012296549970831623,3,2
47,47,0.0006536031613902802,0.0005166026968054958,2.17348446619127e-09,0.0012296549970831623,3,2
48,44,0.0008131703981065181,0.0005148664004316071,0.0,0.0012296549970831623,3,2
49,46,0.0007971814653052661,0.0005129184290432132,0.0,0.0012296549970831623,3,2
50,49,0.0006837743233278631,0.0005130676769729113,0.0,0.0012296549970831623,3,2
51,46,0.0008811696997804921,0.0004858868776250977,0.0,0.0012296549970831623,3,2
52,46,0.0007060311772865073,0.0005278253227571203,0.0,0.0012296549970831623,3,2
53,45,0.0007785327249363886,0.000541397038140393,0.0,0.0012296549970831623,3,2
54,45,0.0008305281772119943,0.0005124720292286996,3.737174736923365e-07,0.0012296549970831623,3,2
55,46,0.0006900151635911348,0.0005496710493522947,0.0,0.0012296549970831623,3,2
56,45,0.0006857949708873743,0.0005184882596178888,2.17348446619127e-09,0.0012296549970831623,3,2
57,47,0.0007379981121095152,0.0005474117170981647,0.0,0.0012296549970831623,3,2
58,47,0.0007695840615658035,0.0005275717162888725,1.2103682986018003e-06,0.0012296549970831623,3,2
59,44,0.0007711410263276896,0.0005507128731642486,0.0,0.0012296549970831623,3,2
60,47,0.0008365546797772526,0.0005124816530460481,0.0,0.0012296549970831623,3,2
61,43,0.0007502265226261086,0.0005046891276596199,7.907740342594133e-19,0.0012296549970831623,3,2
62,43,0.0007491335331532574,0.0005496287837442055,0.0,0.0012296549970831623,3,2
63,43,0.0007965173001721655,0.0005243897202366794,7.907740342594133e-19,0.0012296549970831623,3,2
64,47,0.0007384016222773811,0.0005258284813083393,0.0,0.0012296549970831623,3,2
65,47,0.0007015616182432825,0.0005204626766665693,0.0,0.0012296549970831623,3,2
66,45,0.0007836221826899864,0.000535193936632076,0.0,0.0012296549970831623,3,2
67,45,0.0007594499575438379,0.0005134681766891793,3.737174736923365e-07,0.0012296549970831623,3,2
68,43,0.0007830857854744496,0.0005233924670128258,0.0,0.0012296549970831623,3,2
69,47,0.0007448884657043,0.0005209347529262422,0.0,0.0012296549970831623,3,2
70,47,0.0007382646136022969,0.0005355974305743181,0.0,0.0012296549970831623,3,2
71,48,0.0007387709782409668,0.0004981265959139671,0.0,0.0012296549970831623,3,2
72,43,0.0007768546129860106,0.0005265401236684658,7.907740342594133e-19,0.0012296549970831623,3,2
73,47,0.0007916967618676538,0.0005245083879576704,7.907740342594133e-19,0.0012296549970831623,3,2
74,48,0.000696489543934927,0.0005514264435324077,0.0,0.0012296549970831623,3,2
75,46,0.0007840267757007766,0.0005291604745002098,0.0,0.0012296549970831623,3,2
76,46,0.0008694755157446479,0.0005066768324075495,0.0,0.0012296549970831623,3,2
77,46,0.0007719745561219166,0.0005416557398487505,0.0,0.0012296549970831623,3,2
78,45,0.0007323836290772127,0.0005351231478166477,0.0,0.0012296549970831623,3,2
79,41,0.0008048665449523471,0.0005187440252090627,0.0,0.0012296549970831623,3,2
80,42,0.0008953168595770584,0.0004866902109023238,7.907740342594133e-19,0.0012296549970831623,3,2
81,45,0.0007995356895407168,0.0005375751152986595,0.0,0.0012296549970831623,3,2
82,47,0.0008233064231232255,0.000526897753543446,7.907740342594133e-19,0.0012296549970831623,3,2
83,46,0.0009613006322871837,0.0004345590944562832,1.335093447230474e-06,0.0012296549970831623,3,2
84,45,0.0010234431454117614,0.00043676674274255783,0.0,0.0012296549970831623,3,2
85,43,0.0008253372932336686,0.0005302830118490917,0.0,0.0012296549970831623,3,2
86,43,0.0007982885438022362,0.0005545363465271076,0.0,0.0012296549970831623,3,2
87,46,0.000823798683894742,0.0005212605427347575,0.0,0.0012296549970831623,3,2
88,47,0.000762052805030462,0.0005449032102429029,0.0,0.0012296549970831623,3,2
89,43,0.0009525644919543048,0.0004746348238113666,0.0,0.0012296549970831623,3,2
90,40,0.0008391648571926079,0.0005455208353546427,0.0,0.0012296549970831623,3,2
91,46,0.0008378917118685515,0.0005376073543111682,0.0,0.0012296549970831623,3,2
92,43,0.0008622298567131489,0.0005135393014408629,0.0,0.0012296549970831623,3,2
93,45,0.0009101867319567327,0.00047590266042464314,7.907740342594133e-19,0.0012296549970831623,3,2
94,45,0.0008471345476346915,0.0005434505505998446,0.0,0.0012296549970831623,3,2
95,47,0.0009148133118807978,0.0004957550578283278,1.335093447230474e-06,0.0012296549970831623,3,2
96,44,0.0010250983636883135,0.00041786857482999985,0.0,0.0012296549970831623,3,2
97,45,0.0008790371474789761,0.0005084802054161753,3.737174736923365e-07,0.0012296549970831623,3,2
98,44,0.0007411899139040406,0.0005759647181054998,0.0,0.0012296549970831623,3,2
99,44,0.0009000263517604864,0.0005107558237768035,7.907740342594133e-19,0.0012296549970831623,3,2
100,46,0.00085789933241955,0.0005425972013744,2.17348446619127e-09,0.0012296549970831623,3,2
