gen,nevals,avg,stddev,min,max,run,wlasne_prawd
0,50,0.0,0.0,0.0,0.0,5,3
1,50,2.191410091496264e-13,4.677290357004888e-13,0.0,1.2174500508312578e-12,5,3
2,45,1.3449576854274602e-10,2.854377368982787e-10,0.0,7.437258263850433e-10,5,3
3,45,1.2585754103324909e-09,3.6119550733527216e-09,0.0,1.8003806724563095e-08,5,3
4,43,2.9445896007671487e-09,5.535119095516987e-09,0.0,1.8032927334163908e-08,5,3
5,48,1.7926472187206908e-07,6.33855499859904e-07,0.0,3.969244719959437e-06,5,3
6,44,9.872649269885403e-07,2.524214474936206e-06,1.2174500508312578e-12,1.4473131525502866e-05,5,3
7,43,5.859571242557614e-06,2.264818070879903e-05,1.2174500508312578e-12,0.00015886861977853256,5,3
8,44,2.9029783650345552e-05,8.830376611113908e-05,6.134187279837577e-09,0.0005732332072613929,5,3
9,46,0.00011553956534801598,0.00018190427058670605,0.0,0.0006467408507767898,5,3
10,46,0.00019586703746225125,0.0002135683884954981,0.0,0.0006467408507767898,5,3
11,46,0.0002299932582714878,0.0002321543871362199,0.0,0.0006467408507767898,5,3
12,47,0.00021651668621564416,0.00024196999519419772,1.800382195723028e-08,0.0006467408507767898,5,3
13,45,0.00028595416524600383,0.00023939249420739465,0.0,0.0007622315364444241,5,3
14,46,0.00022336289772087364,0.00027632108406037883,1.2174500508312578e-12,0.0011859444447887056,5,3
15,43,0.00030253400708330413,0.00036567530616465037,1.800377163918855e-08,0.002112513564348442,5,3
16,46,0.00033598635321666596,0.0004497572916012585,0.0,0.002112513564348442,5,3
17,39,0.0005396441321748485,0.0005795725332937429,0.0,0.002112513564348442,5,3
18,44,0.0004606249633499945,0.0005010549959414347,0.0,0.002112513564348442,5,3
19,43,0.00046561364093457633,0.0004868580865504661,0.0,0.0020299160529831375,5,3
20,47,0.0005949605377671334,0.0005945475739626391,0.0,0.002112513564348442,5,3
21,47,0.0006700840132044354,0.000700471944791694,0.0,0.0022467469607339923,5,3
22,42,0.0007301990884018495,0.0008170935090218978,0.0,0.0022467469607339923,5,3
23,45,0.0008982195110398146,0.0008662776954367705,0.0,0.0022467469607339923,5,3
24,44,0.0008391734616209783,0.0009164813084916437,0.0,0.0022467469607339923,5,3
25,43,0.001004445452247653,0.0008766917222194613,0.0,0.0022467469607339923,5,3
26,48,0.0011868775983449082,0.0009433623636740066,0.0,0.00251094103716046,5,3
27,42,0.0009812410016827268,0.0009415217234934878,7.701785912496028e-08,0.00251094103716046,5,3
28,46,0.0008044601414178743,0.000895328488285301,0.0,0.00251094103716046,5,3
29,43,0.0008915272396660136,0.0009121257394810719,0.0,0.00251094103716046,5,3
30,47,0.0006421412079319757,0.0007556887389607954,0.0,0.00251094103716046,5,3
31,39,0.0009054132110314625,0.0009133614958005685,0.0,0.00251094103716046,5,3
32,47,0.000723189248536614,0.0009195539855193258,0.0,0.00251094103716046,5,3
33,45,0.0008796168826719296,0.0009074619986725554,4.259393489198537e-10,0.00251094103716046,5,3
34,43,0.0008551113542725305,0.0009179499220755673,0.0,0.00251094103716046,5,3
35,49,0.00048648291269043966,0.0007068070346400858,0.0,0.00251094103716046,5,3
36,47,0.0007119539248305359,0.0007743908043097597,1.659167833838544e-07,0.00251094103716046,5,3
37,47,0.0007810121337423038,0.0009460004065232881,0.0,0.0025548727595183698,5,3
38,46,0.0011200591875175955,0.0009768920574257825,0.0,0.0025135891182381845,5,3
39,43,0.0007057847780947608,0.0008608272858308619,0.0,0.0025135891182381845,5,3
40,43,0.0009954528263813615,0.0008952926462131887,0.0,0.0025135891182381845,5,3
41,43,0.0010690925904312256,0.000995618588833187,0.0,0.0025135891182381845,5,3
42,43,0.0013044141891794285,0.0009777356555684433,0.0,0.0025135891182381845,5,3
43,38,0.0014609068539237213,0.0009888249975310338,0.0,0.0025135891182381845,5,3
44,44,0.0011482898871112417,0.0010632806859738138,1.800384209417579e-08,0.0025135891182381845,5,3
45,44,0.0012259401760722733,0.0010378976700820008,0.0,0.0025135891182381845,5,3
46,44,0.0009318959914303086,0.00108326994987545,0.0,0.0025135891182381845,5,3
47,43,0.001232951873549168,0.0010534242202529232,0.0,0.0025135891182381845,5,3
48,41,0.0013413644636882233,0.0010488961346795378,0.0,0.0025135891182381845,5,3
49,44,0.0012202722151263773,0.0010418015785974538,1.6514683068915227e-08,0.0025135891182381845,5,3
50,44,0.0010330864301194155,0.0010824415730157702,0.0,0.0025135891182381845,5,3
51,41,0.0011967596902300501,0.0010808627901468765,0.0,0.0025135891182381845,5,3
52,44,0.0013191493195065269,0.0010858653537252946,0.0,0.0025135891182381845,5,3
53,46,0.0012290636357001053,0.001085379775902199,0.0,0.0025135891182381845,5,3
54,45,0.0010115215407839834,0.0010125436442857867,0.0,0.0025135891182381845,5,3
55,45,0.0010565710138395812,0.001071929901689818,0.0,0.0025135891182381845,5,3
56,46,0.0012169757363797824,0.0010871440110055168,0.0,0.0025135891182381845,5,3
57,45,0.0009247401155572337,0.0010792385118868811,0.0,0.0025135891182381845,5,3
58,40,0.0011242510975131579,0.0011250490623124184,0.0,0.0025135891182381845,5,3
59,44,0.0011152748389567793,0.001031544248753926,0.0,0.0025135891182381845,5,3
60,40,0.0010092363671076216,0.0010993459217739064,0.0,0.0025135891182381845,5,3
61,46,0.0012452044580423106,0.0010073769614996307,0.0,0.0025135891182381845,5,3
62,42,0.0011129081586661396,0.0010728122866036959,0.0,0.0026362333521053587,5,3
63,47,0.0011023016563187005,0.0011361855120375183,0.0,0.0026362333521053587,5,3
64,41,0.0013054006293278212,0.0010629043274810357,0.0,0.0026362333521053587,5,3
65,47,0.0012935515622183947,0.0010826168571537323,0.0,0.0026362333521053587,5,3
66,43,0.0012267867032543691,0.0011118637526937299,0.0,0.0026362333521053587,5,3
67,46,0.0010069209380721622,0.0010531379021708575,0.0,0.0026362333521053587,5,3
68,44,0.0007836869215670951,0.0010025379803634315,0.0,0.0026362333521053587,5,3
69,44,0.0008949940086906946,0.0010237825292239084,0.0,0.0026362333521053587,5,3
70,47,0.000937646641130108,0.0009785010463611596,1.8003792678947855e-08,0.0026362333521053587,5,3
71,44,0.0010268550647799571,0.0010815670533649083,0.0,0.0026362333521053587,5,3
72,48,0.0010084090262352813,0.0010931268429392987,0.0,0.0026362333521053587,5,3
73,45,0.0010608841887478444,0.0010751624516562588,0.0,0.0026362333521053587,5,3
74,45,0.00097736529390706,0.001101894165257146,0.0,0.0026362333521053587,5,3
75,43,0.0010937565107242491,0.0010978006638379199,0.0,0.0026362333521053587,5,3
76,47,0.0008356044764907405,0.0011228074024895063,0.0,0.002658686138778533,5,3
77,46,0.0012830149432225535,0.0011495025066761777,1.6964338428299802e-08,0.002658686138778533,5,3
78,43,0.001240552109504021,0.0012038224107055475,0.0,0.002658686138778533,5,3
79,47,0.0012695539972171033,0.00122488565732648,0.0,0.002658686138778533,5,3
80,48,0.0010866374343435998,0.0012086138863784412,0.0,0.002658686138778533,5,3
81,47,0.0009514751378962883,0.0011205767755992197,0.0,0.002658686138778533,5,3
82,46,0.0012840570971280872,0.001216027297390398,0.0,0.002658686138778533,5,3
83,46,0.0009021265504925705,0.0011691884972822207,0.0,0.002658686138778533,5,3
84,47,0.0011322954058483022,0.0012460937746371467,0.0,0.002658686138778533,5,3
85,42,0.00128108434853087,0.0012863271966700245,0.0,0.002658686138778533,5,3
86,45,0.0016495114156524389,0.0011469804179455023,1.5815697994353245e-07,0.002658686138778533,5,3
87,46,0.0014569815550814036,0.0012378199578418885,0.0,0.002658686138778533,5,3
88,48,0.0011729149255295813,0.0012237771122332968,0.0,0.002658686138778533,5,3
89,44,0.001223159351257727,0.0012035574134294598,0.0,0.002658686138778533,5,3
90,48,0.0011154749078078133,0.0011823490474112482,0.0,0.002658686138778533,5,3
91,45,0.0010524015343828185,0.001169935680241976,0.0,0.002658686138778533,5,3
92,43,0.001642443427089428,0.0011632137503912769,1.612499829440244e-07,0.002658686138778533,5,3
93,45,0.001617422982493333,0.0012234199532070327,0.0,0.002658686138778533,5,3
94,44,0.0013577523498862854,0.0012118412868609453,0.0,0.002658686138778533,5,3
95,45,0.0014418633888359817,0.0011638253179082295,0.0,0.002658686138778533,5,3
96,46,0.0013771997561297805,0.0012443930333325501,0.0,0.002658686138778533,5,3
97,44,0.0014286392325907247,0.0012446944295980654,0.0,0.002658686138778533,5,3
98,46,0.0014253467874844274,0.0012007718974875283,0.0,0.002658686138778533,5,3
99,49,0.0009898615845664004,0.001208139628456082,0.0,0.002658686138778533,5,3
100,45,0.0012617896195758372,0.0011883166120297568,0.0,0.002658686138778533,5,3
