gen,nevals,avg,stddev,min,max,run,wlasne_prawd
0,50,0.0,0.0,0.0,0.0,3,0
1,46,1.9479200813300125e-13,4.4632456102096584e-13,0.0,1.2174500508312578e-12,3,0
2,43,7.311375607454181e-13,9.576292828843062e-13,0.0,6.1536996203710635e-12,3,0
3,41,7.14368381346392e-11,2.773205774766364e-10,0.0,1.715727874615181e-09,3,0
4,45,2.550849280408568e-10,4.712021054340921e-10,0.0,1.7157278746159284e-09,3,0
5,47,2.7486140886724313e-09,1.057425632877345e-08,0.0,6.868261343141713e-08,3,0
6,45,1.900463895936294e-08,5.0155790407075136e-08,0.0,2.4650634344670794e-07,3,0
7,46,4.808660582181081e-07,2.8911686380126567e-06,0.0,2.0702160096201307e-05,3,0
8,45,1.1250642124929433e-06,4.2084868146278905e-06,0.0,2.0702160096201307e-05,3,0
9,41,3.711313597250656e-06,7.628401335749818e-06,0.0,2.1893793119424806e-05,3,0
10,46,8.566567260897839e-06,1.0726995699513857e-05,0.0,3.927525704284294e-05,3,0
11,44,1.7171194208615595e-05,1.1998471489609688e-05,0.0,4.521354378764189e-05,3,0
12,47,1.685196098157609e-05,1.473253994183145e-05,0.0,4.521354378764189e-05,3,0
13,46,2.2369678389746978e-05,3.0461036305313606e-05,0.0,0.00020451446468953068,3,0
14,45,4.9604417452164465e-05,7.646364522075874e-05,0.0,0.00038099941768562527,3,0
15,43,9.682944902491747e-05,0.00013047864300206937,0.0,0.00039336499587422423,3,0
16,44,0.00015385611959512768,0.0001523072612362198,0.0,0.00046048104032777405,3,0
17,43,0.00023433532470008,0.00015790806353441694,0.0,0.0005023259603564142,3,0
18,46,0.00026707195510424533,0.00016779598011298124,0.0,0.0005187793864865058,3,0
19,46,0.00029557014069894603,0.0001795079173980585,0.0,0.0005187793864865058,3,0
20,41,0.00036776444916487356,0.00016558873357623777,0.0,0.0005187793864865058,3,0
21,45,0.0003469824384552495,0.0002275568852206413,0.0,0.0008831548855749857,3,0
22,46,0.00045179970489516005,0.0001868371696991118,0.0,0.0008831548855749857,3,0
23,46,0.00047028177309387035,0.00026796686934558306,0.0,0.0009236909296644468,3,0
24,44,0.0005331075744418511,0.0003001543179593582,0.0,0.0009625491690651778,3,0
25,42,0.0005520409006953844,0.00033850478399067994,6.387792594477208e-07,0.0009625491690651778,3,0
26,46,0.0005532596706535813,0.000366187129898362,3.078146716580897e-07,0.0012805042424181168,3,0
27,48,0.0004738952521595568,0.0004308329654808789,0.0,0.0012805042424181168,3,0
28,46,0.0007038041371833567,0.00042815563898235503,2.7581770064830884e-05,0.0015368701995362658,3,0
29,47,0.0008722311554330124,0.00044016634609285454,0.0,0.0016827488846559348,3,0
30,40,0.0009399777538407772,0.0005588157289762288,0.0,0.0016827488846559348,3,0
31,49,0.001098405611008942,0.0006024243688778886,0.0,0.001944277384516781,3,0
32,47,0.001098878242094164,0.0007146967848465931,0.0,0.0019373439293814936,3,0
33,47,0.0011768991151447168,0.0007304093859660471,0.0,0.001980668528678282,3,0
34,42,0.001536783399474934,0.0005288516746252004,2.9612658565879533e-06,0.0019783829119650763,3,0
35,42,0.0014404723886348796,0.000680398339566833,0.0,0.001988669083094372,3,0
36,47,0.0013224197282893108,0.0007743837994633275,0.0,0.0020106704369410194,3,0
37,45,0.001306572853472005,0.0008162788023311998,0.0,0.0020106704369410194,3,0
38,48,0.0013570453257735122,0.0008143679248663597,0.0,0.0020106704369410194,3,0
39,42,0.0016014383961020307,0.0007013698460460528,0.0,0.0020106704369410194,3,0
40,43,0.0018356845290047675,0.0005200234428239136,0.0,0.0020106704369410194,3,0
41,45,0.001876442866200162,0.00045801562403964736,6.091570559159569e-06,0.0020106704369410194,3,0
42,45,0.0018454818875961367,0.0005250904902441125,0.0,0.0020106704369410194,3,0
43,46,0.0018476699424890381,0.0004808716883974975,4.037385152086825e-09,0.0020106704369410194,3,0
44,46,0.0018529510582175278,0.0005052440263455276,0.0,0.00202481109349694,3,0
45,46,0.0018078419053471713,0.0006046268155020393,0.0,0.00202481109349694,3,0
46,43,0.0017371868750471475,0.0006770438195360334,0.0,0.00202481109349694,3,0
47,47,0.0018695193454797896,0.0005063132399437038,0.0,0.00202481109349694,3,0
48,48,0.001831967612177637,0.0005797286989198114,0.0,0.00202481109349694,3,0
49,44,0.0019218425830938005,0.00038697942375373205,1.3744850258294377e-07,0.00202481109349694,3,0
50,45,0.0019687928748124855,0.0002914245383929514,0.0,0.0020804267432700057,3,0
51,44,0.001911641672921307,0.0004394875884412333,0.000123845890870053,0.0020804267432700057,3,0
52,47,0.0017498450908454547,0.0006470755411308595,0.0,0.0020804267432700057,3,0
53,42,0.0019316570226672457,0.00047082492220273166,0.00013492848266607357,0.0020804267432700057,3,0
54,48,0.0019061262332750017,0.0004845787770838595,0.0,0.0020804267432700057,3,0
55,42,0.0018634139646005099,0.0005888576938150164,0.0,0.0020804267432700057,3,0
56,48,0.0016503198124540326,0.0007799306845912129,0.0,0.0020804267432700057,3,0
57,47,0.0018373172990327827,0.0006380209926238736,4.573034774135589e-05,0.0020804267432700057,3,0
58,45,0.0017207102249053219,0.0007483486181774088,0.0,0.0020804267432700057,3,0
59,45,0.0019448741885142512,0.0004526594821798617,2.4031092439060334e-07,0.0020804267432700057,3,0
60,43,0.0018640344496069858,0.0005776231177178535,0.0,0.0020804267432700057,3,0
61,46,0.0019181805421642506,0.00048480085228716344,2.14072790358826e-06,0.0020804267432700057,3,0
62,46,0.0018947981213240411,0.0005440419053390398,0.0,0.0020804267432700057,3,0
63,49,0.0018819959230749344,0.0005538558136786212,3.741165059677345e-06,0.0020804267432700057,3,0
64,47,0.001889624878649821,0.0005390205568770611,0.0,0.0020804267432700057,3,0
65,47,0.0018556591478456508,0.0005698728294601409,1.7125650586392108e-05,0.0020804267432700057,3,0
66,43,0.0018856634039149962,0.0005634483041016067,2.4031092439060334e-07,0.0020804267432700057,3,0
67,48,0.001889275528134506,0.0005503929934876347,2.14072790358826e-06,0.0020804267432700057,3,0
68,48,0.0018203426338557099,0.0006559258030537767,0.0,0.0020804267432700057,3,0
69,45,0.0018177999565296313,0.0006635547332474557,0.0,0.0020804267432700057,3,0
70,45,0.0018481376140598279,0.0006083098487906399,4.573034774135589e-05,0.0020804267432700057,3,0
71,40,0.002014954120167722,0.00030066368264283354,2.14072790358826e-06,0.0020804267432700057,3,0
72,43,0.0019107376391689476,0.0005306877636977044,0.0,0.0020804267432700057,3,0
73,46,0.0019300592253971762,0.0004774642017797458,1.7125650586392108e-05,0.0020804267432700057,3,0
74,45,0.001991392812941756,0.00038690796394417315,7.775614161527846e-05,0.0020804267432700057,3,0
75,46,0.0020190115199396745,0.00030911775442442417,7.775614161527846e-05,0.0020804267432700057,3,0
76,46,0.0019485930261749086,0.0004526924327137304,0.0,0.0020804267432700057,3,0
77,46,0.0019094010380052418,0.0005085206410960878,0.00012895919341097693,0.0020804267432700057,3,0
78,48,0.0018723408117762622,0.0006083193812473183,0.0,0.0020804267432700057,3,0
79,44,0.001913188021346834,0.0005125398245276254,2.14072790358826e-06,0.0020804267432700057,3,0
80,45,0.001979880633824128,0.0003815564867147146,0.00013492848266607357,0.0020804267432700057,3,0
81,47,0.0018920732309907651,0.0005578087232605087,0.0,0.0020804267432700057,3,0
82,46,0.0018191977180570568,0.000641386340025347,0.0,0.0020804267432700057,3,0
83,41,0.0020321596455729514,0.00024229618434617867,0.0003603930470856478,0.0020804267432700057,3,0
84,48,0.0016841485424011155,0.000781716479983654,0.0,0.0020804267432700057,3,0
85,40,0.0019452512442318232,0.00046905071972298975,0.0,0.0020804267432700057,3,0
86,42,0.001993445024510965,0.0003804706548725494,0.00013492848266607357,0.0020804267432700057,3,0
87,47,0.0018015861351560855,0.0006752482900492819,0.0,0.0020804267432700057,3,0
88,45,0.0017349836438705568,0.000737511308851724,3.741165059677345e-06,0.0020804267432700057,3,0
89,46,0.001770176641261072,0.0006473283189799457,0.0,0.0020804267432700057,3,0
90,43,0.0019251625056994582,0.0005203508979835053,0.0,0.0020804267432700057,3,0
91,47,0.0018700693707395344,0.0006052313411829325,0.0,0.0020804267432700057,3,0
92,45,0.001936753838171017,0.00048769097390979806,0.00020848613473144195,0.0020804267432700057,3,0
93,42,0.0019515373786777234,0.00045239749918492105,0.0,0.0020804267432700057,3,0
94,44,0.0017858116198424337,0.0006946073689809055,0.0,0.0020804267432700057,3,0
95,47,0.0019060959574578146,0.0005354324092677043,3.741165059677345e-06,0.0020804267432700057,3,0
96,49,0.0018588709737358642,0.000597478148673434,0.0,0.0020804267432700057,3,0
97,47,0.001905390199071759,0.0005481535725946474,3.741165059677345e-06,0.0020804267432700057,3,0
98,48,0.001960894835741694,0.00045191842206067796,0.0,0.0020804267432700057,3,0
99,44,0.0019940513923253087,0.00039473805063148853,0.0,0.0020804267432700057,3,0
100,42,0.0019723277332259746,0.0004228768268520338,0.0,0.0020804267432700057,3,0
