gen,nevals,avg,stddev,min,max,run,wlasne_prawd
0,50,0.0,0.0,0.0,0.0,5,0
1,44,1.9479200813300125e-13,4.4632456102096584e-13,0.0,1.2174500508312578e-12,5,0
2,48,1.0233244479143712e-10,3.6042833674709633e-10,0.0,1.715727874615181e-09,5,0
3,44,1.7733854543226854e-09,5.828103199492833e-09,0.0,2.7555709041680806e-08,5,0
4,48,4.12647127566696e-08,1.6559781398681843e-07,0.0,1.01111921069127e-06,5,0
5,42,4.810715545126457e-07,2.3952747510702937e-06,0.0,1.70344239996379e-05,5,0
6,42,9.396096443507134e-06,5.219625230294457e-05,0.0,0.0003697457444501689,5,0
7,45,1.33180506695425e-05,5.077814753810703e-05,1.6852000649168165e-18,0.00036255189971004075,5,0
8,46,3.4389891255461155e-05,8.510412724996006e-05,0.0,0.00036255189971004075,5,0
9,44,0.00010178648193434706,0.00014324482214775209,3.4219638393756343e-08,0.0003697457444501689,5,0
10,42,0.00018575029426029884,0.00017995107220941114,0.0,0.0006330926589323945,5,0
11,44,0.00027807892861517533,0.00020035636956222745,0.0,0.0006313507610101106,5,0
12,43,0.0002531531830046488,0.00023352600303281314,0.0,0.0006317686421886379,5,0
13,42,0.00028761040452661234,0.00025977856396338603,0.0,0.0006976553334525456,5,0
14,44,0.0003295793591739686,0.00029674320199292225,0.0,0.000672791777785432,5,0
15,46,0.0003445331717974218,0.00029306101300074605,0.0,0.000672791777785432,5,0
16,47,0.0003706799674978329,0.0003101404199691256,0.0,0.0007650917416611517,5,0
17,41,0.00042353521658709104,0.00031123111541540664,0.0,0.0007650917416611517,5,0
18,47,0.00030050126207083986,0.00031719412009062947,0.0,0.0008917948423836032,5,0
19,49,0.0003646043294367299,0.00030940553295142844,0.0,0.0007088082367449019,5,0
20,43,0.0004466424308186523,0.0003131140893399211,0.0,0.0008920666224908514,5,0
21,43,0.00045645730284098055,0.00032265781201346933,0.0,0.0008740067855990066,5,0
22,48,0.00043003485754672643,0.0003220710858351842,0.0,0.0007115597390562738,5,0
23,44,0.0004887772957513927,0.0003020695044471501,0.0,0.0007088082367449019,5,0
24,42,0.0005058026395526171,0.00031155150372577564,0.0,0.0007088082367449019,5,0
25,48,0.0004704674192147732,0.00030599740972905853,0.0,0.0007088082367449019,5,0
26,47,0.0005042776036317351,0.00030390187109288584,0.0,0.0007088082367449019,5,0
27,44,0.0005386854599381066,0.0002882715617218697,0.0,0.0008575187600989133,5,0
28,48,0.0006115123894471301,0.00026533503311608676,0.0,0.0008575187600989133,5,0
29,47,0.000647319836672459,0.0002844195975743171,0.0,0.000878160743185683,5,0
30,47,0.0006957607176213507,0.0002911115489297755,0.0,0.0008918621113450795,5,0
31,43,0.0007698672583087381,0.00024751563760622185,0.0,0.0008918621113450795,5,0
32,46,0.0007014453466277736,0.00031961349226124506,0.0,0.0008918621113450795,5,0
33,44,0.0006245672977521542,0.00036609892359007137,0.0,0.0008918621113450795,5,0
34,49,0.0005658306836300059,0.00036842663438552023,0.0,0.0008918621113450795,5,0
35,46,0.0005308179727473678,0.0003907005424691247,0.0,0.001036847266422339,5,0
36,43,0.0005710531793555454,0.00037966118399375474,0.0,0.001036847266422339,5,0
37,49,0.0006220742594596281,0.00037631511662620723,8.058457240592059e-13,0.001036847266422339,5,0
38,46,0.0005820998618355268,0.0003847784537912356,0.0,0.0009125451194045919,5,0
39,45,0.0006791995049253999,0.0003590182578430258,0.0,0.0009125451194045919,5,0
40,46,0.0007628381699647575,0.00028851114022754006,0.0,0.0009125451194045919,5,0
41,44,0.0007166870082085623,0.0003126773038048678,0.0,0.0009125451194045919,5,0
42,44,0.0007743568185107015,0.00028531823643676563,0.0,0.0009125451194045919,5,0
43,44,0.0007992505591021951,0.0002952328941268175,0.0,0.0009125451194045919,5,0
44,44,0.0007994931539277374,0.00026445062726302744,0.0,0.0009125451194045919,5,0
45,44,0.0008528399299017185,0.00021740886829750263,8.058457242326766e-13,0.0009125451194045919,5,0
46,44,0.0008135202012577352,0.00026863574807134145,0.0,0.0009125451194045919,5,0
47,44,0.0008367278379097518,0.00022005879120779747,0.0,0.0009125451194045919,5,0
48,42,0.0008154657565440033,0.0002734069543120581,0.0,0.0009125451194045919,5,0
49,43,0.0008163100103251614,0.00026701029897582617,0.0,0.0009125451194045919,5,0
50,47,0.0007969376144265197,0.0002809207091718442,0.0,0.0009125451194045919,5,0
51,44,0.0008761778492128396,0.00013976409665227333,4.980330527342933e-08,0.0009125451194045919,5,0
52,45,0.0007833218249166762,0.00029505767760010747,0.0,0.0009125451194045919,5,0
53,44,0.0008557697928122772,0.00020668801979488398,8.058457242326766e-13,0.0009125451194045919,5,0
54,45,0.0007897364863507988,0.00029328405327050443,0.0,0.0009125451194045919,5,0
55,45,0.0007616251971172975,0.0003255888428166278,0.0,0.0009125451194045919,5,0
56,46,0.0008513556287736264,0.00021740624802987852,0.0,0.0009125451194045919,5,0
57,44,0.0008593868553554665,0.00018582364315334175,0.0,0.0009125451194045919,5,0
58,44,0.0008023898503571483,0.00028583920245971205,0.0,0.0009125451194045919,5,0
59,45,0.000740878886737455,0.0003446065627020847,0.0,0.0009125451194045919,5,0
60,46,0.0008582247589564709,0.00021502035955416537,7.762913086981024e-08,0.0009125451194045919,5,0
61,45,0.0007913316912862949,0.0002958464513415121,8.058457242326766e-13,0.0009125451194045919,5,0
62,45,0.0007405335076970362,0.0003481882345930268,0.0,0.0009125451194045919,5,0
63,44,0.0008560954752615625,0.0002067679180526207,2.1871608774105937e-10,0.0009170163222721891,5,0
64,45,0.0008422349042225141,0.00022085636928983421,0.0,0.0009170163222721891,5,0
65,44,0.0008375150476384811,0.00024823234411051756,0.0,0.0009170163222721891,5,0
66,45,0.0008522565918826216,0.0002192019010698212,7.715397887907631e-09,0.0009170163222721891,5,0
67,46,0.000838706955102847,0.0002483579491589338,0.0,0.0009170163222721891,5,0
68,45,0.0008408543927053485,0.0002482059853230693,0.0,0.0009170163222721891,5,0
69,45,0.0008598375250457115,0.0002161048935256642,2.7423425986829442e-08,0.0009170163222721891,5,0
70,45,0.0008892023908877525,0.00013457121946732368,0.0,0.0009170163222721891,5,0
71,45,0.0007845033613820076,0.0003169555639488197,0.0,0.0009170163222721891,5,0
72,46,0.0008193579092658374,0.0002546502172956321,0.0,0.0009170163222721891,5,0
73,44,0.0008980974713072614,0.00012835830317568228,5.830554505620429e-08,0.0009242341961353733,5,0
74,48,0.0008154543196696603,0.0002691468630001747,0.0,0.0009349645151517681,5,0
75,49,0.0008269001189790334,0.0002545103857932339,0.0,0.0009474015024499232,5,0
76,48,0.0007866291578395688,0.0002926957977584737,0.0,0.0009496375957295795,5,0
77,46,0.0008243154274910802,0.00025425961428100384,0.0,0.0009496798989862903,5,0
78,46,0.0008154648223795408,0.0002681742617393065,3.3937249765157415e-18,0.0009507355467330263,5,0
79,43,0.0008298508363177773,0.00027670967529654165,3.6620534388177905e-18,0.0009507355467330263,5,0
80,46,0.0008078632880585052,0.0002879449095131439,1.2164289260615606e-12,0.0009670689605601936,5,0
81,47,0.0008715223023793006,0.00019617479730312678,1.637720085286689e-18,0.0009668491269784789,5,0
82,48,0.0008340296805150854,0.0002510212262570204,4.9769702052493515e-18,0.0009655477487408455,5,0
83,45,0.0008872843812320331,0.00018176069776550813,0.0,0.0009501864320408666,5,0
84,44,0.0007833229494241772,0.00032194837834160383,0.0,0.0009568047234000191,5,0
85,45,0.00077026175148243,0.00031648718339168395,8.60020921103214e-18,0.0009677761274656467,5,0
86,46,0.0008111783340308016,0.00026017939069548636,2.592847218762426e-07,0.0009509350643455077,5,0
87,47,0.0007835284448720324,0.00030530643720702295,0.0,0.0009648675179694837,5,0
88,45,0.0008279100960572093,0.00027528846788108966,1.8115356374411763e-18,0.000958068537372597,5,0
89,49,0.0008716445519171233,0.00021164879998913368,0.0,0.0009670370627146558,5,0
90,46,0.0008225320373422062,0.00028707439456675054,2.7271847925714587e-08,0.0009606085015272712,5,0
91,43,0.0008182553929090191,0.00028481702337083297,0.0,0.0009583473200837039,5,0
92,44,0.0008753437619148624,0.00018134348777331877,0.00014189823460991125,0.0009648796636605843,5,0
93,43,0.0009211980491635617,6.597190349325942e-05,0.00048008399580084236,0.0009648796636605843,5,0
94,47,0.0008807874778082314,0.00017216122990198698,8.297279733924864e-06,0.0009591915368485095,5,0
95,40,0.0008521395630969702,0.00025024494884334336,0.0,0.0009625288228181061,5,0
96,45,0.0008339299672195594,0.00025719145810489504,1.5278242020030977e-06,0.0009625288228181061,5,0
97,44,0.0008177101631665303,0.0002741524189404954,0.0,0.0009625288228181061,5,0
98,44,0.0008988692464629358,0.000122446127442407,0.00014625153104635724,0.0009625288228181061,5,0
99,43,0.0008802790867556965,0.00017429983512867506,3.4929722784612e-05,0.0009590999186960929,5,0
100,45,0.0008576367328996224,0.00022815915042884074,4.721000560760937e-07,0.0009590999186960929,5,0
