gen,nevals,avg,stddev,min,max,run,wlasne_prawd
0,50,0.0,0.0,0.0,0.0,9,0
1,48,1.4609400609975093e-13,3.956244387471656e-13,0.0,1.2174500508312578e-12,9,0
2,49,9.427286793046894e-11,3.069819454749452e-10,0.0,1.715727874615181e-09,9,0
3,44,3.869731593799517e-10,7.307182989766372e-10,0.0,4.4593252930584904e-09,9,0
4,39,7.069161849098666e-10,7.572916740611406e-10,0.0,4.426112815501905e-09,9,0
5,46,2.534922401611129e-09,5.96706847876668e-09,0.0,3.4219638393756343e-08,9,0
6,45,1.2680899708784057e-08,3.6557308584511854e-08,0.0,1.9295560919741607e-07,9,0
7,44,4.376043817479938e-08,1.4604308086642148e-07,0.0,1.0288366177246404e-06,9,0
8,41,1.5374608848370275e-07,2.9782749152648997e-07,0.0,1.0288366177246404e-06,9,0
9,45,3.5911983375729095e-07,4.2400309478695093e-07,0.0,1.0288366177246404e-06,9,0
10,40,2.895961223739415e-06,1.504473043375897e-05,0.0,0.00010816725645088827,9,0
11,44,5.625586729096166e-06,1.7859931833307384e-05,1.2174500508312578e-12,0.00010816725645088827,9,0
12,45,8.878559371625515e-06,1.9099156916781765e-05,0.0,7.37964218736819e-05,9,0
13,45,2.267495306331942e-05,3.090268612955726e-05,9.548097601131096e-10,9.395890497291512e-05,9,0
14,46,5.350930300728882e-05,4.498571749361713e-05,0.0,0.00024240396342482628,9,0
15,45,7.316432493859679e-05,4.905596089636674e-05,1.0408923085698765e-09,0.00024240396342482628,9,0
16,47,8.364226095221212e-05,6.72481604366744e-05,3.578343476337456e-08,0.0002842364285874205,9,0
17,43,0.00010916810635482253,8.277594569079937e-05,2.0233240696723907e-08,0.00037301493590157663,9,0
18,47,0.00015126511619650414,0.00010089449208815358,3.4206271690708556e-08,0.0003962590586587977,9,0
19,45,0.0002128748913978731,0.0001042096720121594,1.0602890997808598e-07,0.00042700422811568783,9,0
20,43,0.00022312805579286863,0.0001382106368672735,2.4292272964128017e-09,0.00042700422811568783,9,0
21,48,0.00023534689715916255,0.00013588539391308664,3.4030867033138857e-08,0.00045063719647151076,9,0
22,42,0.00020758151680991884,0.00015054061373255163,6.14365431450426e-09,0.00044844058723274066,9,0
23,45,0.0002596385269447957,0.00014581904483079326,1.0948951749660146e-07,0.00046067156143961914,9,0
24,44,0.00023631638839182828,0.00017332134054258097,1.1275456974068867e-08,0.0004621577812555272,9,0
25,48,0.0002425466287985757,0.0001705593325399072,1.636635801951457e-08,0.00047613664333907764,9,0
26,44,0.00028338312592039743,0.00016086732391628266,6.503563203962571e-08,0.0005418195338879355,9,0
27,48,0.0003027581323117676,0.00018380751955591776,2.808490880252904e-09,0.0006361629118516603,9,0
28,47,0.00019507296397155253,0.00019998815115844395,1.1275330791965869e-08,0.0005358804344080946,9,0
29,41,0.00027884236679404545,0.00019351233852080344,5.332690666197627e-09,0.0005122639133464694,9,0
30,42,0.0003245715993333906,0.00019859039991640268,8.342047249580944e-10,0.0005505727897456302,9,0
31,47,0.0002933994125934542,0.00020265595081101718,1.4634377085200375e-07,0.0005505727897456302,9,0
32,47,0.00023249566609823195,0.00020597421986213763,6.426137974759257e-09,0.0005505727897456302,9,0
33,44,0.0003026810089661842,0.0001991792083658452,1.0374414882951862e-09,0.0005426197677883163,9,0
34,45,0.0002890367712036352,0.00020330106545845612,3.0237416070592427e-09,0.0005426197677883163,9,0
35,41,0.0002932379931683807,0.00021650024011367016,1.9656529354596205e-09,0.0005572330016133871,9,0
36,41,0.00029563391687959043,0.00019325754501961826,1.0286361737495582e-08,0.0005572330016133871,9,0
37,45,0.00022327023285915207,0.0001941926565864262,1.9656529354596205e-09,0.0005572330016133871,9,0
38,43,0.000268768116561557,0.0002086593737245997,1.1273330521695926e-08,0.0006565516738261351,9,0
39,44,0.00026208058420388225,0.00022187378572932786,2.712426819260285e-08,0.0006013437090064412,9,0
40,47,0.00026378562586770325,0.00022190061940849994,6.408445241863535e-08,0.0006265546647773044,9,0
41,45,0.00024132746031618266,0.0002087372618748714,1.4513789948443438e-07,0.000637498993205057,9,0
42,45,0.00026412918264090033,0.00022521174605915446,8.208762208047341e-10,0.000639823487296194,9,0
43,44,0.00028576215430003684,0.00023574364125893884,1.373196544046499e-09,0.000639823487296194,9,0
44,47,0.0002528029042277181,0.0002127697280252159,1.3710791138482888e-09,0.0006332812800951797,9,0
45,45,0.00026148926433822926,0.00021376688526768313,6.768973976047642e-09,0.0005879978502815437,9,0
46,45,0.0002142609940473789,0.00021370345249947936,1.3586146607252602e-09,0.0006441478865126061,9,0
47,47,0.00025401333944356964,0.00021731188128360288,5.8264778269652536e-08,0.0006441478865126061,9,0
48,46,0.00024319609079291368,0.0002126203086083573,8.35387775579067e-10,0.0006372950545677898,9,0
49,44,0.00028736680362891645,0.0002025578379650845,1.3710791138482888e-09,0.0006372950545677898,9,0
50,45,0.00031947107716700374,0.0002096798335455576,6.593056690660527e-08,0.0006372950545677898,9,0
51,43,0.0002495765408425536,0.0002548034464391351,5.175504822210091e-10,0.0006372950545677898,9,0
52,43,0.00034094660131753224,0.0002429015119734601,1.1277981558367216e-08,0.0006478040926727376,9,0
53,46,0.00032142260312580107,0.00025102230041739517,1.2874243908818245e-08,0.0006473876324256809,9,0
54,42,0.00034487783456708373,0.0002547900469507538,6.1552109053050275e-09,0.0006473876324256809,9,0
55,47,0.00028660993333279165,0.00024225517759556654,2.3570634045681154e-08,0.0006473876324256809,9,0
56,47,0.00029258548867822337,0.00021901896499342365,1.658560707346227e-08,0.0006473876324256809,9,0
57,45,0.0003600573078383569,0.00021739219353608715,3.983263229347502e-08,0.0006548952164407165,9,0
58,48,0.00034893823659184434,0.00024554555758167284,1.3710791138482888e-09,0.0006548952164407165,9,0
59,44,0.0004064378701293965,0.0002570691346505152,1.2289116873729007e-07,0.0006299156199665757,9,0
60,42,0.00045405575495337686,0.00025098623344152905,6.1552109053050275e-09,0.000635407910469822,9,0
61,46,0.00040108026132416576,0.0002681533091359605,6.1552109053050275e-09,0.000635407910469822,9,0
62,47,0.0004187754376091594,0.00025621695537174626,5.175446477264213e-10,0.000635407910469822,9,0
63,45,0.00043913778648411333,0.00025111041394872754,1.3710791138482888e-09,0.000635407910469822,9,0
64,47,0.00039758472376581375,0.0002767775385087872,6.774657153670261e-08,0.000635407910469822,9,0
65,44,0.00046293804461279954,0.00024271180820301916,1.0498434958524363e-07,0.0006385248432096142,9,0
66,46,0.0005044165261130907,0.00022280793016351422,7.609004619408592e-09,0.0006459601862126567,9,0
67,47,0.0004761445884709263,0.0002509658871055085,7.609004619408592e-09,0.0006459601862126567,9,0
68,48,0.00041207310152782526,0.0002678003560414377,9.557093507357819e-09,0.0006753367592174835,9,0
69,45,0.0004515479453587886,0.0002500036732027806,1.4513789948443438e-07,0.0006753367592174835,9,0
70,44,0.00047349027242253404,0.0002707590610998042,5.177293595287439e-10,0.0006753367592174835,9,0
71,43,0.0005271387434045495,0.00024433077016861965,1.0420663446750046e-08,0.0006753367592174835,9,0
72,40,0.0005123138886095189,0.00026016729487784437,1.9432679024830757e-08,0.0006841394002579058,9,0
73,46,0.0005181447636305876,0.0002582673091023585,1.5640461392059424e-07,0.0006841394002579058,9,0
74,44,0.0004803838388169647,0.0002893099980679517,5.177293595287439e-10,0.0006841394002579058,9,0
75,48,0.0004812920455516377,0.0002718913118576418,1.0420663446750046e-08,0.0006841394002579058,9,0
76,40,0.0005473907581760564,0.00023603061634410583,1.6856469159804822e-08,0.0006841394002579058,9,0
77,46,0.0004706435444791527,0.0003071420175759391,5.177293595287439e-10,0.0006930049158962817,9,0
78,44,0.0005175090481165229,0.00027369163120653794,1.940801878109067e-09,0.0006930049158962817,9,0
79,41,0.0004992559457671728,0.00028615437576891826,1.127554334492303e-08,0.0006930049158962817,9,0
80,43,0.0005025166615041485,0.0002503468839036817,1.357950371166148e-09,0.0006978192459784244,9,0
81,48,0.0004964848032710452,0.0002676100759551237,1.357950371166148e-09,0.0006978192459784244,9,0
82,44,0.0004918082644876791,0.0002754992719792623,1.357950371166148e-09,0.0006978192459784244,9,0
83,46,0.0005170323080005028,0.00026367276077047326,5.97828989819814e-09,0.0006978192459784244,9,0
84,42,0.0005177129639830128,0.0002746024712076032,5.97828989819814e-09,0.0006978192459784244,9,0
85,44,0.0005652048372922305,0.00024321546594585148,1.357950371166148e-09,0.0006978192459784244,9,0
86,43,0.0005806792320478549,0.00021519915294718423,3.2586114030221033e-07,0.0006978192459784244,9,0
87,46,0.00047284350024516986,0.0002806410038705392,5.97828989819814e-09,0.0006978192459784244,9,0
88,47,0.00046417472176117446,0.00028822178292374414,6.10117494928944e-08,0.0006978192459784244,9,0
89,45,0.0005778221865278825,0.0002122788883802355,5.148711327883057e-08,0.0006997291128238127,9,0
90,41,0.0005805419536254636,0.0002458678757129456,1.357950371166148e-09,0.0006997291128238127,9,0
91,43,0.0005288706318972326,0.0002550854870860273,9.301729316202778e-09,0.0006997291128238127,9,0
92,43,0.0005561618312120873,0.00025191205384995046,2.4480255202627248e-08,0.0006997291128238127,9,0
93,47,0.0005506361898229628,0.00025110111482939165,1.9052347584548568e-07,0.0006997291128238127,9,0
94,45,0.000510439448666288,0.0002581236005338934,1.9432679024830757e-08,0.0006997291128238127,9,0
95,44,0.0005571558763411314,0.0002630782354896462,2.4480255202627248e-08,0.0006997291128238127,9,0
96,45,0.0005494034059801468,0.00025232676975841064,2.071280188328674e-07,0.0007003754126837762,9,0
97,45,0.0005651622084060659,0.0002536342333779475,1.9432679024830757e-08,0.0007003754126837762,9,0
98,41,0.0006073505907727848,0.00021069965264763581,1.9432679024830757e-08,0.0007003754126837762,9,0
99,42,0.0006014277364516127,0.00020624740554251302,7.261570182897559e-08,0.0007003754126837762,9,0
100,43,0.0005408533087657825,0.0002622241351814794,1.402277503469935e-07,0.0007003754126837762,9,0
