gen,nevals,avg,stddev,min,max,run,wlasne_prawd
0,50,0.0,0.0,0.0,0.0,9,2
1,42,2.4349001016625153e-13,4.869800203325031e-13,0.0,1.2174500508312578e-12,9,2
2,43,1.0919944175622619e-10,3.1978636584017953e-10,0.0,1.715727874615181e-09,9,2
3,44,6.203349727181116e-10,2.0031256275317258e-09,0.0,1.3748352374274058e-08,9,2
4,43,2.562597192200558e-09,6.022130967320148e-09,0.0,4.0185364323223097e-08,9,2
5,42,1.4360357333592845e-06,7.399531679385174e-06,0.0,4.7550882802362174e-05,9,2
6,43,5.9783450277885936e-06,1.7116059647654962e-05,0.0,9.999381025346295e-05,9,2
7,47,1.046594447989044e-05,1.9837211434224824e-05,7.105427357601002e-19,9.999381025346295e-05,9,2
8,46,1.7750793998313872e-05,1.904790442388943e-05,0.0,7.170480787694955e-05,9,2
9,42,4.1246783465278715e-05,3.9977506038127004e-05,0.0,0.00020681171807890585,9,2
10,45,6.0079055469996955e-05,7.13555137761642e-05,0.0,0.00024569597022935485,9,2
11,42,0.00012254206658713994,8.884785349957623e-05,0.0,0.00036092650116447057,9,2
12,46,9.61842715781652e-05,0.00010430878756022223,0.0,0.00036092650116447057,9,2
13,47,0.00016199423620329883,0.00020599697959148848,0.0,0.0013750856807826673,9,2
14,45,0.00021432274004107413,0.00029774190790158954,2.5908210467537577e-11,0.0015411984502667654,9,2
15,47,0.0004425009453334028,0.000461835290984021,0.0,0.001603866666007264,9,2
16,42,0.0005712748718631826,0.0005160812927746504,2.5908210467190626e-11,0.0015411984502667654,9,2
17,44,0.0006681173391209713,0.0005772274436426238,8.902518436353782e-10,0.0015411984502667654,9,2
18,47,0.0007326005361794186,0.0007887798244454572,2.5908210467190626e-11,0.004726937431315633,9,2
19,47,0.0008785602189226577,0.0010421293344008535,8.882411749492549e-10,0.00490759357773457,9,2
20,46,0.001156699564615211,0.0013451709470218948,1.0771157873618067e-09,0.004981089348676035,9,2
21,45,0.002101891307639191,0.0018316301060701961,1.0772865642824086e-09,0.005280906662833681,9,2
22,46,0.0024565256793714968,0.0020736284515504855,1.0991117253583364e-09,0.005280906662833681,9,2
23,46,0.0026227022024422455,0.0021748484030182026,1.53769142626447e-09,0.005330386610187843,9,2
24,48,0.0022509361109530183,0.0021556253207048186,1.0906385011439658e-09,0.005280906662833681,9,2
25,42,0.0025219298807493025,0.002236358698549732,1.8558843690609608e-09,0.0064770460230149365,9,2
26,42,0.0027371124315761753,0.002322341065309753,1.134807525249638e-09,0.0064770460230149365,9,2
27,49,0.0024719800910689175,0.0022627253827095773,1.087319246936231e-09,0.0064770460230149365,9,2
28,49,0.002324567963633563,0.00209643078035055,1.1266771250666228e-09,0.005513287391472174,9,2
29,45,0.003053956284233373,0.0021753186676277047,1.1739983409216317e-09,0.006558074217962402,9,2
30,44,0.0032827731392394144,0.0022038788432005734,1.1739983409216317e-09,0.006558074217962402,9,2
31,45,0.003148657968396233,0.0023941665376879884,1.0784728236126014e-09,0.00678952206671736,9,2
32,44,0.003277660174687819,0.0027743612825837675,1.1021554104760148e-09,0.00678952206671736,9,2
33,45,0.00358532428399123,0.002944467856694715,1.0803365199391518e-09,0.006954058717184377,9,2
34,43,0.0033691923158106142,0.002942893096283593,1.0817927568456567e-09,0.007133533158849717,9,2
35,41,0.003539462739775173,0.0030024579719078143,1.1718915805450944e-09,0.007686736250981732,9,2
36,41,0.003930517586767455,0.003083928790077838,1.0816542881274732e-09,0.007686736250981732,9,2
37,47,0.003349690637593329,0.0030522273802888115,1.080449199149514e-09,0.00791024736953971,9,2
38,44,0.003430250087653094,0.0029834900830728642,1.0799007869365064e-09,0.007686736250981732,9,2
39,41,0.004064562230435407,0.0031559469815911705,1.0932427091095675e-09,0.008300413951740013,9,2
40,41,0.0034018150499294402,0.003007616569695741,1.1347288506956288e-09,0.007686736250981732,9,2
41,45,0.0037297644119231184,0.003185777676144678,1.0577318598626674e-09,0.007686736250981732,9,2
42,45,0.0036387575886382977,0.0031363068892773897,1.5018514458054351e-09,0.007686736250981732,9,2
43,43,0.003454711487957188,0.0032332012754774948,1.0901508580714966e-09,0.007574263234333744,9,2
44,46,0.005008420733024567,0.0028201652993442793,1.161189487158425e-09,0.007974008902066608,9,2
45,45,0.004998919561094176,0.003226563054411618,1.0901508580714966e-09,0.008045834265222325,9,2
46,46,0.005341558817718711,0.003192859643247148,1.1051508219037686e-09,0.008045834265222325,9,2
47,45,0.004426215043371849,0.003630748382768814,6.884274739313897e-10,0.00831860513821141,9,2
48,45,0.0061457311150990125,0.0030715984554133403,1.509385481722329e-09,0.008834846398753001,9,2
49,46,0.005215506227414297,0.003709455911139568,1.127531496664793e-09,0.008834846398753001,9,2
50,45,0.006156032519215174,0.003386990532286126,1.0799717478586476e-09,0.008834846398753001,9,2
51,47,0.005762368460600707,0.0037166103812435567,1.081708113046375e-09,0.0119764693963212,9,2
52,45,0.005852708181451365,0.004284610954097141,1.0801409329275206e-09,0.0119764693963212,9,2
53,46,0.005210944105143088,0.004860002563240442,1.0816840946769478e-09,0.0119764693963212,9,2
54,44,0.005810130093919331,0.004993421635337078,3.233069044599627e-10,0.011997355243132871,9,2
55,46,0.0074688466850624255,0.0050691390582360265,3.233069044599627e-10,0.011997355243132871,9,2
56,45,0.007191592035446439,0.00524162523288162,3.233069044599627e-10,0.011997355243132871,9,2
57,44,0.006590846206313634,0.005545361828933113,9.507657984772045e-10,0.011997355243132871,9,2
58,47,0.00673989840063953,0.0053879108981166254,9.033367830869599e-10,0.011997355243132871,9,2
59,47,0.008139700362437371,0.004797611628429326,1.0796141766183227e-09,0.012023414989263188,9,2
60,45,0.006501937417882358,0.005575633320593239,1.068053031160561e-09,0.011997355243132871,9,2
61,46,0.006798404652884709,0.005388839245346767,1.0796141766183227e-09,0.01204720153199143,9,2
62,48,0.006329967861198782,0.005366160694785696,1.0796141766183227e-09,0.01204720153199143,9,2
63,44,0.007350026225782266,0.0053577756139446256,1.4998439932736972e-09,0.01204720153199143,9,2
64,41,0.007076510916755298,0.005223440507099926,8.993883846443197e-10,0.01204720153199143,9,2
65,46,0.006917303094683121,0.005356419154251831,9.75593070164858e-10,0.01204720153199143,9,2
66,49,0.00672787510323329,0.0053578455402862055,1.0796141766183227e-09,0.012082038256975314,9,2
67,46,0.006919342687558418,0.005327618958168243,8.993883846443197e-10,0.01204720153199143,9,2
68,43,0.007974342321659474,0.005279588810703563,9.75593070164858e-10,0.01204720153199143,9,2
69,44,0.008899663206014399,0.0045646073308168245,1.0800179532387075e-09,0.012059219799532799,9,2
70,44,0.006661532734025342,0.00569101142663784,1.1322340124189392e-09,0.01210642320101188,9,2
71,45,0.0075533525680697815,0.005055642406024331,1.53288828522873e-09,0.01210642320101188,9,2
72,45,0.006727719571471717,0.005638961078522935,8.676747145717284e-10,0.012094999841491256,9,2
73,43,0.00756011748867957,0.005230044718484349,1.0800043914631592e-09,0.012185093462322383,9,2
74,48,0.00754712787192316,0.005343559438576681,1.0800043914631592e-09,0.012185093462322383,9,2
75,46,0.007138830276900175,0.005370265594566584,3.5035302201627373e-10,0.012185093462322383,9,2
76,39,0.00780358547796202,0.005191177167744917,1.0801388289502275e-09,0.012185093462322383,9,2
77,46,0.004803948720932155,0.005333346063032194,1.0799333042726784e-09,0.012185093462322383,9,2
78,47,0.0056558575510123055,0.005305117601040043,1.0799507259142048e-09,0.012185093462322383,9,2
79,44,0.006450199213185878,0.0053930437015662115,1.106630872304176e-09,0.012185093462322383,9,2
80,45,0.007348337529656146,0.005484435543222359,1.1048176807027763e-09,0.012185093462322383,9,2
81,41,0.007289413010369263,0.00539809245566373,2.542946191082876e-10,0.012185093462322383,9,2
82,45,0.0059977576143234465,0.0051918526256070855,2.542946191082876e-10,0.012201252390495573,9,2
83,41,0.006132380372588141,0.0053327607309323795,2.542946191082876e-10,0.012201252390495573,9,2
84,45,0.007200881198461983,0.005257313777291826,1.0818755474952802e-09,0.012201252390495573,9,2
85,46,0.006471668220540151,0.005399955709938215,9.000234249709145e-10,0.012201252390495573,9,2
86,46,0.0074273410458444026,0.005087317999205556,1.2786238935499424e-09,0.012201252390495573,9,2
87,44,0.007802932902534608,0.00509878837284348,2.1054486756276274e-10,0.012201252390495573,9,2
88,42,0.0076942690954362744,0.005198234113474409,2.542946191082876e-10,0.012201252390495573,9,2
89,42,0.008435858899600138,0.00464285878104827,1.0715015700517048e-09,0.012201252390495573,9,2
90,36,0.009153986244610396,0.00465814556222248,1.1194808234708565e-09,0.012201252390495573,9,2
91,48,0.006450418773562822,0.005276652084383438,2.542946191082876e-10,0.01259350166787718,9,2
92,47,0.007888449440706389,0.004732403124088446,1.0818755474952802e-09,0.01259350166787718,9,2
93,47,0.007717630496777193,0.005221025696033299,1.0818755474952802e-09,0.012272662204335125,9,2
94,45,0.006164287986571817,0.005358064636425982,2.791550025666547e-10,0.012445402938695813,9,2
95,50,0.007203207714474349,0.005195636796463857,1.0818755474952802e-09,0.012577086285862842,9,2
96,43,0.007658685017303434,0.0051661149272676146,8.754461918672727e-10,0.012577086285862842,9,2
97,48,0.007124195878249255,0.005405007298294898,1.6601221993957598e-09,0.012643088074574411,9,2
98,42,0.007569934037321139,0.005594898402513935,1.0805981432077904e-09,0.012732240112830903,9,2
99,48,0.008418722584140458,0.005213188409737985,1.502627792476168e-09,0.012732240112830903,9,2
100,43,0.00900400494561739,0.004827227366722316,1.6307179402692074e-09,0.012732240112830903,9,2
