gen,nevals,avg,stddev,min,max,run,wlasne_prawd
0,50,0.0,0.0,0.0,0.0,4,3
1,43,1.704430071163761e-13,4.224393790862678e-13,0.0,1.2174500508312578e-12,4,3
2,46,9.441472338283695e-11,3.0693954652283963e-10,0.0,1.7157278746143797e-09,4,3
3,43,6.844648805262564e-10,1.9189063333681537e-09,0.0,1.3748352374274058e-08,4,3
4,45,1.448147586565038e-09,3.1483495841552673e-09,0.0,1.3748352374274058e-08,4,3
5,43,9.502468938257426e-09,2.774450480446972e-08,0.0,1.53122479399974e-07,4,3
6,48,2.924126783978259e-07,1.8284611008523433e-06,0.0,1.2955509048368196e-05,4,3
7,48,9.724886410088854e-07,3.0489260370104444e-06,7.707376403764953e-19,1.515951098630487e-05,4,3
8,43,3.3014126233665798e-06,5.47538735887226e-06,1.216710807347062e-09,2.1575253172930427e-05,4,3
9,44,8.45439496336257e-06,7.261789827766617e-06,0.0,2.280353854772693e-05,4,3
10,46,1.3945256278913277e-05,7.731870424007867e-06,0.0,3.0253411403682117e-05,4,3
11,46,1.8904507144110138e-05,1.0109244018286144e-05,0.0,3.977205570338074e-05,4,3
12,44,2.142240421817324e-05,1.1045523962049385e-05,1.217456021211065e-12,4.02265241558887e-05,4,3
13,49,2.810784937592102e-05,1.0743605498446138e-05,1.2174560203437255e-12,4.962913895065719e-05,4,3
14,44,3.110551646040748e-05,1.3608353617895929e-05,4.759278180705228e-10,4.962913895065719e-05,4,3
15,44,3.8022622894344844e-05,1.5181073599619686e-05,8.197384011300828e-13,7.852468071238637e-05,4,3
16,47,4.1700803281183036e-05,2.0565054480445438e-05,7.437258263850433e-10,7.852468071238637e-05,4,3
17,46,5.108410897756214e-05,2.4287179509171562e-05,4.5762586262448885e-10,7.885091823525612e-05,4,3
18,46,6.35677267059785e-05,2.089621296814618e-05,7.437258263850433e-10,8.252004269872624e-05,4,3
19,44,6.849933711871488e-05,2.7975224518165512e-05,1.3748352374274058e-08,0.00017296612187057237,4,3
20,47,7.216737162898915e-05,3.915316548165694e-05,1.3748352374274058e-08,0.00019885448968860446,4,3
21,44,8.489974340023682e-05,4.840273128750771e-05,7.437258263846963e-10,0.00017296612187057237,4,3
22,46,0.0001227868188953957,6.180426678126064e-05,1.691670027554614e-09,0.00019838502484482174,4,3
23,45,0.00015668312839812337,4.855160140243895e-05,4.1269162825916513e-10,0.00019838502484482174,4,3
24,47,0.00014208078181949634,6.793100394177412e-05,7.437258263846963e-10,0.00019838502484482174,4,3
25,45,0.0001676123559237113,5.0344398666964015e-05,1.3824249963280648e-09,0.000198641547518315,4,3
26,45,0.00015527145530642303,7.021148277359233e-05,4.722060635541745e-10,0.0001991297478738647,4,3
27,45,0.00013118822288721922,8.19712022225726e-05,4.722060635541745e-10,0.00019940849385167913,4,3
28,48,0.00016673198779984215,5.4072751330023695e-05,1.3992469908580906e-09,0.00019940849385167913,4,3
29,45,0.00017694858510110528,4.831398293246051e-05,1.589526380659437e-05,0.00019940849385167913,4,3
30,43,0.00015628846431288247,6.851722761198917e-05,4.722060635541745e-10,0.00019940849385167913,4,3
31,44,0.0001616629924086476,6.605379036147718e-05,3.91608087508518e-10,0.00019940849385167913,4,3
32,43,0.000167123454985324,6.530606379642706e-05,4.722046830471857e-10,0.00020013813498324904,4,3
33,46,0.00015722367318179761,7.392013129319604e-05,3.91608087508518e-10,0.00020197741814337818,4,3
34,47,0.00015847271140398623,7.456515440855018e-05,4.722046830471857e-10,0.00020197741814337818,4,3
35,46,0.00016502623128240656,6.248301457375871e-05,4.722046830487693e-10,0.00020197741814337818,4,3
36,46,0.00015506055259160165,7.597491896292317e-05,2.0002771573773177e-10,0.00020197741814337818,4,3
37,46,0.00015534968659864813,7.622015754770174e-05,1.6048734337476557e-09,0.00020211780241055196,4,3
38,43,0.00016233584146440268,6.913878190647121e-05,2.0002771573773177e-10,0.00020211780241055196,4,3
39,45,0.0001640021726532792,7.036083916553727e-05,2.0002771573773177e-10,0.00020279954379890218,4,3
40,45,0.00014784888868095924,7.98594041450885e-05,9.138969606732241e-10,0.00020279954379890218,4,3
41,49,0.00015950239788850278,7.614654817857384e-05,4.3315105844542733e-10,0.0002951883010398157,4,3
42,46,0.00017090502834888287,8.36599969620051e-05,3.2765398232709093e-10,0.0002951883010398157,4,3
43,46,0.0002154095758985997,8.353369185503432e-05,1.7175042877732263e-10,0.0002951883010398157,4,3
44,47,0.0002404249245379089,9.579896291277139e-05,4.451743486829246e-09,0.000300575162776622,4,3
45,48,0.00022495022345050505,0.00010487095485799504,1.7175042877732263e-10,0.0002951883010398157,4,3
46,42,0.00024203054695513877,9.602210492676202e-05,1.7175042877732263e-10,0.000300575162776622,4,3
47,47,0.00024511337535497267,9.864947015330859e-05,5.309646864916435e-08,0.000300575162776622,4,3
48,45,0.0002127531996663428,0.00011629202088524871,1.7175042877732263e-10,0.0003101672335133689,4,3
49,47,0.0002320904266196803,0.00011440946342818387,8.761917389409635e-12,0.0003112919795556212,4,3
50,45,0.00024000903277465125,0.0001022550012036847,9.132408897031796e-08,0.0003112919795556212,4,3
51,41,0.00021649840935644845,0.00012275983744332943,4.2933576748088074e-11,0.0003112919795556212,4,3
52,48,0.00020724394600923413,0.00012093904404798782,8.761917389409635e-12,0.0003112919795556212,4,3
53,45,0.0002364964057032716,0.00011532579858671918,5.555943902891276e-11,0.00031322058636276044,4,3
54,42,0.00024944155738341,0.00010190654003362022,5.555943902891276e-11,0.00031322058636276044,4,3
55,46,0.0002549460176810618,0.00010311720048505082,3.660432571881329e-10,0.0003154361835730894,4,3
56,45,0.0002224042503264178,0.00011455284098782468,3.520644537246239e-11,0.0003154361835730894,4,3
57,41,0.0002570179592974017,0.00010072301386517965,3.520644537246239e-11,0.0003155489586710891,4,3
58,43,0.0002636207111872954,8.330624805228911e-05,4.1717032319288116e-09,0.0003155489586710891,4,3
59,44,0.00022511610466790407,0.0001252854906707819,3.520644537246239e-11,0.0003156369722102794,4,3
60,43,0.0002375491318442288,0.00011083541121042927,3.520644537246239e-11,0.0003156369722102794,4,3
61,43,0.00023826776232642013,0.0001162778609299858,1.474756971434679e-07,0.0003156369722102794,4,3
62,43,0.0002381163145498759,0.0001172296287329838,4.121984828506245e-09,0.00031586575973461075,4,3
63,43,0.00023872013128163998,0.00011787673991419287,2.181604472132657e-08,0.00031600346025912284,4,3
64,44,0.0002439459098716883,0.00011081681586872993,3.5206445372115454e-11,0.00031734552437404903,4,3
65,46,0.00022229652073467305,0.00012636262782659362,3.520644537280933e-11,0.00031734552437404903,4,3
66,45,0.00024334788698683968,0.00011414129294100303,2.181604472132657e-08,0.00031734552437404903,4,3
67,45,0.0002301635298040806,0.00012533936474713988,3.5206445372115454e-11,0.00031734552437404903,4,3
68,46,0.0002442250757398775,0.00012319804177320434,3.5206445371941985e-11,0.0003563336091054035,4,3
69,41,0.00025290490914548153,0.00011723915479301213,3.2827238046156956e-11,0.0003563336091054035,4,3
70,42,0.00025612047839816324,0.00012768776233694276,3.520644537280933e-11,0.00036912879473311204,4,3
71,44,0.0002438170128693235,0.0001417143553570303,1.4122927347489237e-11,0.00036912879473311204,4,3
72,47,0.00027324355427897596,0.00012636855792738172,1.4122927347489237e-11,0.00036912879473311204,4,3
73,45,0.00025677794014215014,0.00015237382057553843,2.2323353901955966e-11,0.0003693592941931915,4,3
74,42,0.0002447935887036564,0.00015604268157764706,7.251563089310844e-09,0.0003693592941931915,4,3
75,45,0.0002536587175249951,0.00016119715116712802,2.7412710996110904e-11,0.0003693592941931915,4,3
76,49,0.00027374898718982086,0.00014220481070813116,2.7415935888831708e-11,0.0003693592941931915,4,3
77,45,0.00025272519275281716,0.00015947959530643197,3.2826557435536895e-11,0.00037016957440478746,4,3
78,47,0.000294472421704116,0.00013538815149092352,2.7415935888831708e-11,0.00037016957440478746,4,3
79,48,0.00028004032065745795,0.00014530372451197263,2.0413299376081942e-11,0.00037016957440478746,4,3
80,45,0.00028407921933209563,0.0001347718099926828,3.511106732658185e-11,0.00037367322255326497,4,3
81,46,0.0003039404273935645,0.00012468543377286998,2.0413299376081942e-11,0.00037367322255326497,4,3
82,45,0.0003018619397460244,0.00013721069158596322,2.0413299376081942e-11,0.00037367322255326497,4,3
83,45,0.00028992590603964946,0.00013300962472580943,2.208702753618736e-11,0.0003842878256023113,4,3
84,46,0.0003099237935667797,0.00011794211141790132,2.208702753618736e-11,0.0003852479690521266,4,3
85,44,0.0002997408475923494,0.0001366130019704009,2.2982924513367582e-10,0.0003852479690521266,4,3
86,42,0.00028546837019921735,0.0001439286551682508,1.351292641987625e-11,0.0003852479690521266,4,3
87,45,0.0003013848219790753,0.00013925786012585078,1.351292641987625e-11,0.00039123088261648294,4,3
88,45,0.00030941538011407363,0.00013508309635333995,9.313110569219388e-09,0.00039123088261648294,4,3
89,45,0.00029898446107774,0.00014662451252732547,1.063429809015332e-11,0.00039123088261648294,4,3
90,46,0.0002695500701817118,0.00015509872898951938,1.063429809015332e-11,0.0004017018398478011,4,3
91,43,0.00030499776992052197,0.00014198647014404442,1.063429809015332e-11,0.0004017018398478011,4,3
92,47,0.00028806621616991575,0.00015076017905352125,1.063429809015332e-11,0.0004017018398478011,4,3
93,43,0.0002765675998914994,0.00015690879033000214,1.0110328967096019e-08,0.00040211558300316303,4,3
94,44,0.00027204605424103204,0.00016451633784230046,1.0110328967096019e-08,0.00040211558300316303,4,3
95,38,0.0003072818444320422,0.00014561951896115098,1.1719135798868342e-11,0.0004026193316802755,4,3
96,49,0.00030669331786765334,0.0001473203494159072,1.063429809015332e-11,0.00040270555777341296,4,3
97,49,0.00026495774071988036,0.00017246859235933728,1.0634298089979855e-11,0.00040270555777341296,4,3
98,47,0.0002607661076084835,0.0001749597852478133,1.0634298089979855e-11,0.00040270555777341296,4,3
99,43,0.0002868094976256259,0.0001660958680870379,1.1719135798347925e-11,0.00040290742338627237,4,3
100,47,0.0002988895462196795,0.00014865020517303149,1.4212110360572761e-08,0.00040270555777341296,4,3
