gen,nevals,avg,stddev,min,max,run,wlasne_prawd
0,50,0.0,0.0,0.0,0.0,4,0
1,46,1.217450050831258e-13,3.652350152493773e-13,0.0,1.2174500508312578e-12,4,0
2,46,6.111842139569136e-11,2.0351496462756776e-10,0.0,7.437258263850433e-10,4,0
3,46,4.467387882478386e-10,1.9328943855843836e-09,0.0,1.3748352374274058e-08,4,0
4,48,4.927003540669992e-09,1.8532312844789955e-08,0.0,1.286455583579268e-07,4,0
5,44,1.6559247791745084e-08,3.8959746518682105e-08,0.0,2.261874538181515e-07,4,0
6,46,7.923082560644428e-07,4.1881912289565e-06,0.0,2.9173073994212606e-05,4,0
7,49,2.3309053521071458e-06,5.867915930680989e-06,7.909430741222584e-19,2.8002409296697917e-05,4,0
8,48,7.477926823589758e-06,1.0171559296073767e-05,0.0,2.9173073994212606e-05,4,0
9,40,1.6607781907186915e-05,1.150789946139236e-05,4.201420354034036e-13,3.191612594746464e-05,4,0
10,43,2.005440736546298e-05,1.2134744948312697e-05,0.0,3.191612594746464e-05,4,0
11,45,1.9927996396003663e-05,1.3267421443257952e-05,0.0,4.4686359316255486e-05,4,0
12,50,1.6855453034276817e-05,1.4900062642902541e-05,0.0,5.595471801533927e-05,4,0
13,48,2.6151722446884713e-05,1.7998634621882e-05,0.0,6.315758511528936e-05,4,0
14,42,3.997795645839951e-05,1.639144807280573e-05,1.083749937819477e-09,7.24407127484301e-05,4,0
15,47,5.340513100150265e-05,2.311327611879821e-05,0.0,0.00015521411555651353,4,0
16,45,5.5659208882726806e-05,2.6624174553341966e-05,0.0,0.00012395086857354756,4,0
17,42,7.277998716237593e-05,3.453687732966381e-05,0.0,0.000209109695044613,4,0
18,46,0.00010217767073822735,5.5222134348132155e-05,2.5459032332811994e-08,0.000209109695044613,4,0
19,44,0.00013606192395317312,9.632420752002201e-05,1.356022483166045e-05,0.0005747464730997318,4,0
20,47,0.00023454600243124973,0.00020954556918810014,2.5486587379883473e-08,0.001079480721020963,4,0
21,46,0.0003479495538820743,0.00033680915022218526,0.0,0.0014020047483379078,4,0
22,45,0.0004886729734793067,0.00036833094755568636,7.344535677954054e-07,0.0013771917964479053,4,0
23,44,0.0006753341664878207,0.00041812162829831456,1.0497092563359028e-05,0.0014870558916844074,4,0
24,46,0.0007755687233674058,0.0004829517805261045,1.4769983293675528e-06,0.0018089670861279625,4,0
25,41,0.0008146951373515062,0.00047691945217714996,5.7752097538427624e-05,0.001980474758092668,4,0
26,48,0.0007874519532522623,0.0005279091003134829,3.960397772480897e-06,0.0018595725827348104,4,0
27,46,0.0009617515796607655,0.0005872780187916517,9.873582961019654e-06,0.0019053749013110848,4,0
28,49,0.0010376700852099852,0.000742508370418213,0.0,0.0020304780546359946,4,0
29,49,0.0009898657190158854,0.0007263567209387103,1.1083587774322991e-05,0.0019530005622506344,4,0
30,41,0.001195721546267443,0.0007461621483989319,0.0,0.0020372672104650323,4,0
31,47,0.0010776224019592626,0.0008153043670494925,1.035958136007111e-06,0.0020851267950628967,4,0
32,44,0.0013348296223012984,0.0007387913272202783,1.1083587774322991e-05,0.0020851267950628967,4,0
33,48,0.0010625534927931784,0.0007888142843962479,0.0,0.002128514189615658,4,0
34,48,0.0009841739080989635,0.0008083737414993149,0.0,0.002024801447703657,4,0
35,42,0.0011941841689439541,0.0007793347780876389,0.0,0.002024801447703657,4,0
36,46,0.0010515155727211733,0.0007801653524667236,1.1083587774322991e-05,0.0020611576875466586,4,0
37,46,0.0011633034547150747,0.0007938209646783892,0.0,0.002070583203790406,4,0
38,46,0.0011691460444839465,0.0007692248437488204,1.1083587774322991e-05,0.002070583203790406,4,0
39,44,0.0013082947177403608,0.0007306542079194433,0.0,0.0020645891125711745,4,0
40,42,0.0012210632923227564,0.0007985042111974992,0.0,0.0020645891125711745,4,0
41,43,0.0008485505657927524,0.0008461500534227471,0.0,0.0031591090594837944,4,0
42,44,0.0014861874931025659,0.0010696896758585648,0.0,0.00340622617402682,4,0
43,44,0.001983180759737854,0.0012681911619800074,0.0,0.0037450495997528527,4,0
44,47,0.0026209373618437453,0.0012481733946518912,7.971630864597528e-06,0.004290862236432834,4,0
45,45,0.002897699619895317,0.0013649872764627793,0.0,0.004797443931040693,4,0
46,44,0.002977525632784381,0.0016731929171212082,0.0,0.005303767688570688,4,0
47,46,0.0032995977497333605,0.001776329912752943,0.0,0.005736253142825922,4,0
48,49,0.003470164395861205,0.002222083075316088,0.0,0.005892999423771423,4,0
49,45,0.0034778712580921787,0.002288055763440919,5.102211484867637e-06,0.005895309470029312,4,0
50,45,0.0036525133836433333,0.002182349147732937,2.761622484041337e-06,0.00600835160770469,4,0
51,46,0.003555231364659656,0.0024200162585574963,0.0,0.006070691123407529,4,0
52,44,0.0035615662265319954,0.002411647580534052,0.0,0.007131991433222957,4,0
53,43,0.003764910422666218,0.0024534431666456713,1.1272738499268852e-06,0.0071947921411461505,4,0
54,47,0.0035256421725399388,0.0024426946708815665,4.929322435195538e-06,0.0071947921411461505,4,0
55,41,0.0037167329988354115,0.0027546440536272364,1.6273571247791234e-07,0.00724133053274245,4,0
56,44,0.0038721354118422093,0.0029845246895312087,4.055834790334427e-06,0.008326973221047137,4,0
57,44,0.0033059246894760223,0.0029109503119870194,5.935623129756348e-07,0.007444716732631813,4,0
58,45,0.004242403402784214,0.002879060017998532,3.376609529161255e-06,0.007444716732631813,4,0
59,47,0.003270673116079201,0.0029209166663528518,0.0,0.007444716732631813,4,0
60,46,0.0030207131168881497,0.00278990281404741,3.18440135737691e-06,0.007444716732631813,4,0
61,46,0.0034501609379982245,0.002835678017451731,1.3544476911234222e-06,0.00748678016437746,4,0
62,44,0.004285570691197507,0.0026768509888930453,9.032134249768476e-07,0.00748678016437746,4,0
63,45,0.003805054330073906,0.0029220512459338702,4.903218104960942e-06,0.00748678016437746,4,0
64,43,0.0048845594867927946,0.0027074721435653907,1.7947738220480362e-06,0.007666190364636213,4,0
65,46,0.004195225002472127,0.003024101521077583,0.0,0.007666190364636213,4,0
66,48,0.005282837379868011,0.002691159884931987,7.271327177063106e-06,0.007544531046262495,4,0
67,44,0.004732075670602821,0.003013483770435234,5.504913925728633e-06,0.007544531046262495,4,0
68,47,0.005127073646644667,0.0029426581096641926,4.083451849097e-06,0.007544531046262495,4,0
69,48,0.004926966879881927,0.0029142384425296787,4.083451849097e-06,0.007544531046262495,4,0
70,48,0.005326509064959316,0.0024695824758310552,3.2659111319491155e-05,0.007544531046262495,4,0
71,46,0.005323658981687737,0.0026035414878531823,4.875524240808757e-06,0.007544531046262495,4,0
72,46,0.005869924001853233,0.0024292738326348127,4.083451849097e-06,0.007544531046262495,4,0
73,47,0.004526290743495104,0.0031588695380501473,4.083451849097e-06,0.007544531046262495,4,0
74,44,0.0046893449233977695,0.003160742803684489,0.0,0.007544531046262495,4,0
75,45,0.006243105531618378,0.002269767152324968,0.0,0.007544531046262495,4,0
76,48,0.004863999355128421,0.0031835288579667264,4.083451849097e-06,0.007544531046262495,4,0
77,47,0.005756413207282543,0.0025346046564678247,3.4933147707911746e-06,0.007544531046262495,4,0
78,47,0.004284992533740013,0.003224439288262171,0.0,0.007544531046262495,4,0
79,45,0.005033602223824028,0.002987828410660878,2.2732786291975605e-06,0.007544531046262495,4,0
80,41,0.005765694142730731,0.0028340366997901354,5.002339056493481e-06,0.007544531046262495,4,0
81,44,0.005474963765146548,0.0028243049018346826,8.24272458335992e-06,0.007544531046262495,4,0
82,44,0.005198161041638441,0.003065189311231057,6.16770552914055e-06,0.007544531046262495,4,0
83,46,0.005267127936078946,0.0029661225043227956,0.0,0.007544531046262495,4,0
84,44,0.005214260748404135,0.003034795656211522,5.849608155531427e-06,0.007544531046262495,4,0
85,45,0.0055189864497532356,0.002880226031901407,3.636265885296002e-06,0.008014196881745057,4,0
86,48,0.004860842772379222,0.003052675268942259,3.948837438637095e-06,0.008014196881745057,4,0
87,45,0.005687150141737368,0.0025766009961366307,8.775801311092056e-06,0.008053604433594003,4,0
88,44,0.006061580831053221,0.002819966788616294,5.3922518792055095e-05,0.008066067744793286,4,0
89,40,0.005429283541820773,0.003180849459645013,8.349514480036289e-06,0.008199434213477276,4,0
90,45,0.005597967547752512,0.0032004336944575057,1.2736955420033156e-05,0.008199434213477276,4,0
91,46,0.005874165835206297,0.0031372196616785905,0.000236633251197759,0.008199434213477276,4,0
92,39,0.006253969294405074,0.002988780823653709,0.0,0.008199434213477276,4,0
93,43,0.00617668822781043,0.003061062611630222,3.277608627057155e-05,0.008199434213477276,4,0
94,45,0.00595478329087694,0.0030384274559819018,1.833015672770017e-05,0.008298095011563634,4,0
95,45,0.006392499608807281,0.002846894577941821,3.9708002006279494e-05,0.00836395252194769,4,0
96,44,0.00693102302799731,0.0025670040552686585,8.371238675855631e-06,0.008739044313345774,4,0
97,43,0.0061363199149030686,0.0030949149597900225,0.0,0.008739044313345774,4,0
98,49,0.005811878014661534,0.003278817325432309,3.784092030334286e-08,0.008739044313345774,4,0
99,45,0.006214344811907203,0.0034264341734962646,1.3177203000373638e-05,0.008840221832159345,4,0
100,45,0.005696679367964245,0.003630371390731765,3.8721726293442405e-05,0.008739044313345774,4,0
