gen,nevals,avg,stddev,min,max,run,wlasne_prawd
0,50,0.0,0.0,0.0,0.0,7,3
1,45,3.16537013216127e-13,5.340152826410137e-13,0.0,1.2174500508312578e-12,7,3
2,44,6.021092126344617e-11,2.0156127221171678e-10,0.0,7.437258263850433e-10,7,3
3,43,4.1036834112153805e-10,9.045797099146436e-10,0.0,4.4593252930586575e-09,7,3
4,45,1.0213216128450684e-09,2.053811358842535e-09,0.0,1.3811613665427289e-08,7,3
5,47,5.0936076180148595e-09,2.4864250602478283e-08,0.0,1.7831012806326674e-07,7,3
6,46,1.6882403470103055e-08,4.386982018497056e-08,0.0,1.7831012806326674e-07,7,3
7,46,4.17763225667243e-07,2.1981735359907137e-06,0.0,1.5274228040322787e-05,7,3
8,46,2.6747659872442756e-06,9.586919694140373e-06,0.0,6.32528180342536e-05,7,3
9,47,9.266836594432705e-06,1.7157851345622524e-05,3.972054645195637e-19,6.32528180342536e-05,7,3
10,44,2.3182499840593353e-05,3.5015747768326666e-05,0.0,0.00018018947160185057,7,3
11,45,3.917129535898895e-05,4.248265553186893e-05,0.0,0.00012938960989303412,7,3
12,45,6.167279469707268e-05,5.692868201142513e-05,0.0,0.0002593886130365591,7,3
13,37,9.057316881314674e-05,6.483574532478003e-05,0.0,0.0002593886130365591,7,3
14,47,7.288258196024712e-05,7.153359889220588e-05,0.0,0.0002593886130365591,7,3
15,43,0.00010550889134058354,0.0001239537213464045,0.0,0.0007959149261382257,7,3
16,47,0.00011671086239354788,0.00014389125883172552,0.0,0.0007959149261382257,7,3
17,42,0.00015561310750057168,0.00016759553962814052,0.0,0.0007959149261382257,7,3
18,45,0.00026989616607829905,0.0003957206714411364,6.050053388380549e-18,0.0027136410849645663,7,3
19,47,0.00037590988309241566,0.0004884818601148505,0.0,0.003146514352717014,7,3
20,47,0.0004403286190145159,0.0005307121426840661,0.0,0.0027136410849645663,7,3
21,48,0.00039466133340045853,0.0003365824491139091,2.9794693081617207e-08,0.0011756655317571145,7,3
22,41,0.0005030295344556567,0.0005136224170045659,2.899376865105107e-07,0.003003019440882812,7,3
23,45,0.00044356855284967525,0.0005368236135979296,0.0,0.003003019440882812,7,3
24,44,0.0007278037886984466,0.0008831816838159387,0.0,0.0033265668080693324,7,3
25,49,0.001099277295601467,0.0012205025314609701,0.0,0.0034703824021828753,7,3
26,43,0.0013901300785690164,0.0013835709363097756,0.0,0.003253539735074898,7,3
27,46,0.0012985211089481608,0.0013753058798820507,0.0,0.003253539735074898,7,3
28,46,0.0013717679919636192,0.0014065611400997497,0.0,0.003253539735074898,7,3
29,45,0.0012634478431436382,0.0013113973802312132,0.0,0.003253539735074898,7,3
30,47,0.001528121742442266,0.0012814068202951353,0.0,0.003253539735074898,7,3
31,49,0.0010605214903336492,0.001323679360585448,0.0,0.003264178562896477,7,3
32,44,0.0012575670684720733,0.0014086646137781635,1.2174500508312578e-12,0.003277036218515302,7,3
33,46,0.0012587265738472067,0.0014069717742291115,0.0,0.0034442213093878265,7,3
34,42,0.0014223965870718625,0.0014082055334788334,1.2174500508312578e-12,0.0034442213093878265,7,3
35,46,0.0009341541654482803,0.0012829562591035737,0.0,0.0034442213093878265,7,3
36,47,0.00098650575514126,0.0012576182199800364,0.0,0.0033557573390938992,7,3
37,43,0.0014769263689484611,0.0013735865303620284,0.0,0.0035918353128456893,7,3
38,45,0.0014750491503586075,0.0015002269964163176,1.2492147802581668e-08,0.003877128071208309,7,3
39,42,0.0014364548246520374,0.0015182931232947494,1.2174500508312578e-12,0.003877128071208309,7,3
40,44,0.0016656666542529286,0.0016100934478810482,0.0,0.004572637772679578,7,3
41,45,0.0015489534753332379,0.0016539634772152817,1.2174500508312578e-12,0.004572637772679578,7,3
42,43,0.0018359422616779709,0.0017627385797900404,0.0,0.005563605572987378,7,3
43,48,0.001666261007120489,0.0018746546323861436,8.197384013035546e-13,0.005557219794832061,7,3
44,47,0.002279484884445305,0.0019565436933478217,0.0,0.005608972873836981,7,3
45,49,0.0022102791319326145,0.0022052820970560904,8.197384013035546e-13,0.005783965851480015,7,3
46,44,0.0028232970510052424,0.0021547987608512265,3.6530420609747406e-10,0.0058376980175744,7,3
47,48,0.0024081173302458,0.002498769740047705,3.2170005869552717e-10,0.007333051297878896,7,3
48,45,0.002696728108580239,0.00266758035999947,8.197384013035546e-13,0.006315693570550789,7,3
49,47,0.0029299410330919746,0.002635226880105808,8.197384013035546e-13,0.0064083160843127545,7,3
50,42,0.0033395473595749575,0.0026375329444718663,8.197384013035546e-13,0.0064083160843127545,7,3
51,45,0.0031557222150732835,0.0026992146682280195,8.197384013035546e-13,0.006073796776486664,7,3
52,43,0.003063644189999938,0.0027061513363656753,1.2174500508312578e-12,0.0066402459114928165,7,3
53,47,0.00254771966194807,0.0028205567441446384,8.197384013035546e-13,0.0065524518704441394,7,3
54,45,0.0029622907648843393,0.002773991186457756,8.197384013035546e-13,0.006740425011878392,7,3
55,43,0.002802647451610716,0.002825284519352555,8.197384013035546e-13,0.006749204148707713,7,3
56,44,0.0031332153860688834,0.002916279460788144,8.197384013035546e-13,0.006749204148707713,7,3
57,44,0.003290477524910767,0.0029145276650054557,1.2174500508312578e-12,0.006621099134207574,7,3
58,46,0.0036881860531639923,0.002671589245317071,3.749744083890377e-10,0.0067195181590930615,7,3
59,40,0.003346223022294056,0.0029507637326430312,8.197384013035546e-13,0.0067195181590930615,7,3
60,41,0.003208213725988252,0.002710290640010554,1.2174500508312578e-12,0.0067195181590930615,7,3
61,46,0.0034546912085636487,0.0029566985040394146,1.453053449983342e-10,0.006831249954692104,7,3
62,46,0.0037723482766662984,0.002737592107617755,3.6530420609747406e-10,0.007172858260914074,7,3
63,45,0.0027632615462778367,0.0029111264139574334,1.2174500508312578e-12,0.007510765851802826,7,3
64,46,0.00327995633262494,0.0029436238944258284,1.2174500508312578e-12,0.007903653472296691,7,3
65,46,0.0030611523976645997,0.0031689863306311994,3.6793199911840125e-10,0.008597578869324761,7,3
66,46,0.0032785091092625914,0.0035179241044794017,8.197384013035546e-13,0.010653156558419523,7,3
67,45,0.004592313118528129,0.003794427355615909,8.197384013035546e-13,0.010653156558419523,7,3
68,47,0.004143036639039691,0.003978613337181311,3.744645237610969e-10,0.010694141196712683,7,3
69,44,0.004274809103233462,0.004280796372220779,8.197384013035546e-13,0.01075160137430497,7,3
70,45,0.004378206471459818,0.004399480837645469,3.422891572840182e-10,0.01096763299938255,7,3
71,49,0.004578838737315658,0.004427889512455134,1.2174500508312578e-12,0.010918137889589244,7,3
72,43,0.0054703844943624,0.00438790643726248,1.2174500508312578e-12,0.010755808325049316,7,3
73,46,0.004344554013907236,0.004483408772727983,8.197384013035546e-13,0.010726881545535248,7,3
74,44,0.004663535558072415,0.004443609667073575,8.197384013035546e-13,0.010707101002169699,7,3
75,44,0.004516433886669374,0.004570751492349359,8.197384013035546e-13,0.010678633802324634,7,3
76,39,0.005551158228106083,0.004726709535555581,3.388510377564981e-10,0.01071067049650009,7,3
77,43,0.006032321594195044,0.004773043422623168,3.846158116513729e-10,0.01071067049650009,7,3
78,43,0.005944148170341932,0.004877052389534369,1.2174500508312578e-12,0.01102198541997721,7,3
79,44,0.004973118645862756,0.004810604003483854,1.2174500508312578e-12,0.01102198541997721,7,3
80,48,0.00517018413814989,0.004799384945109543,1.2174500508312578e-12,0.01159897553371956,7,3
81,44,0.005039223744621616,0.004996000042935058,1.2174500508312578e-12,0.01159897553371956,7,3
82,45,0.0039919563019408895,0.004919828472162732,8.197384013035546e-13,0.011881907075996234,7,3
83,45,0.004560370652814202,0.004881584969786554,1.2174500508312578e-12,0.011722853208767234,7,3
84,45,0.006220974392843228,0.00525513969515605,3.82021497000483e-10,0.01216905415946495,7,3
85,44,0.006278830136071928,0.005240415428994332,1.2174500508312578e-12,0.01216905415946495,7,3
86,44,0.005942191779682698,0.0053815329174184846,2.3238003179582478e-10,0.01216905415946495,7,3
87,44,0.0051125311941668415,0.00549992362932325,1.2174500508312578e-12,0.01216905415946495,7,3
88,46,0.006497197350167016,0.005304442624754438,3.8190422186018803e-10,0.01216905415946495,7,3
89,44,0.0063873519080795685,0.0054511359187485505,1.2174500508312578e-12,0.012199561613295036,7,3
90,41,0.006532767909165669,0.005231076099054924,1.2174500508312578e-12,0.01216905415946495,7,3
91,45,0.005113144896552272,0.005185656487630276,3.777827936606771e-10,0.01216905415946495,7,3
92,43,0.006504416927978876,0.005316338756758525,3.777827936606771e-10,0.012210951516244156,7,3
93,45,0.005875161103396625,0.005518258007562566,8.197384013035546e-13,0.012286296293565053,7,3
94,45,0.005591774279076704,0.005583585595077449,3.82021497000483e-10,0.012372187233487037,7,3
95,42,0.005655739885612342,0.005647088255745756,1.2174500508312578e-12,0.012372187233487037,7,3
96,49,0.004963796168820988,0.005269084145821352,1.2174500508312578e-12,0.012372187233487037,7,3
97,47,0.00632177470601254,0.005275133191014842,1.2174500508312578e-12,0.012372187233487037,7,3
98,45,0.007098209046053103,0.005487296375940499,8.197384013035546e-13,0.012372187233487037,7,3
99,47,0.005523949669072717,0.005501275465910348,8.197384013035546e-13,0.012372187233487037,7,3
100,42,0.005136040895385258,0.0050235961345955005,1.2174500508312578e-12,0.012372187233487037,7,3
