gen,nevals,avg,stddev,min,max,run,wlasne_prawd
0,50,0.0,0.0,0.0,0.0,5,2
1,45,3.16537013216127e-13,5.340152826410137e-13,0.0,1.2174500508312578e-12,5,2
2,49,1.8816507676571694e-10,4.133326759117505e-10,0.0,1.715727874615181e-09,5,2
3,44,1.545984243267649e-09,3.5633844076280904e-09,0.0,1.7699490000611355e-08,5,2
4,41,1.3572870380383725e-08,4.458021123717191e-08,0.0,2.9582958971850625e-07,5,2
5,45,3.6845650609306095e-07,2.1742816655511164e-06,0.0,1.5422905273471216e-05,5,2
6,46,1.972897116025422e-06,6.059834600542997e-06,0.0,3.250830277714997e-05,5,2
7,41,6.555447861276959e-06,1.2982997528544676e-05,0.0,6.58535658721632e-05,5,2
8,43,1.6297091484029218e-05,1.8715521801807966e-05,0.0,7.73255186874291e-05,5,2
9,45,3.39933550419377e-05,5.395678492604491e-05,0.0,0.0003800852957224923,5,2
10,41,4.4242621143868105e-05,5.393226294047429e-05,0.0,0.0003800852957224923,5,2
11,47,5.91393855978496e-05,5.199541150869068e-05,0.0,0.0003800852957224923,5,2
12,46,8.438608052864698e-05,9.190214707613479e-05,0.0,0.0003800852957224923,5,2
13,45,0.00011374518005409219,0.00012133926999979257,0.0,0.0003800852957224923,5,2
14,46,0.0001725408300167812,0.0001618427507199707,0.0,0.0003892178473753015,5,2
15,43,0.00019877106835686272,0.00021557076387484697,0.0,0.001082064865236857,5,2
16,47,0.0002522661340440158,0.0002409421245553262,0.0,0.001082064865236857,5,2
17,47,0.0002253988638980996,0.0002937939196458246,0.0,0.001082064865236857,5,2
18,42,0.00037599196223048496,0.00038259422590068937,0.0,0.001082064865236857,5,2
19,43,0.0005412457605923348,0.0004924988661217477,0.0,0.0013733193835705792,5,2
20,47,0.0007314364971835895,0.0004791854928441529,0.0,0.001407420858967771,5,2
21,41,0.0008168439639503397,0.0005387461854113628,0.0,0.001628882741721778,5,2
22,43,0.0008228400158658123,0.0005638195475047789,0.0,0.001628882741721778,5,2
23,45,0.0008037386632304757,0.0005866986021890303,0.0,0.001628882741721778,5,2
24,44,0.00077418201714295,0.0006259316784388046,0.0,0.0018025189464398715,5,2
25,41,0.0009748408398780764,0.0006086061506299434,0.0,0.001628882741721778,5,2
26,47,0.0007874073315821813,0.0006636911959587331,0.0,0.001628882741721778,5,2
27,48,0.0008890190375328126,0.0006735135742502813,0.0,0.0016736608633951277,5,2
28,46,0.0008930536684639233,0.0007330919129094085,0.0,0.0018918503395228292,5,2
29,47,0.0008899375586056365,0.0007812065053337908,0.0,0.0018959665116150878,5,2
30,42,0.0009720818323388238,0.0007674617785171425,0.0,0.0019061187548969638,5,2
31,47,0.0008445852927993848,0.0007036665481397703,0.0,0.0019061187548969638,5,2
32,48,0.0009031329882665538,0.0007065960254254755,0.0,0.0019061187548969638,5,2
33,46,0.0010513744280629138,0.0007410058476402709,0.0,0.0019122985745067456,5,2
34,47,0.0010594458513265626,0.0007813159935790572,0.0,0.0019122985745067456,5,2
35,47,0.0009946564860041345,0.0007813755973030963,0.0,0.0019122985745067456,5,2
36,44,0.0011107955934105942,0.0007601214638242355,0.0,0.0019122985745067456,5,2
37,46,0.000944681785854145,0.000784216558322078,0.0,0.0019122985745067456,5,2
38,45,0.001139662898273112,0.0008054287063912982,0.0,0.0019122985745067456,5,2
39,46,0.0011246199037373732,0.00079533629491338,0.0,0.0019122985745067456,5,2
40,43,0.0012268444523740652,0.0008180533904656788,0.0,0.0019122985745067456,5,2
41,43,0.0014013968295683921,0.0007092412778556555,1.3568020930496423e-08,0.0019239666704687149,5,2
42,45,0.0011272997165968396,0.0008283534564692467,0.0,0.0019122985745067456,5,2
43,47,0.0012359836257461378,0.0008042071834730289,0.0,0.0019122985745067456,5,2
44,41,0.0013582505578015886,0.0007717569736426303,0.0,0.0019122985745067456,5,2
45,45,0.0012689332554672223,0.00078762532665973,0.0,0.0019122985745067456,5,2
46,46,0.001097488725217617,0.000863991320852624,0.0,0.0019122985745067456,5,2
47,40,0.0013870605109724812,0.0007335580318140688,0.0,0.0019122985745067456,5,2
48,48,0.0013453311405026104,0.0007585503100326069,0.0,0.0019122985745067456,5,2
49,47,0.0013477386890017081,0.0007680591558642625,0.0,0.001981335095194033,5,2
50,45,0.0013039580442113757,0.0007842576066815645,0.0,0.001981335095194033,5,2
51,45,0.001247761579900773,0.0007872979303742053,0.0,0.0023337537705430088,5,2
52,48,0.0012865247582440314,0.0008491283960451615,0.0,0.0023337537705430088,5,2
53,48,0.0012983588297128255,0.0008409551843087967,0.0,0.0023337537705430088,5,2
54,39,0.0013708906285739494,0.0009136235112632201,0.0,0.0023337537705430088,5,2
55,42,0.0015973364627001319,0.0009336812998347271,5.658214806879357e-13,0.0023337537705430088,5,2
56,46,0.0013924832188160613,0.0009652874028679832,0.0,0.0023337537705430088,5,2
57,44,0.0015043098295976932,0.0010206992473638383,0.0,0.0024197049148894545,5,2
58,46,0.0015881460749158343,0.0010457305751413297,0.0,0.0024197049148894545,5,2
59,44,0.0017557435477959706,0.0009303453725305568,0.0,0.0024197049148894545,5,2
60,47,0.0016260246394602812,0.0010114674351480288,0.0,0.0025639347345225993,5,2
61,44,0.0017120283399309135,0.0010091897577129913,0.0,0.0025639347345225993,5,2
62,43,0.0017545158992550826,0.0010131088787892035,0.0,0.0025639347345225993,5,2
63,47,0.0013594864134530622,0.001122632421515348,0.0,0.0025639347345225993,5,2
64,42,0.001710016567137841,0.0011148409524623472,5.2279414573851694e-11,0.0025639347345225993,5,2
65,46,0.0018102885496232859,0.0010888571533943737,0.0,0.0025639347345225993,5,2
66,45,0.0017753299665802676,0.0010506564369781469,0.0,0.0025639347345225993,5,2
67,46,0.0016999217289454807,0.0009880216538130653,0.0,0.0025639347345225993,5,2
68,48,0.0018431946100404331,0.0009475311259378577,0.0,0.0025639347345225993,5,2
69,43,0.0015853530901539965,0.0011260578631353854,0.0,0.0025639347345225993,5,2
70,48,0.0016352652025277553,0.001035123123259641,0.0,0.0025639347345225993,5,2
71,49,0.0015510972199891196,0.0011570316599160378,0.0,0.0025639347345225993,5,2
72,47,0.0019035953297216119,0.0009711530251502188,0.0,0.0025639347345225993,5,2
73,45,0.0017976100617800156,0.0010339386312367142,0.0,0.0025639347345225993,5,2
74,45,0.0016167091245474785,0.0010903963779207138,0.0,0.0025639347345225993,5,2
75,48,0.0014835064523743432,0.001167758982227986,0.0,0.0025639347345225993,5,2
76,45,0.0017908419145596737,0.0009827991691301252,0.0,0.0025639347345225993,5,2
77,43,0.001961123292450831,0.0009753349972794095,1.0153824046534704e-05,0.0025639347345225993,5,2
78,43,0.0020160235401667087,0.0009832699751654865,0.0,0.0025639347345225993,5,2
79,44,0.0017390750660481783,0.0009928934585860959,0.0,0.0025639347345225993,5,2
80,41,0.001949755843161318,0.0009554351095934537,0.0,0.0025639347345225993,5,2
81,42,0.0019583893882360905,0.0010054309495693967,5.2279414573851694e-11,0.0025639347345225993,5,2
82,44,0.0017584803729867626,0.0010886509842881534,5.658214806879357e-13,0.0025639347345225993,5,2
83,42,0.0018553002754789244,0.0010310666335045723,0.0,0.0025639347345225993,5,2
84,43,0.0017693838092995911,0.0010829971695958537,0.0,0.0025639347345225993,5,2
85,46,0.0016115771321940334,0.001090063117249144,0.0,0.0025639347345225993,5,2
86,43,0.001958881814159361,0.0009971601964219477,0.0,0.0025639347345225993,5,2
87,48,0.0017150665610787701,0.0011446193895954591,0.0,0.0025639347345225993,5,2
88,43,0.001769282149596941,0.0010855854487852358,1.0153824046534704e-05,0.0025639347345225993,5,2
89,47,0.0018007060885575344,0.0010736447070570116,0.0,0.0025639347345225993,5,2
90,40,0.0018891308628390766,0.0010107424900859035,0.0,0.0025639347345225993,5,2
91,42,0.0019365163401390822,0.0010072856103663197,0.0,0.0025639347345225993,5,2
92,48,0.0018117052452236082,0.0010522905654877577,1.0153824046534704e-05,0.0025639347345225993,5,2
93,46,0.0019023931166763893,0.0010065389118983897,0.0,0.0025639347345225993,5,2
94,42,0.001914045316176658,0.0010710426062144117,0.0,0.0025639347345225993,5,2
95,46,0.0018495792127123298,0.0010223873261577963,0.0,0.0025639347345225993,5,2
96,39,0.0018999778969904944,0.00108156950659874,5.2279414573851694e-11,0.0025639347345225993,5,2
97,44,0.0018703281459013165,0.0010424569160674933,0.0,0.0025639347345225993,5,2
98,45,0.0018030906458868683,0.0011051619503921345,0.0,0.0025639347345225993,5,2
99,47,0.001680790821086384,0.0011030139716950338,0.0,0.0025639347345225993,5,2
100,41,0.001853516883723978,0.0010572573203123691,0.0,0.0025639347345225993,5,2
