gen,nevals,avg,stddev,min,max,run,wlasne_prawd
0,50,0.0,0.0,0.0,0.0,1,0
1,48,7.304700304987546e-14,2.8912836754904116e-13,0.0,1.2174500508312578e-12,1,0
2,46,3.314938936692766e-11,1.467338217329245e-10,0.0,7.437258263850433e-10,1,0
3,46,3.5395102039478285e-10,1.063499846810216e-09,0.0,6.116404863846729e-09,1,0
4,43,3.115827903990932e-09,1.0247466240972288e-08,0.0,6.681924183144115e-08,1,0
5,48,1.2093996029402443e-06,6.616771472486775e-06,0.0,4.631622815482052e-05,1,0
6,43,9.994431920215647e-06,2.9161070588480022e-05,0.0,0.0001427414378823565,1,0
7,47,2.5560251511951785e-05,4.0047231353273776e-05,3.10735538358669e-18,0.00013882922038371552,1,0
8,46,6.556713462596439e-05,4.909472499367575e-05,8.785979152178885e-10,0.00013902226179307229,1,0
9,43,7.271869437710083e-05,5.0704542743390155e-05,0.0,0.00014536929958986898,1,0
10,45,8.240943724464855e-05,4.6922026229694166e-05,0.0,0.00014814442742313368,1,0
11,43,8.857709242779232e-05,4.7308964620013066e-05,0.0,0.00014775537598079352,1,0
12,48,7.523532577895447e-05,5.0170954720802655e-05,0.0,0.00014775537598079352,1,0
13,44,9.595393974260999e-05,4.443925378029309e-05,0.0,0.00015767769869034207,1,0
14,48,8.501001550008905e-05,5.244456838399779e-05,4.5994167835268074e-14,0.0002055643528300875,1,0
15,45,0.00010013392797011663,7.851055180162637e-05,0.0,0.00029044152983364414,1,0
16,44,0.00014969410904758224,0.00010849623970811672,6.599229256211335e-10,0.00039776951495704523,1,0
17,45,0.00022279036737914406,0.00013755756679611233,0.0,0.00040255858172248005,1,0
18,45,0.0002954348920246494,0.00015502729673934476,0.0,0.0004620950297069509,1,0
19,47,0.0003360126572984336,0.00016287072299238264,0.0,0.00048707364332833676,1,0
20,46,0.00036793305860442923,0.0001664364937621969,6.599229256211335e-10,0.0004896577379574172,1,0
21,47,0.0004110205863445609,0.00014303945575781544,0.0,0.0005043570085758057,1,0
22,47,0.00040908682240511034,0.00015235062562755195,0.0,0.0005043570085758057,1,0
23,43,0.0004131134640412964,0.00014388322498027213,6.599229256211335e-10,0.000502720770195506,1,0
24,48,0.00041084328278920295,0.0001506588173547219,0.0,0.000502720770195506,1,0
25,46,0.00040954631636961296,0.00015292548750219843,6.599229256211335e-10,0.0005068098061486734,1,0
26,45,0.00043907967286796945,0.00011242949580573764,0.0,0.0004989601525494457,1,0
27,47,0.000368198349504742,0.00018093861941013135,0.0,0.0004902652166348699,1,0
28,38,0.00042356741445244395,0.000136604226218315,6.599229256211335e-10,0.0004905562668745694,1,0
29,48,0.0004258247194030245,0.0001392397675498796,0.0,0.0005059697579937685,1,0
30,45,0.0003514911005661405,0.0001898685597421755,0.0,0.0004944654428757553,1,0
31,47,0.000379943963014609,0.0001844426487015306,0.0,0.0005068098061486734,1,0
32,41,0.0003993617594494913,0.00017536418137405267,0.0,0.0005447396536161635,1,0
33,46,0.00040241561591758385,0.0001890044489133126,0.0,0.0008449852067790774,1,0
34,42,0.00046246200241152456,0.0003903822366946228,0.0,0.002702788895935441,1,0
35,46,0.0005354897766093908,0.00047018460411911303,0.0,0.002702788895935441,1,0
36,46,0.0006917514321821755,0.000684676506150572,1.149917047521975e-06,0.002672614364095485,1,0
37,48,0.0010281069740606236,0.000781846089930422,1.2203449093914708e-06,0.00272839568390906,1,0
38,47,0.0010765242332641397,0.0008536197492606283,0.0,0.002838198680808293,1,0
39,46,0.0014011940456705881,0.0009529911585259766,0.0,0.0031535949643519364,1,0
40,45,0.0016762206858579182,0.001002559374770378,3.835529317700681e-05,0.0031535949643519364,1,0
41,42,0.0015921328692985392,0.001133857664580628,1.7157370331139674e-09,0.003151789422892056,1,0
42,45,0.0016749807850337754,0.0012082520376938092,0.0,0.0031825271765894185,1,0
43,41,0.0018777508651477092,0.001208096921361806,9.866696310306936e-08,0.003198657504111292,1,0
44,44,0.0020867961953939663,0.0012376164562485953,9.983049905766584e-09,0.003248678337466659,1,0
45,41,0.00208300661491548,0.0012288495334434324,1.715737033113794e-09,0.003234528564620882,1,0
46,44,0.002100683868822365,0.001290959931326425,9.983049905766584e-09,0.0032444097262685416,1,0
47,43,0.00196800922054155,0.0011952437118697098,1.7157370331139674e-09,0.0032506298958697557,1,0
48,48,0.0017034454855588458,0.001313841555549461,1.2871953920657028e-06,0.003234528564620882,1,0
49,46,0.0017022374080385414,0.001225835201438683,1.7157370331139674e-09,0.0032383263451849537,1,0
50,46,0.0019123555351628538,0.001280128920255552,1.188254571370722e-06,0.0032978865400801935,1,0
51,46,0.0017965855631993425,0.0012551673170075348,1.3075740073070812e-06,0.0032978865400801935,1,0
52,46,0.0019121597573989407,0.0012467986016020107,1.1456936346829939e-06,0.0032379431031885537,1,0
53,45,0.001891330571746035,0.0012799733369804089,9.013121598662631e-09,0.00325515746613756,1,0
54,45,0.0015004764071505266,0.0012863059280657067,9.983049905766584e-09,0.0032296348854102897,1,0
55,47,0.001997527589553677,0.0012385833586146522,1.3075740073070812e-06,0.0032371443621234974,1,0
56,45,0.0022231793686582203,0.0011891625007023072,2.1226641620749115e-05,0.0032371443621234974,1,0
57,45,0.00237081213515635,0.0011198141530235478,9.602085780284052e-05,0.0032371443621234974,1,0
58,47,0.002338000036006321,0.0012102644905192673,1.3289037923764846e-06,0.0032385526538490795,1,0
59,44,0.002200348059721746,0.0013162002318837299,9.983049905766584e-09,0.0032324001294126653,1,0
60,46,0.002180789163394424,0.0012582232632861248,7.686490551477646e-05,0.0032733869898378606,1,0
61,43,0.002705586911987825,0.0009464676255326024,1.3075740073070812e-06,0.0032733869898378606,1,0
62,46,0.0023984463022529295,0.0012339944784969608,1.3075740073070812e-06,0.0032733869898378606,1,0
63,46,0.002271912748371815,0.0013290930599366123,1.3075740073070812e-06,0.0032733869898378606,1,0
64,39,0.0023933220402272606,0.0012292877060641287,1.3075740073070812e-06,0.0033015820354609223,1,0
65,45,0.0025901404134069388,0.001187764804641235,1.7157370331139674e-09,0.0033015820354609223,1,0
66,47,0.0025925228745431713,0.0010628571616487384,1.7157370331139674e-09,0.0033015820354609223,1,0
67,47,0.002228463246826616,0.0013109253597417777,8.648581813532626e-05,0.0033015820354609223,1,0
68,49,0.0021054252050552876,0.0012283635541772953,1.7157370331139674e-09,0.0033015820354609223,1,0
69,45,0.002149602160676431,0.0012395292497268467,0.00010974662899134442,0.0033015820354609223,1,0
70,46,0.0023121884617257242,0.0012333098090982436,9.983049905766584e-09,0.0033015820354609223,1,0
71,46,0.0021601610034623652,0.0013279226191783796,1.3075740073070812e-06,0.0033015820354609223,1,0
72,40,0.0026343076455761986,0.001122478842149546,9.983049905766584e-09,0.0033015820354609223,1,0
73,42,0.0025199229765909786,0.0011117799136629747,0.0002752614406081986,0.0033015820354609223,1,0
74,48,0.002615087772070734,0.0011192450455934269,1.7157370331139674e-09,0.0033015820354609223,1,0
75,43,0.002488663309760396,0.0011276581585455746,1.3075740073070812e-06,0.0033015820354609223,1,0
76,46,0.0025723080247692038,0.0011482893466540467,1.3075740073070812e-06,0.0033015820354609223,1,0
77,45,0.0022197194776601963,0.001238272959719684,0.0001196510802124791,0.0033015820354609223,1,0
78,46,0.0022942442133760273,0.0012446598975644162,1.3075740073070812e-06,0.0033015820354609223,1,0
79,45,0.0024595452964748356,0.0012527329283134794,1.7157370331139674e-09,0.0033015820354609223,1,0
80,45,0.0023141398592735445,0.0011927154518816317,0.00011867875500983862,0.0033015820354609223,1,0
81,45,0.002409833896905947,0.0011961136845678156,9.389741207718197e-05,0.0033015820354609223,1,0
82,46,0.0024146222165645644,0.0012068174534770962,0.00013690869168223168,0.0033015820354609223,1,0
83,43,0.0024931907145939263,0.0012034740794620534,8.157135190689395e-05,0.0033015820354609223,1,0
84,46,0.0025974954224258,0.0011551487115624701,0.0001246920049544436,0.0033015820354609223,1,0
85,40,0.0026063574995208194,0.001152084522104056,9.495074822886568e-05,0.0033015820354609223,1,0
86,45,0.0022711034954454026,0.0012531428156493968,0.00010232203007229143,0.0033015820354609223,1,0
87,40,0.002536762866552034,0.0011348213863969794,8.157135190689395e-05,0.0033015820354609223,1,0
88,48,0.002360758938887929,0.0012210181225460956,1.7157370331139674e-09,0.0033015820354609223,1,0
89,42,0.0027040644307225153,0.0010885178751159426,0.0001196510802124791,0.0033015820354609223,1,0
90,47,0.0025582857730634,0.0011892057589257326,2.140099032571849e-06,0.0033015820354609223,1,0
91,49,0.0023945243444213667,0.0012127555932577134,0.0001593628612937708,0.0033015820354609223,1,0
92,40,0.002961559778554255,0.0009176354710417646,0.00015067389449818742,0.0033015820354609223,1,0
93,45,0.0024793552501102055,0.0012072006506892929,1.7157370331139674e-09,0.0033015820354609223,1,0
94,47,0.0025211334155179985,0.001076415498059886,0.00015775177761724246,0.0033015820354609223,1,0
95,49,0.0023937905666168925,0.0012348182666864953,1.3075740073070812e-06,0.0033015820354609223,1,0
96,46,0.0025024256543021263,0.001254256711086573,0.0001314619604950335,0.0033015820354609223,1,0
97,44,0.0024938962328076215,0.0012039203133731476,0.00014023266251285164,0.0033015820354609223,1,0
98,47,0.0027512832805420685,0.0010660741242089127,0.00010232203007229143,0.0033015820354609223,1,0
99,49,0.0024876536492434726,0.00119321964676438,3.1765005522058774e-05,0.0033015820354609223,1,0
100,45,0.0024834835089491227,0.001245178917243226,1.7157370331139674e-09,0.0033015820354609223,1,0
