gen,nevals,avg,stddev,min,max,run,wlasne_prawd
0,50,0.0,0.0,0.0,0.0,10,0
1,47,1.2174500508312577e-13,3.652350152493773e-13,0.0,1.2174500508312578e-12,10,0
2,46,3.679508851719021e-12,2.216537298711347e-11,0.0,1.587842727824935e-10,10,0
3,47,6.064352336243236e-10,3.2688169400836858e-09,0.0,2.3178835060063023e-08,10,0
4,46,7.964167369779095e-09,4.1177785092866324e-08,0.0,2.935371872301511e-07,10,0
5,48,3.384347567091331e-08,1.1813371649131092e-07,0.0,7.837892843139732e-07,10,0
6,46,1.3991497731931235e-07,3.4999326167893793e-07,0.0,1.8062827584141084e-06,10,0
7,43,1.5574874528998064e-05,7.284065852658126e-05,0.0,0.0003722491611230862,10,0
8,45,3.818077881525712e-05,0.00010478666287679912,0.0,0.0003800852957224923,10,0
9,46,9.524933333956236e-05,0.0001515133691873039,0.0,0.0003800852957224923,10,0
10,46,0.00019483978977169477,0.0001863637203385061,0.0,0.0005837061918792594,10,0
11,44,0.00025101091980511,0.00018626188022046177,0.0,0.0006716627882506008,10,0
12,44,0.00032627045014887773,0.00026704360028331065,0.0,0.001082064865236857,10,0
13,46,0.0003705115031128505,0.00032333039697841155,0.0,0.0012343514099231406,10,0
14,45,0.0005139468450580997,0.000360580323739357,0.0,0.0015014881342308745,10,0
15,43,0.0006508552533703573,0.0004282351110431055,1.338648476298672e-08,0.001598596342060146,10,0
16,48,0.0005419826294082547,0.00038049354906002133,0.0,0.0014275768378718891,10,0
17,46,0.0006686043871169593,0.0003897302393134922,1.0193220898325143e-06,0.0014670355876312633,10,0
18,43,0.0006034551314821819,0.0003981915181400686,1.1038094434308492e-07,0.0015916437018633559,10,0
19,46,0.0005803858375156368,0.0003940409422581058,0.0,0.0015370312027965553,10,0
20,47,0.0005784837260507555,0.0004297701401114985,0.0,0.0015477502164074853,10,0
21,44,0.000663196994773666,0.00046884383964604126,0.0,0.0015803247253451675,10,0
22,48,0.0005039533128396367,0.00040161924189918333,0.0,0.0015554363514438197,10,0
23,47,0.0005928335110437194,0.0003937133939161858,4.201420352299324e-13,0.0014917196647647592,10,0
24,46,0.0005698319426979615,0.00040236757783240794,0.0,0.0014917196647647592,10,0
25,46,0.0006582064091518875,0.00042649453817066415,5.619830986160246e-08,0.0014917196647647592,10,0
26,40,0.0007200557565639024,0.00045838816849219676,2.306464900543161e-07,0.0015318279395339094,10,0
27,46,0.0007063436286319007,0.00046887478123193226,0.0,0.0015412781548728048,10,0
28,43,0.000730101012519,0.0005071383324255882,0.0,0.001961595537968644,10,0
29,40,0.0008625096385575732,0.000504234484051154,0.0,0.0015318279395339094,10,0
30,45,0.0006298141652450639,0.0004897793200483819,3.039727760319119e-07,0.0015318279395339094,10,0
31,46,0.0007025897546108838,0.00046787060406850394,0.0,0.0015916437018633559,10,0
32,47,0.0007028410566515709,0.00048302307017182767,9.005473764769921e-08,0.0015916437018633559,10,0
33,44,0.0006391156219350839,0.0005075230907291598,8.804455886560223e-11,0.0015916437018633559,10,0
34,44,0.0006417516729861825,0.00044306911740880125,8.653468904410246e-08,0.0015916437018633559,10,0
35,46,0.0005451131424572312,0.00036687184745788035,2.3716704179171911e-07,0.0013159260305541166,10,0
36,41,0.0006629830054880697,0.00037813692914084277,0.0,0.0015318279395339094,10,0
37,47,0.000642229381779851,0.0003960859951433873,8.402053529287032e-11,0.0014661699732372848,10,0
38,45,0.0005560268083551439,0.00039784013871457227,8.083076737189004e-07,0.0014661699732372848,10,0
39,48,0.0006954497704910775,0.000403737429889577,4.201420352299324e-13,0.0014661699732372848,10,0
40,43,0.000731212097110934,0.0004609993336261346,0.0,0.0014661699732372848,10,0
41,44,0.000785642411113208,0.00043819031920097216,8.055370197010612e-05,0.0014661699732372848,10,0
42,45,0.0007088909921322993,0.0005021558070239977,5.658214806879357e-13,0.0014661699732372848,10,0
43,43,0.0007207473754172215,0.0004877742393771243,0.0,0.0015217560448894272,10,0
44,46,0.0006258784873066343,0.00046672867893857547,0.0,0.0015166806358675616,10,0
45,46,0.0007026313225525926,0.00041914042626639504,5.359822604352203e-12,0.0015166806358675616,10,0
46,42,0.000743506014668181,0.00045489810943253434,0.0,0.0015166806358675616,10,0
47,40,0.0007851509636206586,0.00047572301703880575,0.0,0.0015166806358675616,10,0
48,45,0.0006493420045634677,0.000497323830811543,0.0,0.0015321579318859537,10,0
49,43,0.000643259519865274,0.00047207867847568814,6.287468250995598e-11,0.0015321579318859537,10,0
50,46,0.0006438252980537092,0.00035096349512866125,0.0,0.0015166806358675616,10,0
51,43,0.0006446770308259965,0.0004086036315404969,0.0,0.0015166806358675616,10,0
52,41,0.000800939463068712,0.00044099295464419943,0.0,0.0018236052920796962,10,0
53,44,0.0008279366620098868,0.0004860696785968419,0.0,0.0018236052920796962,10,0
54,44,0.0007894919899714143,0.0005493749724614116,0.0,0.0018798915156176446,10,0
55,43,0.0008066841409094449,0.0005623839224873659,0.0,0.0018236052920796962,10,0
56,45,0.0007984667432038137,0.0006337427986923611,0.0,0.0018303937641307134,10,0
57,44,0.0006976944223513078,0.0006352231450220919,5.658214806879357e-13,0.0018303937641307134,10,0
58,46,0.0010798256451075724,0.0006506235711201604,5.8669922735564765e-08,0.001884180933967448,10,0
59,44,0.0008655544929170133,0.0007282154040662688,0.0,0.0018311942540590867,10,0
60,49,0.0009265002700932175,0.000744296846768302,1.3503354942671425e-08,0.0018311942540590867,10,0
61,45,0.0011031384424854316,0.0007491013021742835,0.0,0.0019050351192482183,10,0
62,43,0.0011219247625935593,0.0007644245455169198,3.544671533376439e-09,0.0020419885338216286,10,0
63,46,0.0013192907887591007,0.0007158950901724546,1.6295608776992223e-08,0.0020419885338216286,10,0
64,47,0.0014190508441364173,0.0007444369486072911,4.201420352299324e-13,0.0020419885338216286,10,0
65,46,0.0011591072984384458,0.0008675675627450928,0.0,0.002218272461173501,10,0
66,41,0.0014193188120089413,0.0007806385166571752,2.582251264920803e-06,0.002218272461173501,10,0
67,46,0.0014599798521642818,0.0008006863934209927,5.0160792202119755e-05,0.002386671306512318,10,0
68,43,0.0015947389555707942,0.0007739384746160151,5.658214806879357e-13,0.002386671306512318,10,0
69,44,0.0016447447799801736,0.0008438841689574646,0.0,0.002386671306512318,10,0
70,45,0.001809383061807057,0.0008761408252147776,0.0,0.002386671306512318,10,0
71,43,0.001810864177272527,0.0009194853252573365,0.0,0.0024667527675346856,10,0
72,38,0.001995008939308657,0.0008205346259551099,6.583571216837357e-11,0.0024667527675346856,10,0
73,43,0.0016240427285386342,0.0009880488219320275,0.0,0.0024667527675346856,10,0
74,47,0.0016781950900814826,0.0009543082720132277,2.8724945690457772e-05,0.0024667527675346856,10,0
75,43,0.0016631561519059026,0.0010013883027244611,0.0,0.0024667527675346856,10,0
76,48,0.0018097517819321792,0.0009629639586342205,0.0,0.0024667527675346856,10,0
77,46,0.0017601804745629459,0.0009981268512259875,0.0,0.0024667527675346856,10,0
78,48,0.0018966120670096138,0.0009475886867373753,0.0,0.0024667527675346856,10,0
79,46,0.0018303996223817808,0.000995874103436606,0.0,0.0024667527675346856,10,0
80,46,0.0018609790900575175,0.0009861336882206557,0.0,0.0024667527675346856,10,0
81,48,0.0018660852342312032,0.0009639143643222115,0.0,0.0024667527675346856,10,0
82,42,0.00173608955706997,0.000993979012058971,0.0,0.0024667527675346856,10,0
83,44,0.001931713853457208,0.000898700702562452,2.063090069806254e-08,0.0024667527675346856,10,0
84,43,0.0018553721415558197,0.0009621195385444035,0.0,0.0024667527675346856,10,0
85,43,0.001867816612394724,0.0009362774107277027,5.658214806879357e-13,0.0024667527675346856,10,0
86,45,0.002099047217162659,0.0007610358933071462,0.00017538516805474968,0.0024667527675346856,10,0
87,47,0.0018161325287848044,0.000970529840653245,6.583571216837357e-11,0.0024667527675346856,10,0
88,44,0.001996805491679696,0.0008475089483904522,6.583571216837357e-11,0.002536952178016581,10,0
89,46,0.001857274215654288,0.0009623217324025042,0.0,0.002536952178016581,10,0
90,47,0.002135597262569863,0.0007782327200057027,5.658214806879357e-13,0.002536952178016581,10,0
91,45,0.0020459818000086523,0.0008518374903643571,1.1006836119811468e-05,0.002536952178016581,10,0
92,45,0.0021451289284112212,0.0008220947758664624,0.0,0.002536952178016581,10,0
93,43,0.0021738182693674117,0.0008338089569487633,8.020103828256752e-06,0.002536952178016581,10,0
94,48,0.002172980925221626,0.0008370981283448844,0.0,0.002536952178016581,10,0
95,46,0.0019068324013492444,0.0010518997663979469,0.0,0.002536952178016581,10,0
96,46,0.002059512454616313,0.0009156977562403453,0.0,0.002536952178016581,10,0
97,45,0.001977895466402553,0.0009866312006572568,0.0,0.002536952178016581,10,0
98,45,0.002179835527909515,0.0008029634100274119,8.020103828256752e-06,0.002536952178016581,10,0
99,44,0.002284435818360716,0.0007051416123810075,8.020103828256752e-06,0.002536952178016581,10,0
100,47,0.002128963084029963,0.0008801802254713054,0.0,0.002536952178016581,10,0
