gen,nevals,avg,stddev,min,max,run,wlasne_prawd
0,50,0.0,0.0,0.0,0.0,7,1
1,45,3.408860142327522e-13,5.466337170865303e-13,0.0,1.2174500508312578e-12,7,1
2,41,8.999811550187955e-11,2.414054206168477e-10,0.0,7.437258263850433e-10,7,1
3,45,1.250302074272155e-09,3.5562989738061587e-09,0.0,1.7406210188163096e-08,7,1
4,46,7.264772560516433e-09,2.3971095345877252e-08,0.0,1.676255941931374e-07,7,1
5,42,5.084482852072376e-07,2.612283785868787e-06,0.0,1.7257054540908025e-05,7,1
6,47,1.0627047302765645e-06,4.066787328166599e-06,0.0,1.7257054540908025e-05,7,1
7,47,2.102148739353677e-06,5.504842095272437e-06,0.0,1.7257054540908025e-05,7,1
8,45,2.270663818073122e-06,5.687545202384129e-06,0.0,2.3467491804951243e-05,7,1
9,48,5.970738271380443e-06,8.480621859123826e-06,0.0,2.5921815081014626e-05,7,1
10,45,7.080810260298307e-06,9.205574633705253e-06,0.0,2.5921815081014626e-05,7,1
11,47,9.965402570451414e-06,1.034307498135978e-05,0.0,2.7547458985756502e-05,7,1
12,44,1.9718183155667712e-05,2.8515019030851687e-05,0.0,0.00020433363287428906,7,1
13,39,2.973758281564051e-05,3.5636849324097226e-05,4.535066098753782e-09,0.00020433363287428906,7,1
14,46,4.197098316595363e-05,4.9511166906380726e-05,1.7123855147856347e-10,0.00020433363287428906,7,1
15,44,5.878250396485022e-05,6.378451097524796e-05,0.0,0.00020433363287428906,7,1
16,46,0.00011362693332753327,7.76329322721746e-05,0.0,0.00020433363287428906,7,1
17,47,0.00011815050277141615,8.451377715777107e-05,0.0,0.00020579149242257934,7,1
18,47,0.00011577929961032164,8.892396458406483e-05,0.0,0.00020579149242257934,7,1
19,43,0.000147657580670679,7.934209186226535e-05,0.0,0.0003244806891462279,7,1
20,45,0.00014176177666165696,0.0001074943728816211,0.0,0.0003244806891462279,7,1
21,42,0.00017658215200185348,0.00011836260260900517,0.0,0.0004056203884473959,7,1
22,49,0.00023286457996958782,0.0001502841834019834,0.0,0.0005012505385213622,7,1
23,46,0.00021737496458865566,0.00015946756039085324,0.0,0.0005012505385213622,7,1
24,43,0.00023110900499478845,0.0001629013817820864,9.693774728787708e-10,0.0005012505385213622,7,1
25,45,0.0002557813559283477,0.00016648196532858503,6.666900647851385e-11,0.0005012505385213622,7,1
26,45,0.00027615789323883155,0.00016808309341799095,1.6630645946714002e-08,0.0005012505385213622,7,1
27,46,0.00025374487888107434,0.00019570786134195573,0.0,0.0005012505385213622,7,1
28,41,0.00030254150665434324,0.00019815814247569596,0.0,0.0005012505385213622,7,1
29,47,0.00030933644702985026,0.0002089729728183574,0.0,0.00051257376165076,7,1
30,47,0.0002638663334271134,0.0002273625759788534,0.0,0.00051257376165076,7,1
31,41,0.0002968614467352665,0.00022734794012821687,0.0,0.00051257376165076,7,1
32,46,0.0003322350797746613,0.000216525178409792,0.0,0.0005185940724486777,7,1
33,45,0.0003061816784860625,0.00021770621300150618,0.0,0.0005145485851681547,7,1
34,45,0.0003240853117596585,0.00022647459087650013,3.373250598006702e-09,0.0005145485851681547,7,1
35,46,0.00030963651351877743,0.00024319216600348728,0.0,0.0005229463858555218,7,1
36,41,0.0003536364049061618,0.00022523886587799948,0.0,0.0005229463858555218,7,1
37,43,0.0003690812584551811,0.00021082411717453833,1.6590699092960413e-08,0.0005229463858555218,7,1
38,43,0.0003314754742408474,0.0002146093234747324,0.0,0.0005229463858555218,7,1
39,40,0.0003438551323379801,0.00023012797944017214,0.0,0.0005229463858555218,7,1
40,45,0.0003076124334229656,0.00022570133080320598,0.0,0.0005299142636199629,7,1
41,45,0.00033425549688974175,0.00023892486726957493,0.0,0.0005404391253422507,7,1
42,44,0.00044274581482584143,0.00017927162489521882,1.5103119367670219e-06,0.0005404391253422507,7,1
43,44,0.00031378976131170386,0.00023850202504663688,0.0,0.0005422439892613109,7,1
44,44,0.00036549360319258387,0.0002395889379286016,0.0,0.0006081074133439424,7,1
45,45,0.00043158236563110316,0.00017290430082351257,3.4817584758302096e-10,0.0006081074133439424,7,1
46,47,0.00039517575585630723,0.00020693418209249162,0.0,0.0006081074133439424,7,1
47,43,0.00039171782308341076,0.00021429256543194222,0.0,0.0006081074133439424,7,1
48,45,0.0003404605143140616,0.00021795346832724767,1.8189074907371265e-08,0.0006081074133439424,7,1
49,45,0.00043957893589309635,0.00019516278452431452,0.0,0.0006081074133439424,7,1
50,45,0.0003908020840172342,0.00022992781822153742,3.4817584757705326e-10,0.0006081074133439424,7,1
51,45,0.00044100923441222815,0.00020045361193751006,3.4817584757757304e-10,0.0006081074133439424,7,1
52,45,0.0004116984522264144,0.00023291689488687132,3.4817584757757304e-10,0.0006081074133439424,7,1
53,44,0.0004534375194062454,0.00020639403663041156,2.667712355364928e-07,0.0006081074133439424,7,1
54,39,0.0004244179770933107,0.00022070964299655856,3.4817584757757304e-10,0.0006081074133439424,7,1
55,42,0.00045638711606202684,0.00021405161383332495,3.4817584757757304e-10,0.0006090956719612635,7,1
56,48,0.0004684975842172043,0.00021053936358385726,3.4817584757757304e-10,0.0006090956719612635,7,1
57,42,0.0004429908822638679,0.00021099715058695644,3.5123182231106153e-06,0.0006090956719612635,7,1
58,46,0.0004264524290687528,0.00020657169396652843,3.481758475773998e-10,0.0006090956719612635,7,1
59,46,0.00038726828412181117,0.00022506459966975008,3.3836669650397536e-06,0.0006090956719612635,7,1
60,44,0.00039683758524818535,0.00024022259802511291,2.029991161404135e-08,0.000622296292350516,7,1
61,46,0.00041640989445726294,0.00023281205852207897,3.3836669650397536e-06,0.000622296292350516,7,1
62,46,0.0003884896498639358,0.00021646296104998588,3.481758475773998e-10,0.000622296292350516,7,1
63,44,0.0004352952374653172,0.0001967264675028067,9.580376950130158e-09,0.000622296292350516,7,1
64,43,0.0004217548783952548,0.00021215143268957836,3.4817584758541626e-10,0.000622296292350516,7,1
65,47,0.0004404720776977007,0.0001973544329898595,9.630393442634682e-08,0.000622296292350516,7,1
66,48,0.00042286988467942274,0.00023030382368694475,3.4817584758541626e-10,0.000622296292350516,7,1
67,45,0.00039837646000684103,0.0002522725514565625,0.0,0.000622296292350516,7,1
68,48,0.0004129675636338347,0.0002067298104693998,3.4817584758541626e-10,0.000622296292350516,7,1
69,46,0.00039757215559149776,0.00023619295729747169,3.4817584758541626e-10,0.000622296292350516,7,1
70,44,0.0004167270928152534,0.00024330218808816766,9.630393442634682e-08,0.000622296292350516,7,1
71,46,0.0004842021652617787,0.0002052088079304916,3.4817584758541626e-10,0.000622296292350516,7,1
72,48,0.00040668241468535746,0.00023509528365291927,2.0312281645921137e-08,0.000622296292350516,7,1
73,42,0.00045098806592902953,0.00022196262478366605,3.4817584758541626e-10,0.000622296292350516,7,1
74,46,0.00048230178893718704,0.0002064654370563744,3.0908279179819505e-06,0.000622296292350516,7,1
75,46,0.0004354810946909936,0.00023384051940853314,6.439095641630937e-08,0.000622296292350516,7,1
76,44,0.00044326655080073986,0.0002401703139141163,0.0,0.000622296292350516,7,1
77,44,0.0004448954180273945,0.00021895565259889813,3.4817584758541626e-10,0.000622296292350516,7,1
78,43,0.00043690645761397057,0.00025258570756134854,3.4817584758541626e-10,0.000622296292350516,7,1
79,48,0.0004833874715129672,0.0002153097101640888,9.630393442634682e-08,0.000622296292350516,7,1
80,44,0.00046930926448351907,0.00022430688687451517,3.4817584758541626e-10,0.000622296292350516,7,1
81,49,0.00048671043963996826,0.00019614274830555495,2.1964803852788904e-05,0.000622296292350516,7,1
82,42,0.0005362607037378775,0.00018483657787192793,2.6551665284660984e-07,0.000622296292350516,7,1
83,46,0.00043924495641496457,0.0002190659582059335,9.630393442634682e-08,0.000622296292350516,7,1
84,42,0.0005049271609841178,0.0002031858924763517,3.4817584758541626e-10,0.000622296292350516,7,1
85,41,0.00043489281797378493,0.00024987643640707536,0.0,0.000622296292350516,7,1
86,45,0.00045129603234356436,0.0002339708880286027,0.0,0.000622296292350516,7,1
87,42,0.0005288067812822786,0.00016658961837536572,3.0908279179819505e-06,0.000622296292350516,7,1
88,48,0.00044254325487179283,0.00022116737037091775,3.4817584758541626e-10,0.000622296292350516,7,1
89,48,0.00042980296082486066,0.00024408941462727776,0.0,0.000622296292350516,7,1
90,43,0.0004912146311913374,0.0002154568663849799,0.0,0.000622296292350516,7,1
91,44,0.00045437730811924773,0.00024447533166401886,0.0,0.000622296292350516,7,1
92,44,0.00037695549204428026,0.0002665196137991811,0.0,0.000622296292350516,7,1
93,47,0.0004625956254094743,0.00024095206615076497,0.0,0.000622296292350516,7,1
94,45,0.0004962918211345973,0.00019036825376767599,0.0,0.000622296292350516,7,1
95,46,0.00047466715152837526,0.00022489435188228756,6.439095641630937e-08,0.000622296292350516,7,1
96,47,0.00046727138662041256,0.0002530074692388067,0.0,0.000622296292350516,7,1
97,45,0.00048367263999833925,0.00023491536822670643,0.0,0.000622296292350516,7,1
98,47,0.00043674765658935545,0.00025721157911606145,0.0,0.000622296292350516,7,1
99,47,0.00044274243183301134,0.00024113633404956771,0.0,0.000622296292350516,7,1
100,47,0.0004770191275773303,0.00023279179086049337,0.0,0.000622296292350516,7,1
