gen,nevals,avg,stddev,min,max,run,wlasne_prawd
0,50,0.0,0.0,0.0,0.0,4,1
1,44,1.704430071163761e-13,4.224393790862678e-13,0.0,1.2174500508312578e-12,4,1
2,49,1.2261376493067448e-10,2.719763325198519e-10,0.0,7.437258263850433e-10,4,1
3,46,8.685728777902672e-10,2.040571553752397e-09,0.0,1.3748352374274058e-08,4,1
4,47,2.1102977722543817e-08,7.837250472469701e-08,0.0,4.876160509639034e-07,4,1
5,46,1.6710283676803206e-06,1.1299961927519472e-05,0.0,8.076443768019555e-05,4,1
6,45,7.797252243500777e-06,2.2305106169915355e-05,6.204924762218162e-15,8.076443768019555e-05,4,1
7,49,2.13716356003245e-05,4.762882617497505e-05,0.0,0.00027821503060165354,4,1
8,47,4.3012016772986606e-05,7.158421589889597e-05,0.0,0.00027821503060165354,4,1
9,41,0.00012253943924048138,0.00013981673389981995,0.0,0.0006130889408206021,4,1
10,48,0.00015953342468793746,0.00014587754428062373,0.0,0.0006135184650801797,4,1
11,43,0.0002355194226174453,0.0001983595280267607,4.573261082384847e-08,0.0010614166419867963,4,1
12,45,0.00039966378436481005,0.0003598964703935929,0.0,0.0013372497315913127,4,1
13,46,0.0005610356469859826,0.0004511225808571365,0.0,0.0013372497315913127,4,1
14,49,0.0006130485695554165,0.000495764239073962,0.0,0.0013372497315913127,4,1
15,44,0.0006777021166814875,0.0005348665242209229,2.4236124260905774e-08,0.0013372497315913127,4,1
16,46,0.0008205194677473833,0.0005380673804421718,0.0,0.0013372497315913127,4,1
17,47,0.0007981006596186947,0.0006250678709418133,0.0,0.001812265656934358,4,1
18,45,0.0007454196186292464,0.0006508592561449145,0.0,0.0019182852808595175,4,1
19,46,0.0010091017619452626,0.0006224726189144135,6.494478828110415e-07,0.0019272803373302893,4,1
20,43,0.001006107509143421,0.0007695467310261313,0.0,0.002043694364894369,4,1
21,48,0.0010361008320002151,0.0008462092347524598,0.0,0.002043694364894369,4,1
22,46,0.0013520564877571683,0.0008036989742022882,3.254240334992331e-05,0.002043694364894369,4,1
23,43,0.0011369458558090977,0.0008992320783118192,0.0,0.002043694364894369,4,1
24,43,0.0014028725351571366,0.0008691164268993211,0.0,0.002043694364894369,4,1
25,49,0.000946577386361626,0.0009311646681734116,0.0,0.0020956237239531587,4,1
26,46,0.001157485104720681,0.0009088031266939306,0.0,0.0020956237239531587,4,1
27,44,0.0012301617853371983,0.0008932263414446782,0.0,0.0020956237239531587,4,1
28,43,0.000991878555491595,0.0008896720231998675,0.0,0.0020956237239531587,4,1
29,46,0.0014514820364025485,0.0008214471887761863,5.8566294950433936e-08,0.0020956237239531587,4,1
30,44,0.0012407423022623662,0.0009203017588266606,0.0,0.002102950440503023,4,1
31,44,0.0013390208610514767,0.0009187599265074067,0.0,0.002102950440503023,4,1
32,45,0.0013527976176529483,0.0009027971181409771,0.0,0.002102950440503023,4,1
33,41,0.001486717445488941,0.0009043937158411583,0.0,0.0024126102499342143,4,1
34,45,0.0015085132494863575,0.0008885230423194877,0.0,0.0024126102499342143,4,1
35,47,0.001130004020820907,0.0009956259767786551,1.2925442650259868e-06,0.0024126102499342143,4,1
36,47,0.000965235594421608,0.0009977611371321958,0.0,0.0029344839275778616,4,1
37,47,0.0012806420585433176,0.0010322544804941438,0.0,0.0029344839275778616,4,1
38,42,0.001689539820925423,0.0010732450116196605,0.0,0.0029344839275778616,4,1
39,44,0.0018506098785766615,0.0012068726122117016,0.0,0.0029344839275778616,4,1
40,44,0.0019705774198645136,0.0012173143139532832,0.0,0.003562546348755437,4,1
41,42,0.001978644101614987,0.001305181072050789,1.5478169343922993e-08,0.003562546348755437,4,1
42,44,0.0018027165742765248,0.0015080714408107416,0.0,0.003562546348755437,4,1
43,46,0.0023893084083105288,0.001410557612551384,0.0,0.003562546348755437,4,1
44,44,0.00271709875842921,0.0012686107637575814,0.0,0.003562546348755437,4,1
45,46,0.002584730573898269,0.0014638843941276213,0.0,0.003562546348755437,4,1
46,44,0.0025664785358143942,0.0014356434828232888,0.0,0.0039020663715194403,4,1
47,45,0.002328557297660352,0.001575775562734064,0.0,0.0039020663715194403,4,1
48,44,0.0023122883765027474,0.001616766263225495,0.0,0.0039020663715194403,4,1
49,48,0.002573384967102657,0.0016314211587628458,0.0,0.0039522852614744175,4,1
50,46,0.0019097529634238743,0.0018402880700781334,0.0,0.0039522852614744175,4,1
51,46,0.0023524665030308697,0.0017473371689038873,1.541770629346281e-08,0.0039522852614744175,4,1
52,45,0.002168181566150058,0.0019098518269921,1.0034458925778114e-08,0.005910553401975254,4,1
53,45,0.002407012834668794,0.0019732545688014016,0.0,0.005910553401975254,4,1
54,42,0.0023496049019997426,0.0022164775307193752,0.0,0.005910553401975254,4,1
55,41,0.0030036494587848597,0.002183037024077057,1.541770629346281e-08,0.005910553401975254,4,1
56,44,0.002500949990479841,0.002455363791094278,0.0,0.005910553401975254,4,1
57,45,0.0028886557041932605,0.002537977935496862,0.0,0.005910553401975254,4,1
58,45,0.0024065245621889783,0.002478637372170075,1.6550244250737056e-08,0.005910553401975254,4,1
59,43,0.0027831001436928004,0.0025881486671236686,0.0,0.005910553401975254,4,1
60,45,0.0030127672183550753,0.0026305892839357456,0.0,0.005910553401975254,4,1
61,47,0.002798492481774804,0.0026069710101358527,0.0,0.005910553401975254,4,1
62,46,0.0027001522350181724,0.002635182141531407,1.6534045976415776e-08,0.005910553401975254,4,1
63,48,0.0021691191008917005,0.0025736880756270027,0.0,0.006051897855953614,4,1
64,48,0.0028094134242110406,0.002493731958413348,0.0,0.006051897855953614,4,1
65,47,0.0025840121402123063,0.002629133930836295,0.0,0.006051897855953614,4,1
66,45,0.0033125665057027625,0.002616891391544189,1.6550244250737056e-08,0.006051897855953614,4,1
67,41,0.0033013035293396036,0.002572761546422474,0.0,0.006116193438869747,4,1
68,46,0.003043968268945671,0.0026299774527977346,1.6534045976415776e-08,0.006116193438869747,4,1
69,44,0.0030880397002843642,0.002716212982467205,0.0,0.006116193438869747,4,1
70,41,0.003188700086542264,0.002682421544879615,0.0,0.006116193438869747,4,1
71,45,0.0038730089161825238,0.002498071491962676,1.541770629346281e-08,0.006116193438869747,4,1
72,48,0.002839736418347204,0.0025655494595919455,1.6550244250737056e-08,0.006116193438869747,4,1
73,45,0.0029090971865651516,0.0025902775906029287,0.0,0.006517755775538909,4,1
74,48,0.002539526248467649,0.002751003037429561,0.0,0.006517755775538909,4,1
75,48,0.0027036591295886607,0.0025574937889415454,0.0,0.006518118633678816,4,1
76,44,0.003185217750979088,0.0027870622550906854,1.6534045976415776e-08,0.006518118633678816,4,1
77,46,0.0029227715359165015,0.002738834432726235,0.0,0.006691746143472083,4,1
78,45,0.0035181142305437244,0.002613885949631737,0.0,0.006691746143472083,4,1
79,43,0.0031112259431829684,0.0028248269838282696,1.6550244250737056e-08,0.006691746143472083,4,1
80,44,0.003590184069316946,0.0028673180031090493,0.0,0.006691746143472083,4,1
81,45,0.0037676603267823103,0.002885214990032092,0.0,0.006691746143472083,4,1
82,44,0.004223246392142931,0.0028110790263936656,0.0,0.006691746143472083,4,1
83,44,0.0036721257798693107,0.0027357771199142678,1.659892999279613e-08,0.006691746143472083,4,1
84,43,0.003331444926453913,0.002753809730547595,1.9826395884110715e-08,0.006691746143472083,4,1
85,45,0.0038144562287643546,0.002831614147293098,1.659892999279613e-08,0.006691746143472083,4,1
86,44,0.002923101806342448,0.0029623811832801008,1.6550244250737056e-08,0.006691746143472083,4,1
87,45,0.0032436333559751358,0.0028857796274415247,0.0,0.006691746143472083,4,1
88,47,0.0039460779812680044,0.002641599939383228,1.631101812168959e-05,0.006691746143472083,4,1
89,46,0.0033076727673567643,0.0028012797771715713,0.0,0.006691746143472083,4,1
90,44,0.0033979052881599873,0.002908930577333821,0.0,0.006691746143472083,4,1
91,46,0.0036106896758880025,0.0027335232732037316,0.0,0.006691746143472083,4,1
92,49,0.0034037724351460505,0.002643072220605535,1.659892999279613e-08,0.006691746143472083,4,1
93,44,0.003465370938452583,0.002801454307595643,1.6534045976415776e-08,0.006691746143472083,4,1
94,45,0.0032575644237731755,0.002864717217908741,1.1122848585934304e-08,0.006691746143472083,4,1
95,47,0.0032094744426623078,0.0029272696871362673,1.6550244250737056e-08,0.006691746143472083,4,1
96,42,0.003764550559631869,0.002886539410757812,0.0,0.006828217325098388,4,1
97,48,0.003877960269373583,0.002952237688506918,1.659892999279613e-08,0.006828217325098388,4,1
98,42,0.003947745283140937,0.002885495656841578,1.6550244250737056e-08,0.006828217325098388,4,1
99,45,0.003947797453889645,0.0029194231027508035,1.659892999279613e-08,0.006828217325098388,4,1
100,44,0.0034981690053952487,0.0029706161636142312,1.8902853037045704e-08,0.006828217325098388,4,1
