gen,nevals,avg,stddev,min,max,run,wlasne_prawd
0,50,0.0,0.0,0.0,0.0,1,1
1,44,1.704430071163761e-13,4.2243937908626784e-13,0.0,1.2174500508312578e-12,1,1
2,46,1.4912918366823675e-10,2.97298865458192e-10,0.0,7.437258263850433e-10,1,1
3,49,3.453561830697271e-09,1.5684327936975063e-08,0.0,1.1148065158299201e-07,1,1
4,47,1.1891851093765604e-06,5.7212779807143596e-06,0.0,3.038059189813463e-05,1,1
5,42,4.404802209210238e-06,9.97086031877892e-06,0.0,3.038059189813463e-05,1,1
6,43,7.621865635714631e-06,1.163766942439807e-05,0.0,3.191612594746464e-05,1,1
7,45,1.9519446162325303e-05,1.8031788721077064e-05,0.0,8.727571395139314e-05,1,1
8,46,2.7315824126535673e-05,2.653712711457525e-05,0.0,0.00010280767377874233,1,1
9,45,5.454943774548882e-05,5.003199248215031e-05,0.0,0.0003172623842764334,1,1
10,44,8.200851926611203e-05,5.9344789539258726e-05,0.0,0.0003172623842764334,1,1
11,49,9.340193956682492e-05,6.378615752641646e-05,0.0,0.0003172623842764334,1,1
12,44,0.0001086120105214489,7.036309697184263e-05,0.0,0.0003172623842764334,1,1
13,46,0.00010278766975609213,8.554223932756933e-05,0.0,0.0003172623842764334,1,1
14,48,0.00013279148197753953,0.00010367833756181913,0.0,0.0003172623842764334,1,1
15,45,0.0001962537298411187,0.00012552415214338704,0.0,0.00036348696016980575,1,1
16,45,0.00019126731721868492,0.00013373773544334222,0.0,0.000357364991563336,1,1
17,45,0.0001958280079295187,0.0001384507030240027,0.0,0.0003543273299994147,1,1
18,47,0.00021094601200669967,0.0001376851037281459,0.0,0.0004067866085040885,1,1
19,46,0.00020177070058653615,0.000146873413812686,0.0,0.0005743724699391437,1,1
20,48,0.000263869654920891,0.00016412184270063687,2.6388211124005976e-10,0.0005777766608976516,1,1
21,46,0.00026456149139893507,0.00019715987471623431,0.0,0.0006426316861506189,1,1
22,42,0.00035073035692759935,0.00022820207627395525,0.0,0.0006426316861506189,1,1
23,47,0.0003109276022509178,0.0002306859865230258,0.0,0.0006826280416165223,1,1
24,46,0.00029935479335025766,0.00024638915812287185,0.0,0.0006826280416165223,1,1
25,49,0.0003497640754146085,0.00022837190385714768,0.0,0.0008495017085174947,1,1
26,46,0.0003888530375340946,0.0002361811014979398,0.0,0.0008495017085174947,1,1
27,44,0.00048257870558481806,0.00022538412685651381,0.0,0.0008495017085174947,1,1
28,44,0.0005037996192527688,0.00025484332476077387,0.0,0.0008495017085174947,1,1
29,44,0.0005067777460138685,0.0002974437309073968,0.0,0.0008525522063556338,1,1
30,46,0.00044948401658376533,0.00030284814589793554,0.0,0.0008779522978253018,1,1
31,45,0.00047583044888575143,0.000332128432347521,0.0,0.0008779522978253018,1,1
32,43,0.00044018549943387224,0.0003597314593805477,0.0,0.0008832821672959999,1,1
33,45,0.0005683506789796693,0.00033345144742792876,3.276008232581274e-10,0.0008779522978253018,1,1
34,47,0.0004684368728126899,0.00034806637459275884,0.0,0.0008779522978253018,1,1
35,42,0.0004173989220286993,0.0003347522257436408,0.0,0.0008779522978253018,1,1
36,47,0.0005301843443176282,0.00032438771665500784,0.0,0.0008779522978253018,1,1
37,47,0.0004271450549379102,0.0003425494968999237,0.0,0.0008779522978253018,1,1
38,45,0.0004724521058598173,0.00036352967454946747,0.0,0.0009076294674109517,1,1
39,44,0.0005674996343286976,0.0003636867566228973,0.0,0.0008779522978253018,1,1
40,44,0.0005129313406330049,0.0003815050411729886,0.0,0.0008779522978253018,1,1
41,46,0.0005568951734666094,0.0003459608385722116,0.0,0.0008823362338431929,1,1
42,45,0.0005636382820727802,0.00036004552206415284,0.0,0.0008779522978253018,1,1
43,48,0.00046948377945417604,0.0003707874606914773,3.276008232581274e-10,0.0008779522978253018,1,1
44,47,0.0005483102120632705,0.0003757107283823573,0.0,0.0008779522978253018,1,1
45,42,0.0006627543493917087,0.0003345353069486217,0.0,0.0009131664301454884,1,1
46,46,0.0005723183037979234,0.00038872221295268043,0.0,0.0009131664301454884,1,1
47,47,0.000559551475576795,0.0003917351454104986,0.0,0.0009131664301454884,1,1
48,44,0.0006561005498705867,0.00034666478023523504,6.031371801005016e-07,0.0009669913888899206,1,1
49,41,0.0005957545397884152,0.0003856224027281748,0.0,0.0009669913888899206,1,1
50,46,0.0005417759117461429,0.00039843434652730395,0.0,0.0009669913888899206,1,1
51,45,0.0006084092675673959,0.00036454531757024113,0.0,0.0009669913888899206,1,1
52,44,0.0005729616887245451,0.00038191687884547686,1.2169581223278574e-07,0.0009669913888899206,1,1
53,44,0.0006128266388144002,0.0003816213011184096,4.827461035134447e-07,0.0009669913888899206,1,1
54,43,0.0005459934892585029,0.000406444424809919,0.0,0.0009669913888899206,1,1
55,47,0.0004796737213652841,0.0003827029387661734,2.6861337583632026e-09,0.0009669913888899206,1,1
56,47,0.0005329822811816457,0.0003773429160567303,0.0,0.0009669913888899206,1,1
57,48,0.00045148524210984276,0.00038509939470629756,0.0,0.0009833298074351981,1,1
58,47,0.0005027264219580692,0.0003503300223633774,0.0,0.0009669913888899206,1,1
59,45,0.00038923463719654593,0.0003782856076838887,0.0,0.0009669913888899206,1,1
60,47,0.0004712142926046484,0.0003689311214385672,0.0,0.0009669913888899206,1,1
61,46,0.0005095426677647319,0.0003446243599091943,0.0,0.0009669913888899206,1,1
62,47,0.0006253535286675133,0.00033479768032745893,0.0,0.0009669913888899206,1,1
63,46,0.0005395555959838617,0.00037915495549693324,0.0,0.0009669913888899206,1,1
64,47,0.0005904522188547886,0.00035575139936444713,0.0,0.0009669913888899206,1,1
65,47,0.00048244555935447,0.000404029972543991,0.0,0.0009669913888899206,1,1
66,43,0.0005608870652750404,0.00037783349045049066,0.0,0.0009669913888899206,1,1
67,46,0.0005933970622539967,0.0003750917432828511,0.0,0.0009669913888899206,1,1
68,44,0.0004956130179868018,0.00038826629445105584,0.0,0.0009669913888899206,1,1
69,44,0.000510976043037796,0.000389540717737442,0.0,0.0009669913888899206,1,1
70,46,0.0005571944054596498,0.0004197547736561107,1.8251068013224336e-08,0.0010864557247738014,1,1
71,47,0.0005256999888863765,0.0003780090574468262,1.802975941465253e-09,0.0009669913888899206,1,1
72,43,0.0005709776643207319,0.0004133626873054774,0.0,0.0009669913888899206,1,1
73,43,0.0006037960445747485,0.00038111099079992685,0.0,0.0009669913888899206,1,1
74,45,0.0006412892805979914,0.0003833671852077434,2.6861337583632026e-09,0.0009833298074351981,1,1
75,45,0.0006649789008060578,0.00040348716750355785,0.0,0.0009833298074351981,1,1
76,43,0.0006846648305356304,0.00036293601107988756,0.0,0.0009833298074351981,1,1
77,41,0.0006563042694327383,0.00042401649655738374,9.054797372337842e-08,0.0009833298074351981,1,1
78,48,0.000530593709711572,0.00040583745963778664,0.0,0.0009833298074351981,1,1
79,44,0.0006533613091368563,0.00040297891654320387,0.0,0.0009833298074351981,1,1
80,44,0.0006398147456747654,0.00040103391705584724,0.0,0.0009833298074351981,1,1
81,43,0.0005462460246158081,0.00044413881351961,0.0,0.0009833298074351981,1,1
82,43,0.0006824492840989731,0.00039647067535375366,0.0,0.0009833298074351981,1,1
83,44,0.0007579767132624858,0.0003524464351813289,1.5793929405768742e-05,0.0009833298074351981,1,1
84,47,0.0006015074849937063,0.00042062146494962197,0.0,0.0009833298074351981,1,1
85,47,0.0005662496325938006,0.000438295145997628,0.0,0.0009833298074351981,1,1
86,42,0.000672570492496354,0.00040957632649840653,0.0,0.0009833298074351981,1,1
87,48,0.0005574930008844498,0.00044369968290248335,0.0,0.0009833298074351981,1,1
88,47,0.0005598081187992902,0.0004375856399247768,0.0,0.0009833298074351981,1,1
89,48,0.0006128923344756909,0.00040603777992773485,0.0,0.0009833298074351981,1,1
90,44,0.0006278065373343523,0.0004072714116634197,0.0,0.0009833298074351981,1,1
91,46,0.000707563848254141,0.0003720155387043792,3.5871034836235746e-05,0.0009833298074351981,1,1
92,42,0.0006529661808971663,0.0004009545663636784,1.155774827167901e-05,0.0009833298074351981,1,1
93,43,0.0006636279092251515,0.00042233226560712937,0.0,0.0009833298074351981,1,1
94,47,0.0005821792098164477,0.0004242719765690331,0.0,0.0009833298074351981,1,1
95,47,0.0007094335641481468,0.0003769863796977427,0.0,0.0009833298074351981,1,1
96,47,0.0007126820478421571,0.00037528639673263704,0.0,0.0009833298074351981,1,1
97,48,0.0005849976142990904,0.0004131026718253271,0.0,0.0009833298074351981,1,1
98,42,0.0006558679158379815,0.0004273462125656627,1.0701921064730193e-06,0.0009833298074351981,1,1
99,44,0.0007152928670056512,0.0004103831936967526,0.0,0.0009833298074351981,1,1
100,48,0.0005470372030282508,0.0004363892749133983,0.0,0.0009833298074351981,1,1
