gen,nevals,avg,stddev,min,max,run,wlasne_prawd
0,50,0.0,0.0,0.0,0.0,2,1
1,43,9.739600406650063e-14,3.302859193084089e-13,0.0,1.2174500508312578e-12,2,1
2,47,1.8383133764589466e-11,1.0596825091847365e-10,0.0,7.437258263850433e-10,2,1
3,44,6.45582744845532e-10,2.081155359435805e-09,0.0,1.3748352374274058e-08,2,1
4,46,1.0337678930373887e-08,6.002796686270271e-08,0.0,4.297428295539184e-07,2,1
5,46,4.476415641929407e-08,1.3181072721659197e-07,0.0,6.436285645632517e-07,2,1
6,47,1.875747165208451e-07,3.5557891304583437e-07,7.707376403764953e-19,1.937121012691199e-06,2,1
7,48,3.952956097723757e-06,9.38694433525235e-06,0.0,4.380258181884504e-05,2,1
8,47,8.221938073765501e-06,1.2150761519985153e-05,0.0,4.380258181884504e-05,2,1
9,46,3.4411161982344184e-05,9.237805030335611e-05,0.0,0.000655480659021662,2,1
10,48,2.4670152125712864e-05,2.9684339770029134e-05,0.0,0.00010905449662582501,2,1
11,47,6.773720694290408e-05,0.00013665706635094288,0.0,0.000655480659021662,2,1
12,45,0.00014044395534870718,0.00022635880217421523,0.0,0.0008349122732827999,2,1
13,42,0.00026787799226744033,0.00027948310162697736,0.0,0.0008349122732827999,2,1
14,44,0.0003208185156123231,0.0003241673198346644,1.2174500508312578e-12,0.0008273463907336445,2,1
15,43,0.00035770609907138256,0.00034005382244733565,0.0,0.0008273463907336445,2,1
16,48,0.0003958294289580926,0.00036720921764956614,0.0,0.0008372996111969837,2,1
17,45,0.00047074792585399626,0.0003627709158568665,0.0,0.001025417301943164,2,1
18,47,0.0005118942099149275,0.0003705400509708343,1.217456021211065e-12,0.001025417301943164,2,1
19,43,0.0006420643133975791,0.0003762105742358842,1.2197302433343834e-12,0.001025417301943164,2,1
20,45,0.0006006769506398259,0.0004010429240716736,0.0,0.0010513871477608897,2,1
21,47,0.0006744005894358389,0.0004941144743620364,3.945898961854149e-08,0.002273040183557034,2,1
22,44,0.0009472376042980457,0.0006861451175205906,0.0,0.002276087251705516,2,1
23,44,0.0010846321655043297,0.000920165068588602,0.0,0.0030833192973791445,2,1
24,48,0.0011898822166707065,0.0011102329089961063,1.0826607462563653e-09,0.0031562948432220872,2,1
25,47,0.001235409101116998,0.001198072484807199,1.2437431942522296e-12,0.0037581270899038925,2,1
26,48,0.0013973988450689952,0.0011648136972886877,1.2437433319097482e-12,0.0030833192973791445,2,1
27,46,0.0011924547363897796,0.0012198838412727714,1.2174500508312578e-12,0.003216573405100766,2,1
28,41,0.001560185621325155,0.0012425225121948222,1.2174560208641291e-12,0.003216573405100766,2,1
29,42,0.0017108290028127558,0.0012467968752550302,0.0,0.003216573405100766,2,1
30,47,0.0013564926878341383,0.0013276716792281747,3.271030604024389e-10,0.003398120832120464,2,1
31,44,0.0013652272155646808,0.0014298301354816814,0.0,0.0035191655153511085,2,1
32,42,0.0016115537327842022,0.0013896184332124369,0.0,0.0035191655153511085,2,1
33,43,0.00133532069855611,0.0014931990666829337,2.5908210467193363e-11,0.0035191655153511085,2,1
34,41,0.0014580624876196434,0.0015495020459240134,3.2696414673428857e-10,0.0035191655153511085,2,1
35,46,0.0013941204833557317,0.0015714087744107,8.197384011300828e-13,0.0037915557304554867,2,1
36,46,0.0013111206955641309,0.0015408812057441435,8.197384016504983e-13,0.003609659395864596,2,1
37,44,0.0015964092336551673,0.0015388979862566883,8.197384011300828e-13,0.003725817752625469,2,1
38,45,0.0014511126711091748,0.0016192204656337089,3.271030604024389e-10,0.004050747800982363,2,1
39,42,0.0018704922057876706,0.0017661718317845201,6.365849374825423e-12,0.004681260168253297,2,1
40,43,0.00240031902549268,0.0018339371535170796,7.294402858914274e-10,0.004681260168253297,2,1
41,48,0.0019347543872818267,0.0020114985983474684,7.294402858914274e-10,0.005119740493093473,2,1
42,44,0.0023789687119590178,0.002164952092233898,7.269004181402603e-10,0.005966187647562512,2,1
43,43,0.002011270292131946,0.00210078511385656,7.294402858914274e-10,0.005961043111285119,2,1
44,46,0.0021490009456429384,0.002159428536017152,7.294402858914274e-10,0.005802383660661926,2,1
45,44,0.0021162340979237523,0.002253881254358949,6.365849374825423e-12,0.005802383660661926,2,1
46,48,0.0025671780130106362,0.0023825040403435576,3.4626402566616967e-11,0.005802383660661926,2,1
47,43,0.002523176195491422,0.002479076927130728,6.365849374825423e-12,0.005922066425248083,2,1
48,43,0.0026026469285183006,0.0026371426564782085,8.197384011300828e-13,0.005962050185996025,2,1
49,41,0.002397761632954384,0.002513302444383816,6.365849374825423e-12,0.005962050185996025,2,1
50,45,0.0029829528172489266,0.002536140785823879,6.365849374825423e-12,0.005962050185996025,2,1
51,46,0.0027944968653164258,0.002744755698440739,7.243497310120989e-10,0.006127427417646231,2,1
52,50,0.0022535905407392097,0.0025379526247294583,1.2174500508312578e-12,0.006070992188900146,2,1
53,46,0.0024814802321511233,0.0027628744586302148,6.365849374825423e-12,0.0061836138980861126,2,1
54,43,0.0031346736739019977,0.002769846617919326,7.210106444574653e-10,0.0061836138980861126,2,1
55,45,0.0026269291420304352,0.0028023996597414595,1.2174500508312578e-12,0.0061836138980861126,2,1
56,45,0.0028701445101397254,0.002808471337864552,1.2174500508312578e-12,0.006266552224982005,2,1
57,46,0.003244931833260785,0.002729945782093079,6.365849374825423e-12,0.0061836138980861126,2,1
58,42,0.003709285048245693,0.0028590688950273922,6.365849374825423e-12,0.006266552224982005,2,1
59,42,0.003698339536633603,0.002763382896805297,1.0237705900967123e-09,0.006266552224982005,2,1
60,45,0.0034189052088347445,0.0028556961432650526,6.365849374825423e-12,0.006296802171536386,2,1
61,46,0.003292154653004146,0.0027451872927208645,6.597072400319222e-12,0.006307506554769072,2,1
62,47,0.0035371728238166606,0.0027793747687949195,6.365849374825423e-12,0.0063082607530605605,2,1
63,43,0.003014569212940814,0.002895827228118289,6.365849374825423e-12,0.006502285183089784,2,1
64,45,0.0032309047411141593,0.0029484754033304245,9.190702490052945e-13,0.006631961070337155,2,1
65,46,0.003441598064465624,0.0028811306406436275,6.365849374825423e-12,0.006631961070337155,2,1
66,44,0.0035213177948018298,0.002792707845037414,6.597114686132205e-12,0.006631961070337155,2,1
67,45,0.003535499093753921,0.0029593388346164156,6.597114713313826e-12,0.006632023670546304,2,1
68,42,0.0032971393269415577,0.00289086942288329,9.190702490052945e-13,0.006632023670546304,2,1
69,45,0.0036494691296646304,0.002734663688509754,8.512246355766185e-10,0.006689064461611704,2,1
70,44,0.0037797511385909044,0.0030837769784176163,9.190702488318235e-13,0.006689064461611704,2,1
71,44,0.004165613564023637,0.0028720082943022303,9.190702490052945e-13,0.0067188900642511885,2,1
72,40,0.00411195299070277,0.002930682224287996,9.190702490052945e-13,0.006825010677652312,2,1
73,40,0.004865931508721465,0.002677679847989942,8.488588715395973e-10,0.006832124622731453,2,1
74,45,0.003355086326349463,0.003106464969812878,9.190702488318235e-13,0.006825010677652312,2,1
75,44,0.0038295411083893,0.0030975024485548844,9.190702490052945e-13,0.006828071994167695,2,1
76,46,0.003798437269462444,0.0030359368835745346,9.190702490052945e-13,0.006828071994167695,2,1
77,45,0.004185720506211419,0.0030341695898765952,9.190702490052945e-13,0.006820405883287725,2,1
78,47,0.004054376884878,0.002948880178891396,9.190702488318235e-13,0.006815460934285058,2,1
79,47,0.003107863203210068,0.00302522058729155,9.190702488318235e-13,0.006815460934285058,2,1
80,46,0.003596757700833556,0.0030823683199474737,3.563508372907423e-12,0.006815460934285058,2,1
81,42,0.003781078822482213,0.003155396185604156,3.563508372907423e-12,0.007035658215468509,2,1
82,43,0.004044410191810969,0.003054726924495568,3.2998130582343386e-11,0.007035658215468509,2,1
83,45,0.003962785821722593,0.0031816008881131014,9.190702488318235e-13,0.007035658215468509,2,1
84,42,0.0047733809460308784,0.002951199313659018,9.190702488318235e-13,0.0070949588156232184,2,1
85,45,0.0031997932329423384,0.0031949596355199685,9.190702488318235e-13,0.0070949588156232184,2,1
86,46,0.004325992721546655,0.003109748720567692,9.190702488318235e-13,0.007110640279483404,2,1
87,43,0.003770850854754363,0.0033182977988121037,3.193029987783176e-11,0.007158137506632971,2,1
88,43,0.003925633836745412,0.0031630417389303753,9.190702490052945e-13,0.007158137506632971,2,1
89,42,0.0042067647886002545,0.003204453907003755,5.980914685659488e-10,0.007158137506632971,2,1
90,47,0.0042382059769433995,0.003234283029335327,3.2998130582343386e-11,0.007246768972871244,2,1
91,45,0.0039684858753256495,0.003264930722167456,9.190702490052945e-13,0.007246768972871244,2,1
92,49,0.0035698116252364247,0.0033973083966268103,5.980914685659488e-10,0.00725241291422904,2,1
93,40,0.003596434138875745,0.003365741125890206,9.190702490052945e-13,0.00725241291422904,2,1
94,48,0.003436305311402827,0.003373929589513621,5.204211589513629e-10,0.007294965258028506,2,1
95,45,0.0038204347083995852,0.0033032512222673123,9.190702490052945e-13,0.007298418916189479,2,1
96,42,0.003948987779090391,0.00332945467126775,6.365849374825423e-12,0.007298418916189479,2,1
97,47,0.0037603509769292024,0.003309200667505041,6.434681210233521e-10,0.007298418916189479,2,1
98,50,0.004308320168211265,0.003334147098777003,9.190702490052945e-13,0.007405769625891277,2,1
99,40,0.004084922640888634,0.0034677390066922584,3.2998130582343386e-11,0.007405769625891277,2,1
100,47,0.004317898670202336,0.0033751647847055956,4.3129084656354554e-11,0.00773288081845722,2,1
