gen,nevals,avg,stddev,min,max,run,wlasne_prawd
0,50,0.0,0.0,0.0,0.0,7,0
1,43,9.739600406650063e-14,3.3028591930840893e-13,0.0,1.2174500508312578e-12,7,0
2,48,6.773744463617884e-12,3.1034100199436726e-11,0.0,1.5878427278284035e-10,7,0
3,43,5.2853173674562895e-09,2.268218074786698e-08,0.0,1.4336062968782012e-07,7,0
4,47,1.8473146956965952e-08,5.806421122695312e-08,0.0,3.831796140761199e-07,7,0
5,45,3.7397534335693075e-07,2.0865826104501115e-06,0.0,1.4797879111191775e-05,7,0
6,44,1.681302699443058e-06,4.549330919863762e-06,0.0,1.7223613321062856e-05,7,0
7,45,8.64577627266951e-06,1.530484657300458e-05,0.0,8.278830958140079e-05,7,0
8,48,3.0192951845054027e-05,4.505716322659218e-05,0.0,0.00016611148676766237,7,0
9,46,8.391424069696489e-05,6.462653973063967e-05,3.327502144619259e-07,0.00026444389135050654,7,0
10,46,0.0001370199237323099,7.434908809411176e-05,0.0,0.0002882010690645457,7,0
11,45,0.00016043899230399808,0.00011434626167396321,0.0,0.0003628982980005136,7,0
12,47,0.0002237268089018629,0.00013203220281431238,0.0,0.0005017389795632223,7,0
13,46,0.0003126562237367117,0.00016579060750350128,0.0,0.000643625047377171,7,0
14,46,0.00042101216237299977,0.00015640767811377223,1.4797879111191775e-05,0.0006956582295038268,7,0
15,44,0.0004149771689990387,0.0002084038885292732,9.597680495123562e-07,0.0007185954858263629,7,0
16,48,0.0003782533660362998,0.00022273012429566973,0.0,0.0007185954858263629,7,0
17,47,0.00038095255447496913,0.00020606724788069946,1.4797879111191775e-05,0.0007017577546214717,7,0
18,48,0.00045648789336577165,0.0002311592297403804,0.0,0.0007603493474329876,7,0
19,48,0.00041824962547131405,0.0002304626339171818,0.0,0.0007062413494926039,7,0
20,50,0.0003894564282234314,0.0002459049051099196,3.246746260226358e-06,0.0007350838871844013,7,0
21,43,0.0004425869589740656,0.00022559973238046795,0.0,0.0007350838871844013,7,0
22,46,0.000424266311522823,0.00023343356061763458,0.0,0.000744707183177601,7,0
23,48,0.0004323553570670637,0.0002165560252929323,1.4797879111191775e-05,0.0008483614112547814,7,0
24,46,0.00037256373558774015,0.00024951586601784523,0.0,0.0007430050858630996,7,0
25,45,0.00039887025764723347,0.00024089424198099556,0.0,0.0008613317922974826,7,0
26,42,0.00047095134397531443,0.00022156832180432565,1.5449648512389689e-06,0.0009049059705840254,7,0
27,45,0.000444925442862093,0.00026060246402282095,0.0,0.0008494520055133217,7,0
28,50,0.0003109219326744887,0.000278629098237919,0.0,0.0009311649395680623,7,0
29,47,0.0003726156407741265,0.0002448124747601867,0.0,0.0007208737286967355,7,0
30,47,0.0004082450037439107,0.00024212096765080691,3.3554029074690925e-06,0.0007463578876798854,7,0
31,44,0.000480683283888535,0.00020159808513080975,1.4797879111191775e-05,0.0007463578876798854,7,0
32,46,0.00040691917393883355,0.00026499394791200317,0.0,0.0007463578876798854,7,0
33,45,0.0004702597063814021,0.00023421015917687364,1.5120090919160521e-09,0.0007270516020202492,7,0
34,46,0.0005913322166916425,0.0002036665010638248,1.5120090919160521e-09,0.000724135742238845,7,0
35,48,0.0005512173186637566,0.00020837060889448798,0.0,0.000724135742238845,7,0
36,47,0.0004600823875541679,0.00025946067943285355,1.5120090919160521e-09,0.000724135742238845,7,0
37,46,0.0005531783987113673,0.00020007302991101225,0.0,0.000724135742238845,7,0
38,47,0.0006050057047105908,0.0001899685643936479,6.401927012291552e-05,0.000724135742238845,7,0
39,47,0.0005906294657394887,0.00021988188187575214,3.3981127086285104e-06,0.0007464734769794374,7,0
40,44,0.0005904076049880698,0.00021108329182123787,1.5120090919171266e-09,0.0007464734769794374,7,0
41,44,0.0006319076890673904,0.00020133552705535227,0.0,0.0007464734769794374,7,0
42,44,0.000622959581765979,0.00019527347749101652,3.4675502858522986e-05,0.0007464734769794374,7,0
43,48,0.0005731387559135212,0.00023215423118645522,0.0,0.0007464734769794374,7,0
44,46,0.000569886986301062,0.00022327539005475013,0.0,0.0007489104033911793,7,0
45,48,0.000515422331108741,0.00028300923722417664,0.0,0.0007999449770405435,7,0
46,43,0.0005867677709502996,0.00023357949054169104,3.4675502858522986e-05,0.0007999449770405435,7,0
47,47,0.0006041163560730375,0.00024492861486382836,1.5120090919171266e-09,0.0007999449770405435,7,0
48,48,0.0005886913930684364,0.000248873296927641,0.0,0.0007999449770405435,7,0
49,44,0.0004724361514914052,0.0003028358364851917,0.0,0.0007999449770405435,7,0
50,42,0.000558206171734328,0.0002662686677191185,0.0,0.0007999449770405435,7,0
51,47,0.0005864986008588521,0.0002581442404530299,0.0,0.0007999449770405435,7,0
52,47,0.0005675998413865275,0.0002745746397223671,0.0,0.0007999449770405435,7,0
53,43,0.000608947251634263,0.0002381138296166176,0.0,0.0007999449770405435,7,0
54,42,0.000638856349507058,0.0002538338503919093,0.0,0.0007999449770405435,7,0
55,46,0.000667443648648956,0.000233082834582993,0.0,0.0007999449770405435,7,0
56,46,0.0006606312148677529,0.00023058343761207613,3.4675502858522986e-05,0.0007999449770405435,7,0
57,47,0.0005662908375857406,0.0002790054272006093,1.582499840285678e-05,0.0007999449770405435,7,0
58,47,0.0006081993669334996,0.0002826925702772892,1.6311077953461405e-05,0.0007999449770405435,7,0
59,42,0.0006132384331586635,0.00026590204172962853,0.0,0.0007999449770405435,7,0
60,49,0.0006139203375697681,0.00027981430099951625,0.0,0.0007999449770405435,7,0
61,42,0.0006310186627381993,0.0002733723821479494,0.0,0.0007999449770405435,7,0
62,46,0.0006223577654103649,0.0002623807295163365,0.0,0.0007999449770405435,7,0
63,45,0.0006484974374137777,0.00024367359305659878,0.0,0.0007999449770405435,7,0
64,44,0.0006253449672028893,0.0002536155981881525,1.9636133479610828e-05,0.0007999449770405435,7,0
65,46,0.0006878282819704086,0.00021938915434407505,6.48817439923073e-06,0.0007999449770405435,7,0
66,40,0.0006635299388989141,0.0002463466410065436,0.0,0.0007999449770405435,7,0
67,46,0.000705230553869716,0.00018749671669478666,7.485926511148994e-05,0.0007999449770405435,7,0
68,46,0.0006317245695255215,0.00027150836295696863,1.5120090919171266e-09,0.0007999449770405435,7,0
69,46,0.0006319151408017124,0.0002578384369511131,0.0,0.0007999449770405435,7,0
70,42,0.0006542220903806024,0.00026014676934402853,1.9636133479610828e-05,0.0007999449770405435,7,0
71,42,0.0006944664008817741,0.0002134949784745666,1.5120090919171266e-09,0.0007999449770405435,7,0
72,45,0.0006441594418892167,0.00022460255042990265,4.6441844262582416e-05,0.0007999449770405435,7,0
73,44,0.0006844330631510534,0.00024206824521378755,0.0,0.0007999449770405435,7,0
74,45,0.0006967089864219518,0.00017723391391536982,0.00027339864783604094,0.0007999449770405435,7,0
75,44,0.000684426589601963,0.00021174604131515533,4.188422465557079e-05,0.0007999449770405435,7,0
76,45,0.0006451207162751222,0.0002755976951804447,0.0,0.0007999449770405435,7,0
77,48,0.0006320590720718339,0.0002803265849459704,1.5120090919171266e-09,0.0007999449770405435,7,0
78,42,0.0005934073274291607,0.000287110982689443,0.0,0.0007999449770405435,7,0
79,45,0.0006894473260081304,0.00022874008563039092,3.4675502858522986e-05,0.0007999449770405435,7,0
80,46,0.0007046200209291305,0.00021253198533024582,6.48817439923073e-06,0.0007999449770405435,7,0
81,48,0.0006513613920980183,0.0002675449659805502,0.0,0.0007999449770405435,7,0
82,43,0.0006622049656489863,0.00023379641236004724,0.0,0.0007999449770405435,7,0
83,46,0.0006628638996084363,0.00023915511209764213,6.633332417934637e-06,0.0007999449770405435,7,0
84,45,0.0007035828710969334,0.00022614512485327135,1.5120090919171266e-09,0.0007999449770405435,7,0
85,45,0.0006379410979887941,0.0002716896507098316,0.0,0.0007999449770405435,7,0
86,45,0.0006595149929027491,0.0002731034384865294,0.0,0.0007999449770405435,7,0
87,45,0.0007457806589917862,0.00018380054293136707,4.5684421686264595e-06,0.0007999449770405435,7,0
88,43,0.0007005225317666367,0.00023240043381257203,0.0,0.0007999449770405435,7,0
89,45,0.0006922480883083329,0.00022840767145873055,6.633332417934637e-06,0.0007999449770405435,7,0
90,45,0.0006953567380832437,0.00024268371412612452,4.6441844262582416e-05,0.0007999449770405435,7,0
91,48,0.0006530370259726816,0.0002512703425987908,0.0,0.0007999449770405435,7,0
92,44,0.0006451514042176966,0.00024298896328821213,1.5120090919171266e-09,0.0007999449770405435,7,0
93,44,0.0006622453469770832,0.00026746153544304324,0.0,0.0007999449770405435,7,0
94,44,0.0007114392426441471,0.00023366602794814897,3.4675502858522986e-05,0.0007999449770405435,7,0
95,45,0.000688451305814606,0.00023556986116085422,0.0,0.0007999449770405435,7,0
96,43,0.000705100215281739,0.00023939270553405677,6.48817439923073e-06,0.0007999449770405435,7,0
97,46,0.0007092860770640108,0.0002256622961388489,0.0,0.0007999449770405435,7,0
98,45,0.0007271838624694371,0.00017400388485273936,6.633332417934637e-06,0.0007999449770405435,7,0
99,44,0.000694541184615203,0.00022352251270152588,1.5120090919171266e-09,0.0007999449770405435,7,0
100,47,0.0006696389286764272,0.00025003026139922945,0.0,0.0007999449770405435,7,0
