gen,nevals,avg,stddev,min,max,run,wlasne_prawd
0,50,0.0,0.0,0.0,0.0,3,1
1,44,2.678390111828767e-13,5.043241833064977e-13,0.0,1.2174500508312578e-12,3,1
2,43,7.499023450098309e-11,2.2291252672525902e-10,0.0,7.437258263850433e-10,3,1
3,45,4.05851864297043e-07,2.765853896448921e-06,0.0,1.976026136707893e-05,3,1
4,45,1.2610071515499186e-06,4.69514578015761e-06,0.0,1.976026136707893e-05,3,1
5,44,1.44266712335492e-06,4.690037241124662e-06,0.0,1.976026136707893e-05,3,1
6,42,4.555885864883689e-06,7.747184859478952e-06,0.0,1.976026136707893e-05,3,1
7,45,1.2295675912642505e-05,1.3864605847081197e-05,0.0,6.77858368840182e-05,3,1
8,46,1.4248610163798837e-05,2.0093809568052138e-05,0.0,6.827440235243779e-05,3,1
9,47,2.885610428951332e-05,3.2958837764424536e-05,0.0,0.0001705239983423291,3,1
10,41,4.777058475464544e-05,3.683493204611088e-05,1.2174500508312578e-12,0.0002002197859998403,3,1
11,42,5.824770071816146e-05,5.8092251930501145e-05,0.0,0.0003267403309529993,3,1
12,42,8.288969797742998e-05,9.410822988158863e-05,1.2174500508312578e-12,0.0003792288898840266,3,1
13,45,0.00011378145277553592,0.000132583774006273,0.0,0.0004098384177447077,3,1
14,45,0.00013930273823040454,0.00016500219829046806,0.0,0.0005644363803431831,3,1
15,48,0.00014152569910961304,0.00015707534814906568,0.0,0.0005644363803431831,3,1
16,49,0.00010111296934423531,0.00014582612715533292,0.0,0.0004098384177447077,3,1
17,43,0.00012795544215287916,0.00015989059995305053,0.0,0.0004098384177447077,3,1
18,46,0.00017768843169985025,0.00016418557253072285,0.0,0.0004098384177447077,3,1
19,47,0.0001332732800918573,0.000173830020813741,0.0,0.00042172791028279803,3,1
20,45,0.00014439450908118633,0.0001798323493960173,0.0,0.0005651213185990704,3,1
21,48,0.00020966302809344067,0.00021113720423881162,0.0,0.0005651213185990704,3,1
22,43,0.00023586630814984198,0.00023664644737858686,0.0,0.0006641895627595755,3,1
23,45,0.00029107926036205675,0.00027533157418888884,0.0,0.0007221038979157821,3,1
24,43,0.0003027792869511023,0.00028850196715344493,0.0,0.0007221038979157821,3,1
25,46,0.0003719652660719759,0.000295594169029505,0.0,0.0007581061824099225,3,1
26,43,0.00038243863982953866,0.0003006414694020379,0.0,0.0007581061824099225,3,1
27,41,0.00037557992703048966,0.0003201047467884071,1.2174500508312578e-12,0.0010268622445768142,3,1
28,47,0.0003543249918455374,0.000340033646468357,0.0,0.0010268622445768142,3,1
29,49,0.0002568113096081213,0.00035350447482413887,0.0,0.0010268622445768142,3,1
30,42,0.00043011067856464587,0.00038720552209676264,1.2174500508312578e-12,0.0010268622445768142,3,1
31,46,0.0004470157767849691,0.00043684683513529844,0.0,0.0015398721002358555,3,1
32,46,0.0005922890968950922,0.0005372981380283617,0.0,0.0016085168815663695,3,1
33,48,0.0005817024407175558,0.0006071383231592952,0.0,0.0016587865392922645,3,1
34,47,0.0005738844286089741,0.0006199418390199824,0.0,0.0016587865392922645,3,1
35,44,0.0008883218960071321,0.0006927741238194585,0.0,0.0016587865392922645,3,1
36,42,0.0009350082226235895,0.0007319022379418934,0.0,0.0016587865392922645,3,1
37,45,0.0008059449736257332,0.0007713756863406124,2.274846706538671e-18,0.001720584946121183,3,1
38,42,0.0008771514407639519,0.0007645728334843099,0.0,0.001720584946121183,3,1
39,45,0.0007378864716146612,0.0007448092933950702,0.0,0.001720584946121183,3,1
40,44,0.0007609714433555236,0.0007630028429165171,0.0,0.001720584946121183,3,1
41,46,0.0007109000073190378,0.0007295021363489453,0.0,0.001720584946121183,3,1
42,49,0.0006752677107854853,0.0007246781923564247,2.274846706538671e-18,0.001720584946121183,3,1
43,43,0.0006282514220191867,0.0007408386792137556,0.0,0.001720584946121183,3,1
44,43,0.0007920497233882304,0.0007692346149848776,0.0,0.001720584946121183,3,1
45,45,0.0007595509614204899,0.0007882208536113905,4.2181308032345625e-08,0.001720584946121183,3,1
46,47,0.0009560584616092532,0.0007714907306942335,0.0,0.001720584946121183,3,1
47,46,0.0008924765955580227,0.0007616186254416097,0.0,0.001720584946121183,3,1
48,44,0.0009415779379698837,0.000775042996172267,0.0,0.001720584946121183,3,1
49,48,0.0007145364159415131,0.0007903364757558951,0.0,0.001720584946121183,3,1
50,48,0.0007147059058150638,0.0007595753940365979,1.9520908646509717e-06,0.001720584946121183,3,1
51,47,0.0008083032127703839,0.0007346653621466298,0.0,0.001720584946121183,3,1
52,42,0.0006156941540384157,0.0007598705907693645,0.0,0.001720584946121183,3,1
53,47,0.0008215535481633351,0.000792183996494196,2.5647682651698472e-05,0.001720584946121183,3,1
54,45,0.0008944168604595768,0.0007827348859207637,0.0,0.001720584946121183,3,1
55,43,0.0008755063248708832,0.0007964302972598132,0.0,0.001720584946121183,3,1
56,47,0.0007436180804258808,0.0007543226764582645,2.7150722312041144e-12,0.001720584946121183,3,1
57,44,0.0008490706650846123,0.0007650099378707103,0.0,0.001720584946121183,3,1
58,45,0.0008193202605415538,0.0007614066659038701,0.0,0.001720584946121183,3,1
59,44,0.0007274968435571455,0.0007620854747678112,1.4419891261737388e-05,0.001720584946121183,3,1
60,45,0.00099210187762105,0.0007593555026546228,0.0,0.001720584946121183,3,1
61,41,0.000991570806829893,0.0007795309982389157,0.0,0.001720584946121183,3,1
62,45,0.0007730716807828847,0.0007956733173166258,0.0,0.001720584946121183,3,1
63,43,0.0008346296112488101,0.0008061475157593158,0.0,0.001720584946121183,3,1
64,42,0.0008041541113910177,0.0007708958371558242,0.0,0.001720584946121183,3,1
65,43,0.0008956280314975531,0.0007781200192330802,0.0,0.001720584946121183,3,1
66,45,0.0006239872987633566,0.0007623096417655248,0.0,0.001720584946121183,3,1
67,45,0.0007205945629288965,0.0007795666644672397,0.0,0.001720584946121183,3,1
68,46,0.0009148441758154352,0.0007842283113399208,0.0,0.001720584946121183,3,1
69,45,0.0007281275037857784,0.0007691796020537577,0.0,0.001720584946121183,3,1
70,50,0.0008546943270080927,0.0007761701471048636,2.7685746274512577e-06,0.001720584946121183,3,1
71,44,0.0008259295703609738,0.0007998701474843742,0.0,0.001720584946121183,3,1
72,47,0.0007764240334143702,0.0007708537452750467,0.0,0.001720584946121183,3,1
73,45,0.000771019035269378,0.0007461680488056431,0.0,0.001720584946121183,3,1
74,48,0.0008426973048401362,0.0007640505485654284,0.0,0.001720584946121183,3,1
75,47,0.0007222482185770985,0.0007580699502466962,0.0,0.001720584946121183,3,1
76,42,0.0009613809432520537,0.0007573537206001361,0.0,0.001720584946121183,3,1
77,41,0.0010149440355592212,0.000787673584525989,2.7150722312041144e-12,0.001720584946121183,3,1
78,45,0.0010190139603408384,0.0007996320139376749,0.0,0.001720584946121183,3,1
79,42,0.0010676649973527476,0.0007623334509440074,2.7150722312041144e-12,0.001720584946121183,3,1
80,46,0.0007943061326742725,0.0007797683351726515,0.0,0.001720584946121183,3,1
81,46,0.0007840605837189238,0.0008049899989557794,0.0,0.001720584946121183,3,1
82,49,0.0009127604289534904,0.0008157381853940095,0.0,0.001720584946121183,3,1
83,47,0.0008071169000596711,0.0007874563335527238,0.0,0.001720584946121183,3,1
84,45,0.0008834389798134789,0.0007668279816194167,0.0,0.001720584946121183,3,1
85,48,0.0006716767009775518,0.0007465384815978568,0.0,0.001720584946121183,3,1
86,47,0.0007155500783336255,0.000765018658785256,4.2181308032345625e-08,0.001720584946121183,3,1
87,42,0.0008297491833034157,0.0007663766257655502,2.7150722312041144e-12,0.001720584946121183,3,1
88,44,0.0009009409461022067,0.0007612452268098948,0.0,0.0017537878436331268,3,1
89,42,0.0009911702159811479,0.0007724091252963658,0.0,0.0017537878436331268,3,1
90,47,0.000972524025859795,0.0007666693397759888,0.0,0.0017537878436331268,3,1
91,44,0.0010052312263029786,0.0007716494719813561,0.0,0.0017537878436331268,3,1
92,47,0.0008982882513177009,0.0008004011790678122,0.0,0.0017537878436331268,3,1
93,47,0.0006776922434816405,0.0007426961973244887,4.2181308032345625e-08,0.0017537878436331268,3,1
94,45,0.0008143705483426038,0.0008060341381836247,2.7150722312041144e-12,0.0017537878436331268,3,1
95,45,0.000997695997414218,0.0007842552585420205,4.2181308032345625e-08,0.0017537878436331268,3,1
96,43,0.0008675435192419927,0.0007919472256044272,0.0,0.0017537878436331268,3,1
97,46,0.0006941953385490446,0.0007950799789297855,0.0,0.0017537878436331268,3,1
98,44,0.0007317388312911473,0.0007719169501479987,0.0,0.0017537878436331268,3,1
99,46,0.0007895139682663272,0.0007981566893431032,0.0,0.0017537878436331268,3,1
100,47,0.0007194437124952005,0.0007787207911548977,0.0,0.0017537878436331268,3,1
