gen,nevals,avg,stddev,min,max,run,wlasne_prawd
0,50,0.0,0.0,0.0,0.0,7,2
1,46,1.4609400609975093e-13,3.956244387471656e-13,0.0,1.2174500508312578e-12,7,2
2,41,1.2392737797577672e-10,3.3149999404033775e-10,0.0,1.7157278746143797e-09,7,2
3,44,4.144579833612166e-10,4.702236273184672e-10,0.0,1.7157278746143797e-09,7,2
4,44,8.678822573838426e-10,9.467147584698083e-10,0.0,4.4593252930586575e-09,7,2
5,47,2.9220174249180026e-09,1.1596915126592057e-08,0.0,8.352161528012444e-08,7,2
6,48,1.1929926010703133e-07,7.611345879715313e-07,0.0,5.4403645914980685e-06,7,2
7,43,3.7699571874839283e-06,1.8061699275097088e-05,0.0,0.00012172480385392199,7,2
8,44,6.389820958764103e-06,1.996923145670632e-05,0.0,0.00012357382039824644,7,2
9,47,2.0456166924333827e-05,3.393008002280548e-05,0.0,0.00012357382039824644,7,2
10,45,2.671718957420774e-05,3.518532402470045e-05,0.0,0.00012357382039824644,7,2
11,38,4.516813965764874e-05,4.365650182719217e-05,0.0,0.00012357382039824644,7,2
12,46,0.00011699767065099805,0.00043978055075272535,0.0,0.0031651767563970323,7,2
13,45,0.00024278118942043837,0.0007123510550392578,0.0,0.0031651767563970323,7,2
14,48,0.0003196562138773585,0.0007937915613040365,0.0,0.0031651767563970323,7,2
15,42,0.00047468241218195386,0.0009416348494245742,2.7151755378071465e-12,0.0031651767563970323,7,2
16,47,0.0005892021823284744,0.0010119524711851896,6.153699685213214e-12,0.003233604767296015,7,2
17,42,0.001200447804756022,0.0013055736673399417,1.4772995435864222e-09,0.004246466525142427,7,2
18,45,0.0012132704411047595,0.0017465189822908163,1.3650665953854526e-08,0.009042588302264076,7,2
19,43,0.0016861923767429675,0.0018751917448763481,8.7250092182124e-10,0.009042588302264076,7,2
20,44,0.0019109670611070666,0.0022552809437487793,3.392290695017708e-10,0.009042588302264076,7,2
21,40,0.0023879467686272597,0.0025519393286011056,3.392290695017708e-10,0.009042588302264076,7,2
22,46,0.0033614083653421612,0.003047690244488045,1.2503800688170512e-09,0.009042588302264076,7,2
23,44,0.003271908506935038,0.003606255968713653,1.047725017760985e-08,0.009042588302264076,7,2
24,45,0.0034675694787795917,0.0037139402468645702,1.2711036997392557e-09,0.009042588302264076,7,2
25,45,0.003962164779004139,0.0040177117102046305,6.616829926606948e-09,0.009042588302264076,7,2
26,44,0.004918775102932774,0.00395643280615366,1.2494434915430608e-09,0.009119098844586955,7,2
27,45,0.003875145979607866,0.003907487983911948,3.392290695017708e-10,0.009042588302264076,7,2
28,47,0.004548407413598297,0.0038444112554086637,3.392290695017708e-10,0.009042588302264076,7,2
29,46,0.0045570750993621425,0.00408897302643054,3.286927278851031e-12,0.00966935206206478,7,2
30,42,0.004353316186722644,0.004309995065030397,3.392290695017708e-10,0.00969749591940997,7,2
31,44,0.004875499565436619,0.004255032556126522,3.392290695017708e-10,0.009688479916868465,7,2
32,44,0.004635640750275345,0.004296564582739681,3.392290695017708e-10,0.009940084233131845,7,2
33,45,0.005046517594238401,0.004427863743589266,3.392290695017708e-10,0.009976638981772961,7,2
34,49,0.0035325929687413994,0.0042012828780109614,1.2365293578039375e-10,0.009976638981772961,7,2
35,43,0.004899308245835149,0.004305562298555088,1.2365293578039375e-10,0.009976638981772961,7,2
36,47,0.005801539957708971,0.0041761138813788765,1.5984439813533658e-09,0.009976638981772961,7,2
37,45,0.004562924127937212,0.004445699381720276,1.4229308756719176e-09,0.010067743804715439,7,2
38,45,0.005310358325060838,0.004498842893010657,1.56693545206866e-09,0.011021752642425409,7,2
39,46,0.006173163589844776,0.004541966252293733,1.6333052277145263e-09,0.011455766167615926,7,2
40,45,0.005902869874227949,0.004863749921860632,1.5110840047812297e-10,0.011974646733862605,7,2
41,46,0.00639129627881296,0.0048864050261658454,1.5110840047812297e-10,0.011806285907884446,7,2
42,43,0.0071880501631063735,0.004890059102430903,1.3604959747208143e-08,0.011806285907884446,7,2
43,43,0.007721018275481205,0.004881909384820932,2.046763316073839e-08,0.01211207317621881,7,2
44,46,0.006994440354285917,0.005308449305514328,3.929957968418476e-08,0.012202591659383415,7,2
45,47,0.008078133681727714,0.005108770496200118,1.9053036807497046e-08,0.012211611096885719,7,2
46,45,0.008474008281396056,0.005006305782435646,6.188149070828776e-08,0.012211611096885719,7,2
47,42,0.0079799350735407,0.005247270843304235,6.188149070828776e-08,0.012211611096885719,7,2
48,45,0.007330701759901959,0.005593297733983915,1.054719275257658e-07,0.012239982595670103,7,2
49,45,0.006385139218027795,0.0057061349134878685,3.786985385427499e-08,0.012278786849649129,7,2
50,44,0.008208810497975949,0.005302779539305841,2.5229378937757434e-08,0.012278786849649129,7,2
51,45,0.006329158849178671,0.005696892357275515,1.935828596453906e-08,0.012278786849649129,7,2
52,48,0.007106958109896103,0.00549098865683873,2.395983448015228e-08,0.012365523794654517,7,2
53,46,0.009048597043497511,0.004819155593673488,1.935828596453906e-08,0.012365523794654517,7,2
54,44,0.007489167023025814,0.005154606144404349,6.623189230160763e-08,0.012365523794654517,7,2
55,48,0.007876323781440906,0.005428944251905296,5.0429449714598236e-08,0.012365523794654517,7,2
56,44,0.00662270551887883,0.005627535701188234,4.083297434074349e-08,0.012365523794654517,7,2
57,45,0.007802416158554605,0.005569036990324131,5.024456639713745e-08,0.012365523794654517,7,2
58,44,0.007648757266601616,0.005659922005765621,3.987506598697722e-08,0.012365523794654517,7,2
59,44,0.007867019847222718,0.005461893491894038,6.623189230160763e-08,0.012365523794654517,7,2
60,47,0.008637127325443328,0.005014169980573252,3.395271563988844e-08,0.012475040796250829,7,2
61,48,0.005851876206235623,0.005559645622132725,4.9892010782515544e-08,0.012371047156702683,7,2
62,43,0.00722732344391395,0.005592507448024761,3.568707927918974e-08,0.012371047156702683,7,2
63,42,0.00932582113948268,0.004849707396375468,4.9892010782515544e-08,0.012376460503046458,7,2
64,47,0.008885687161777943,0.004919718330502114,4.2771164986761917e-08,0.012619014685703709,7,2
65,47,0.006870227363375785,0.005631657543561332,1.0643532112062946e-07,0.012619014685703709,7,2
66,43,0.007564080972279936,0.005431367480546982,6.608383651577002e-08,0.012619014685703709,7,2
67,44,0.00701445530715252,0.005722687036212062,6.608383651577002e-08,0.012634989109069893,7,2
68,45,0.00784397215136122,0.005488695222578953,4.224819166904186e-08,0.012619014685703709,7,2
69,48,0.008749987493116783,0.005466393027375044,1.0300152167969956e-07,0.01265218484795523,7,2
70,43,0.009374129374989701,0.0049385454071621685,6.753372330566213e-05,0.012793273388476748,7,2
71,46,0.006838015645595548,0.005632438541881825,9.900561532440994e-09,0.012793273388476748,7,2
72,47,0.00909801304023661,0.005033285389364955,6.205307384373134e-08,0.012793273388476748,7,2
73,47,0.007183253269903794,0.005648756151353164,3.798659721543421e-08,0.012793273388476748,7,2
74,45,0.0065751095511012,0.005803047682300464,8.50766778215324e-08,0.012793273388476748,7,2
75,44,0.008838653274627708,0.005368517971627559,4.4563540507058354e-08,0.012793273388476748,7,2
76,42,0.010245245798484778,0.004409071965896773,6.205307384373134e-08,0.012793273388476748,7,2
77,48,0.007138793723819489,0.005655315736727156,1.6551627439653408e-07,0.012793273388476748,7,2
78,46,0.008000175736809653,0.005400875801930353,1.6551627439653408e-07,0.012793273388476748,7,2
79,46,0.008693959624918535,0.005493739620722817,1.2774689350099357e-07,0.012793273388476748,7,2
80,46,0.009836542643860732,0.004936286378225839,5.972213301746213e-08,0.012793273388476748,7,2
81,48,0.00894612874233943,0.005374093597450206,5.995466838333638e-08,0.012793273388476748,7,2
82,44,0.01033373557044275,0.004583632177432237,1.6551627439653408e-07,0.012793273388476748,7,2
83,45,0.009511389447476187,0.00516307293687497,6.205307384373134e-08,0.012793273388476748,7,2
84,44,0.009705232866551674,0.005061520569602424,6.205307384373134e-08,0.012793273388476748,7,2
85,45,0.008730112282673869,0.005352042372413484,6.205307384373134e-08,0.012793273388476748,7,2
86,46,0.00956881215091028,0.005252299782321842,6.985727004648869e-08,0.012793273388476748,7,2
87,44,0.010497765007147062,0.004445366426135288,1.8594805708761353e-07,0.012793273388476748,7,2
88,43,0.009257573767515837,0.005390526416302918,4.710009470012959e-05,0.012793273388476748,7,2
89,46,0.008670879636272565,0.005274082260939378,6.205307384373134e-08,0.012793273388476748,7,2
90,46,0.007764683085215485,0.005614152927145698,2.0526715365567172e-07,0.012793273388476748,7,2
91,47,0.007938895857756166,0.005857374481713888,6.205307384373134e-08,0.012793273388476748,7,2
92,44,0.00833367898502248,0.005622707727013984,6.205307384373134e-08,0.012793273388476748,7,2
93,47,0.010184201764873481,0.004697364007103226,6.388313767779427e-05,0.012793273388476748,7,2
94,46,0.009049635045149551,0.005358132477112948,4.710009470012959e-05,0.012793273388476748,7,2
95,44,0.008658220600684486,0.005501368523169904,1.6551627439653408e-07,0.012793273388476748,7,2
96,45,0.01083793882445589,0.004168330095092393,5.995466838333638e-08,0.012793273388476748,7,2
97,50,0.008870996041487543,0.005459169958177861,5.995466838333638e-08,0.012793273388476748,7,2
98,42,0.008851739699856252,0.005595527011561923,5.995466838333638e-08,0.012793273388476748,7,2
99,43,0.00923568085891289,0.005301569311293321,5.902061413823219e-08,0.012793273388476748,7,2
100,49,0.009955248604421563,0.004758369858270746,4.710009470012959e-05,0.012793273388476748,7,2
