gen,nevals,avg,stddev,min,max,run,wlasne_prawd
0,50,0.0,0.0,0.0,0.0,8,2
1,46,2.9218801219950186e-13,5.199523784265935e-13,0.0,1.2174500508312578e-12,8,2
2,50,1.1955989367608755e-10,2.724089244933527e-10,0.0,7.437258263850433e-10,8,2
3,46,9.597278329221357e-10,2.635169539115459e-09,0.0,1.3748352374274058e-08,8,2
4,46,1.33360121173389e-08,7.779395838238166e-08,0.0,5.570749821757518e-07,8,2
5,48,6.950013237929692e-07,3.926634244044618e-06,0.0,2.8002409296697917e-05,8,2
6,48,2.00253816290422e-06,6.067605117293882e-06,0.0,2.8002409296697917e-05,8,2
7,43,4.458292462334372e-06,8.800797930053564e-06,0.0,2.9682767859555085e-05,8,2
8,46,1.3195823175760896e-05,1.4648307652002992e-05,0.0,6.895441667866808e-05,8,2
9,47,2.0367761496318534e-05,1.5841918153728685e-05,0.0,6.895441667866808e-05,8,2
10,47,5.46319103882704e-05,0.00011754539911617175,4.126916282636229e-10,0.0007308209964982939,8,2
11,46,8.614337862860032e-05,0.00014827950307563442,0.0,0.0007308209964982939,8,2
12,47,0.0002037958614888089,0.00022750507142497764,0.0,0.000826574220804107,8,2
13,48,0.00033312981784200185,0.0002739088447661658,1.2174500508312578e-12,0.001302405619132007,8,2
14,49,0.00030569269761238354,0.0003750611275187843,0.0,0.001302405619132007,8,2
15,46,0.0005016040865855776,0.0004320034491625154,0.0,0.0018338650088136528,8,2
16,47,0.0006114460265786276,0.0005442733398682182,0.0,0.0019192258984721765,8,2
17,44,0.0007245157497011606,0.000597841789810582,1.2174500508312578e-12,0.0019192258984721765,8,2
18,46,0.00116419901817935,0.0006252930319077549,0.0,0.0019192258984721765,8,2
19,42,0.001179739299507187,0.0007001413289773786,1.2174500508312578e-12,0.0019192258984721765,8,2
20,44,0.0011636835748182095,0.0007991782630186984,1.2174500508312578e-12,0.001991751698932343,8,2
21,44,0.000984518404156398,0.0008208478936657987,0.0,0.0020876088781387812,8,2
22,45,0.0009777497016729086,0.0007980715495222681,0.0,0.0020876088781387812,8,2
23,43,0.0009619946493118371,0.0007817516157233161,0.0,0.0020876088781387812,8,2
24,45,0.0008458891485458777,0.0008822156251320213,0.0,0.0020876088781387812,8,2
25,45,0.0009280575923650548,0.00075620425313739,1.2174500508312578e-12,0.0020876088781387812,8,2
26,41,0.0011429841152844635,0.0007949885584254445,0.0,0.0020876088781387812,8,2
27,45,0.0010819575425038053,0.0008452894787456896,5.662606488054789e-06,0.0020876088781387812,8,2
28,44,0.0011427236584905097,0.0008949453372216302,0.0,0.0020876088781387812,8,2
29,44,0.0010591533087222452,0.0009091311073375431,0.0,0.0020876088781387812,8,2
30,44,0.001157867240850368,0.0009199326242765111,0.0,0.0020876088781387812,8,2
31,47,0.0011738912202707346,0.0009105500088272393,0.0,0.0020876088781387812,8,2
32,45,0.0012105455210553165,0.0008832783059509666,0.0,0.0020876088781387812,8,2
33,47,0.0013545879986001112,0.0008490133699723761,0.0,0.0020876088781387812,8,2
34,46,0.001439595291409514,0.0008656119660589765,1.2174500508312578e-12,0.0020876088781387812,8,2
35,48,0.0011496736526342935,0.0009333516102996036,0.0,0.0020876088781387812,8,2
36,46,0.0013748118711766103,0.0008515745218075703,0.0,0.0020876088781387812,8,2
37,46,0.0010723031278354524,0.00095494029835486,0.0,0.0020876088781387812,8,2
38,46,0.0013054890094674498,0.0008965680955506315,0.0,0.0020876088781387812,8,2
39,46,0.0009873760398239552,0.0009163684688556144,0.0,0.0020876088781387812,8,2
40,44,0.0011578544686705451,0.000913545195400703,0.0,0.0020876088781387812,8,2
41,43,0.001204792044801316,0.0008984088543128626,0.0,0.0020876088781387812,8,2
42,48,0.0012761264939091226,0.0008843763435828785,0.0,0.0020876088781387812,8,2
43,45,0.0012404517934091702,0.0009430442598198648,0.0,0.0020876088781387812,8,2
44,46,0.0012171593796375642,0.0009164425848253689,0.0,0.0020876088781387812,8,2
45,44,0.0013225697155440806,0.0008521195462816337,0.0,0.0020876088781387812,8,2
46,44,0.001174870999049745,0.0009063229770579834,0.0,0.0020876088781387812,8,2
47,40,0.001381009783166786,0.0009228367238567064,0.0,0.0020876088781387812,8,2
48,45,0.0013197216135184976,0.0009213281385202165,1.2174500508312578e-12,0.0020876088781387812,8,2
49,41,0.0013699252745526388,0.0009087746439952106,0.0,0.0020876088781387812,8,2
50,44,0.0012700824821610245,0.000877435338770683,0.0,0.0020876088781387812,8,2
51,47,0.0014561333388792353,0.000863444237800985,0.0,0.0020876088781387812,8,2
52,41,0.001436615223227488,0.0008972446160600981,0.0,0.0020876088781387812,8,2
53,39,0.001609696962366712,0.0008349996893234212,0.0,0.0020876088781387812,8,2
54,46,0.0011604368322003992,0.0009217286061497218,0.0,0.0020876088781387812,8,2
55,48,0.0010703582740894193,0.0009265457079339951,0.0,0.0020876088781387812,8,2
56,45,0.0012560496378783705,0.000938695349859238,0.0,0.0020876088781387812,8,2
57,47,0.0013785733957433247,0.0008463617881830231,0.0,0.0020876088781387812,8,2
58,43,0.0012367686747995663,0.0009511080855035985,0.0,0.0020876088781387812,8,2
59,41,0.0014157028559991327,0.0009109132346826437,0.0,0.0020876088781387812,8,2
60,45,0.0011435010157442524,0.0009497916894716811,0.0,0.0020876088781387812,8,2
61,44,0.0012358437326372273,0.0009207185041606293,0.0,0.0020876088781387812,8,2
62,40,0.0011612066070512417,0.0009622740593938486,0.0,0.0020876088781387812,8,2
63,45,0.001158948458028852,0.0009307791002657593,0.0,0.0020876088781387812,8,2
64,46,0.0015359824372966691,0.0008144079105209884,2.715154558374318e-12,0.0020876088781387812,8,2
65,45,0.0016360868719989218,0.0007830102829414491,0.0,0.0020876088781387812,8,2
66,46,0.0011077160748371826,0.000980252415535276,0.0,0.0020876088781387812,8,2
67,43,0.0013673026861190155,0.0009559445428992458,0.0,0.0020876088781387812,8,2
68,44,0.0014908507289548597,0.0008865432251335466,0.0,0.0020876088781387812,8,2
69,45,0.0013206486265201693,0.0009080844874048855,0.0,0.0020876088781387812,8,2
70,44,0.00139154646805253,0.0009046997365843494,0.0,0.0020876088781387812,8,2
71,42,0.0011963420350307801,0.0009621487279727827,0.0,0.0020876088781387812,8,2
72,48,0.0013147377135079013,0.0009428303692540559,0.0,0.0020876088781387812,8,2
73,46,0.0013835373038457177,0.0009132171173646429,0.0,0.0020876088781387812,8,2
74,46,0.0012679188874431218,0.000923798980223771,0.0,0.0020876088781387812,8,2
75,44,0.0012796377634881238,0.0009169739925494069,0.0,0.0020876088781387812,8,2
76,44,0.001543938087199992,0.0008517796198050945,0.0,0.0020876088781387812,8,2
77,45,0.0014006948940552529,0.0008469965685577235,0.0,0.0020876088781387812,8,2
78,45,0.0013820483662415142,0.0009162942127299628,0.0,0.0020876088781387812,8,2
79,47,0.001238585755907677,0.0009487237293563658,0.0,0.0020876088781387812,8,2
80,43,0.001173156694618386,0.0009588840088250568,0.0,0.0020876088781387812,8,2
81,44,0.0013896006229658963,0.0009373771985836042,0.0,0.0020876088781387812,8,2
82,45,0.00136295173494642,0.0009207787107961387,2.352162658740759e-09,0.0020876088781387812,8,2
83,47,0.0014981338828234016,0.000828334061477565,0.0,0.0020876088781387812,8,2
84,45,0.0014513409148053974,0.0008939025483643922,1.2174500508312578e-12,0.0020876088781387812,8,2
85,46,0.0013447334524516149,0.0008981819462802763,0.0,0.0020876088781387812,8,2
86,45,0.0011809901606218908,0.0009248524345803006,1.2174500508312578e-12,0.0020876088781387812,8,2
87,48,0.001181095753122485,0.0009816682385308285,0.0,0.0020876088781387812,8,2
88,47,0.0013778193678632012,0.0008812574651839259,0.0,0.0020876088781387812,8,2
89,48,0.001378659153383464,0.0008623968658336866,0.0,0.0020876088781387812,8,2
90,45,0.0010755066083289857,0.0009463833429145585,0.0,0.0020876088781387812,8,2
91,48,0.0012461670049830449,0.0009153092444554493,0.0,0.0020876088781387812,8,2
92,45,0.001267974322081012,0.0009602989150641362,0.0,0.0020876088781387812,8,2
93,45,0.001318842863287873,0.000918870444998283,0.0,0.0020876088781387812,8,2
94,48,0.0011417690008250824,0.0009689598070068622,0.0,0.0020876088781387812,8,2
95,45,0.0014859032079081644,0.0008869869797948287,0.0,0.0020876088781387812,8,2
96,46,0.0012843326081916702,0.0009401124124426763,1.2174500508312578e-12,0.0020876088781387812,8,2
97,46,0.0011895038483418319,0.0009839909583742334,0.0,0.0020876088781387812,8,2
98,47,0.0014357570022503338,0.0008939821193076221,0.0,0.0020876088781387812,8,2
99,44,0.0015101536528704428,0.0008199916415496711,0.0,0.0020876088781387812,8,2
100,44,0.001261047105713708,0.0009473900609925962,0.0,0.0020876088781387812,8,2
