gen,nevals,avg,stddev,min,max,run,wlasne_prawd
0,50,0.0,0.0,0.0,0.0,10,1
1,45,1.9479200813300125e-13,4.4632456102096584e-13,0.0,1.2174500508312578e-12,10,1
2,47,1.3828435147822312e-10,3.7998771564192204e-10,0.0,1.7157278746143797e-09,10,1
3,48,1.1579301508363152e-09,3.2125735451371608e-09,0.0,1.7699490000611355e-08,10,1
4,43,8.172281838199564e-09,2.5971037242140217e-08,0.0,1.3259090074657164e-07,10,1
5,46,3.8725478344340325e-08,7.17889045755771e-08,0.0,3.952644907205169e-07,10,1
6,48,3.366799526953954e-06,2.2768422425429956e-05,0.0,0.00016273730565426114,10,1
7,48,1.2186132199889062e-05,4.172851316725161e-05,0.0,0.0001948712234506724,10,1
8,45,2.523109573783817e-05,5.486274427944866e-05,0.0,0.0001948712234506724,10,1
9,45,3.526579368397691e-05,6.029770682892227e-05,0.0,0.0001905173218754209,10,1
10,47,7.238869353201156e-05,7.878627941200039e-05,0.0,0.00020433363287428906,10,1
11,43,0.00010209511708625855,8.324912145905968e-05,0.0,0.00021571507552820219,10,1
12,46,0.00010681253534545634,8.775799094793285e-05,3.385408581418468e-10,0.00021138912136240545,10,1
13,43,0.00012652368317143944,8.734908901218129e-05,0.0,0.00022423946015319012,10,1
14,47,0.00013060237942417934,9.518223182143233e-05,0.0,0.00023872749172849854,10,1
15,47,0.0001389969975575966,0.0001006001024124607,0.0,0.0003815114377727327,10,1
16,43,0.00015207222653383016,0.00010768260254155901,0.0,0.0003815114377727327,10,1
17,42,0.00016186778910114502,0.00011882514399635751,0.0,0.0003862089307294361,10,1
18,44,0.0002186359378554103,0.00011658528514904002,0.0,0.0003928612415683893,10,1
19,41,0.0002445509938115784,0.0001385958385247188,0.0,0.00040501849215304026,10,1
20,45,0.00019615695089327792,0.00017098826834842945,0.0,0.00040501849215304026,10,1
21,48,0.00021917253190528063,0.0001561407914991813,0.0,0.00041434846623535434,10,1
22,45,0.00025813245094098285,0.00015947824801229373,0.0,0.00046787425173347056,10,1
23,46,0.0003308189492616778,0.0004979814784650256,0.0,0.0035171457199279017,10,1
24,46,0.0004250574724650379,0.00064336961797287,0.0,0.0035171457199279017,10,1
25,48,0.00033096164983919136,0.0006620849988327083,0.0,0.0035171457199279017,10,1
26,46,0.0004865115750853401,0.0007879983995149804,0.0,0.0035171457199279017,10,1
27,45,0.0005508722455164545,0.0007227291421555499,0.0,0.0031270029143104683,10,1
28,45,0.0007712724073821589,0.0008557911752226877,0.0,0.0031270029143104683,10,1
29,45,0.0011231805124601484,0.0011663246507416828,3.351718345768811e-07,0.003534930515422477,10,1
30,47,0.0009808927955274934,0.0010653074679097896,1.7157278746135124e-09,0.0031270029143104683,10,1
31,45,0.0012074872172958054,0.001193054117789394,7.052363919437736e-07,0.0031270029143104683,10,1
32,44,0.0009375229014576881,0.0012228989069706566,8.41507607893877e-09,0.0034772106656615668,10,1
33,45,0.00116952120774228,0.0013326445201785895,1.7157278746135124e-09,0.0037015796529278637,10,1
34,45,0.0013934302021728073,0.0016258677813964857,1.7157278746143797e-09,0.007057712789135105,10,1
35,45,0.0014543932118005315,0.002091253756026567,2.6437267185768218e-08,0.007985798915742864,10,1
36,43,0.0019293374584368633,0.002476739211365451,1.7157278746145e-09,0.007985798915742864,10,1
37,45,0.0019825317710959684,0.0028562799052000314,1.7157278746143797e-09,0.007985798915742864,10,1
38,47,0.001733018676068179,0.0027309269272342376,1.5305505713165878e-08,0.007985798915742864,10,1
39,45,0.001987184609393657,0.002887820773282386,1.7157278746143797e-09,0.008029986507211996,10,1
40,48,0.0018513527765563085,0.0029341061386305525,1.031963161988244e-09,0.008029986507211996,10,1
41,47,0.002062108371241517,0.002945950933597019,1.031963161988244e-09,0.008029986507211996,10,1
42,43,0.0024700447959912007,0.003234028593736257,1.031963161988244e-09,0.008029986507211996,10,1
43,46,0.0018478520193676799,0.003123822777238126,1.7157278746143797e-09,0.008029986507211996,10,1
44,47,0.0020910098921837882,0.0032605106193739977,1.031963161988244e-09,0.008442018035258993,10,1
45,43,0.00229124861467428,0.0033961960813164984,6.760342804631457e-10,0.008442018035258993,10,1
46,46,0.001809361592161827,0.002977784024396116,6.760342804631457e-10,0.008442018035258993,10,1
47,46,0.0017363300412021007,0.0028970876593871465,6.760342804631457e-10,0.008442018035258993,10,1
48,41,0.002293772123629658,0.0032311741124672138,1.035063661266823e-09,0.008442018035258993,10,1
49,43,0.003207436014087017,0.003469097410423647,1.031963161988244e-09,0.008442018035258993,10,1
50,44,0.0041746609149061874,0.003949800405754427,1.7157278746135124e-09,0.008442018035258993,10,1
51,42,0.004484808096654298,0.0039430588906007565,2.468899316561863e-07,0.008442018035258993,10,1
52,42,0.003963010289397285,0.004095481560036442,1.7157278746143797e-09,0.008442018035258993,10,1
53,45,0.00442106819642514,0.0040684773811659955,9.738519434239154e-09,0.008442018035258993,10,1
54,46,0.0038788595936888517,0.004059412704189083,1.7157278746143797e-09,0.00860272909107945,10,1
55,42,0.005502923190754726,0.00383291484869137,1.7157278746143797e-09,0.00860272909107945,10,1
56,46,0.005850763873489245,0.003786960168072898,2.6440674353931215e-08,0.00860272909107945,10,1
57,45,0.0049310064797571385,0.004063770958201613,1.7157278746143797e-09,0.00860272909107945,10,1
58,47,0.004559709690008179,0.004161691367612645,1.7157278746143797e-09,0.00860272909107945,10,1
59,46,0.004272012797039874,0.004091211098154016,1.7157278746143797e-09,0.00860272909107945,10,1
60,39,0.004882643558829773,0.003911320250829652,2.6440674353931215e-08,0.00860272909107945,10,1
61,48,0.004393271481896835,0.004120827934664275,1.7157278746143797e-09,0.00860272909107945,10,1
62,46,0.00437517499618181,0.004199567165686079,8.411327354305684e-09,0.00860272909107945,10,1
63,44,0.005026952374984811,0.004049889520673988,3.0757881463486024e-07,0.00860272909107945,10,1
64,48,0.004553863444743871,0.004178112275006044,2.6440674353931215e-08,0.00860272909107945,10,1
65,47,0.004005915663637161,0.0040988393454512015,1.7157278746143797e-09,0.00860272909107945,10,1
66,45,0.004187820377781241,0.004029246946446174,1.7157278746143797e-09,0.00860272909107945,10,1
67,45,0.004983018645196077,0.004074204696672447,1.7157278746143797e-09,0.00860272909107945,10,1
68,41,0.004862307483185117,0.00402133418360664,8.411327354305684e-09,0.00860272909107945,10,1
69,46,0.004882789441429261,0.004047224652513119,8.411327354305684e-09,0.00860272909107945,10,1
70,44,0.004873879337403261,0.00403961419284031,5.2102012522190984e-08,0.00860272909107945,10,1
71,44,0.004937964171728921,0.004078024755701619,1.7157278746143797e-09,0.00860272909107945,10,1
72,45,0.005830037265488246,0.003807426820847611,7.373169571204305e-08,0.00860272909107945,10,1
73,44,0.005048126031659696,0.004063496473545728,2.6440674353931215e-08,0.008624317763556747,10,1
74,50,0.00493179156344879,0.004096986704494209,1.7157278746143797e-09,0.008624317763556747,10,1
75,44,0.004941137125979922,0.004120080606206798,1.7157278746143797e-09,0.008624317763556747,10,1
76,45,0.00434257374959145,0.0041021003071820645,1.7157278746143797e-09,0.008624317763556747,10,1
77,47,0.004730731652210124,0.00395816959955648,9.829635651470335e-09,0.008624317763556747,10,1
78,45,0.0051010801982425994,0.003967426373083945,8.411327354305684e-09,0.008624317763556747,10,1
79,47,0.004717272765230717,0.0040441559247053555,1.7157278746143797e-09,0.008624317763556747,10,1
80,46,0.0037549694291989246,0.004002103443243368,2.6440674353931215e-08,0.008624317763556747,10,1
81,49,0.003916609522987503,0.003929600218912214,2.6440674353931215e-08,0.008624317763556747,10,1
82,42,0.004711016720346456,0.00406011611773557,9.829635651470335e-09,0.008624317763556747,10,1
83,46,0.005569358052358189,0.003952196488297318,1.7157278746143797e-09,0.008624317763556747,10,1
84,46,0.005465031708096143,0.00403963300917055,9.829635651470335e-09,0.008624317763556747,10,1
85,47,0.004523445543848081,0.003998483219484728,1.7157278746143797e-09,0.008624317763556747,10,1
86,46,0.004924397247100749,0.004177292631577998,1.7157278746143797e-09,0.008624317763556747,10,1
87,45,0.004280178607626539,0.004183587667012002,9.829635651470335e-09,0.008624317763556747,10,1
88,44,0.0046898517519742625,0.004016289022353532,2.7581122809580346e-08,0.008624317763556747,10,1
89,46,0.004952706234139899,0.004003143816626846,9.829635651470335e-09,0.008624317763556747,10,1
90,45,0.004945975672991602,0.0040689466968893626,7.373169571204305e-08,0.008624317763556747,10,1
91,46,0.004991877627946356,0.004123897180343636,9.829635651470335e-09,0.008624317763556747,10,1
92,46,0.005190369105592139,0.004019563017210679,7.373169571204305e-08,0.008624317763556747,10,1
93,44,0.005795061456367497,0.003926263586173965,2.6440674353931215e-08,0.008624317763556747,10,1
94,44,0.005688597248398596,0.003923468458886817,1.7157278746143797e-09,0.008624317763556747,10,1
95,45,0.00648665725979118,0.003584940380137901,9.829635651470335e-09,0.008624317763556747,10,1
96,43,0.005177009102927003,0.0041108708377100445,1.7157278746143797e-09,0.008624317763556747,10,1
97,47,0.004957461787825326,0.003920986334238424,3.023506793959499e-08,0.008624317763556747,10,1
98,47,0.005047537281600449,0.003907386314185292,1.7157278746143797e-09,0.008624317763556747,10,1
99,44,0.005514260168941851,0.004003194403585533,7.373169571204305e-08,0.008624317763556747,10,1
100,50,0.006053970460333118,0.003815030515102375,9.829635651470335e-09,0.008624317763556747,10,1
