gen,nevals,avg,stddev,min,max,run,wlasne_prawd
0,50,0.0,0.0,0.0,0.0,8,0
1,46,2.6783901118287667e-13,5.043241833064977e-13,0.0,1.2174500508312578e-12,8,0
2,46,1.2482861786975482e-10,4.160693061408814e-10,0.0,1.715727874615181e-09,8,0
3,42,1.2168420061270942e-09,2.8331199870294538e-09,0.0,1.3724172456133586e-08,8,0
4,46,2.1634647510347092e-07,1.490096282997145e-06,0.0,1.0646952437300004e-05,8,0
5,47,2.2800456328935668e-07,1.4890733964529129e-06,0.0,1.0646952437300004e-05,8,0
6,45,9.55297365675747e-07,2.8614897179692707e-06,8.197384013035546e-13,1.0646952437300004e-05,8,0
7,43,2.0042639412673107e-05,7.160192662820947e-05,0.0,0.0003728195615074535,8,0
8,45,5.587427910162542e-05,0.00012654490144127457,0.0,0.0005186668202307076,8,0
9,44,0.00011785024185867284,0.00016986769883747701,0.0,0.0005186668202307076,8,0
10,43,0.0002507000389917388,0.00018699567560928756,0.0,0.0005186668202307076,8,0
11,43,0.000326575615662195,0.00018367605033059993,7.176557621131247e-08,0.0006497240151523236,8,0
12,47,0.0003726192202879764,0.0001660567092981675,0.0,0.0006497240151523236,8,0
13,41,0.0003404117779136423,0.0002068709154244291,0.0,0.0006203032277623988,8,0
14,46,0.00042798766618573706,0.00020661434012854388,0.0,0.0006747479772026346,8,0
15,47,0.00047655205629492785,0.0002950978968464949,0.0,0.0017536795793283652,8,0
16,43,0.0005617883260081259,0.00046221427974355635,0.0,0.0022124747704827296,8,0
17,46,0.000795672196299342,0.000636200997132931,0.0,0.0022124747704827296,8,0
18,48,0.0011122685437397388,0.0007257734525757277,6.4371846057656045e-09,0.0018904608493921654,8,0
19,45,0.0013896697610771363,0.0006509209647812787,6.4371846057656045e-09,0.0018904608493921654,8,0
20,45,0.0013178805389657264,0.0007418386037733253,1.1934486765207651e-08,0.0019700348022212125,8,0
21,44,0.0014704881595480224,0.000625358007289549,6.4371846057656045e-09,0.0019788539902740017,8,0
22,46,0.0013156938362327883,0.0007884833639522181,0.0,0.002217805330880815,8,0
23,46,0.0014783192131673012,0.0006993584581415219,0.0,0.002042881999945768,8,0
24,47,0.0014391860300933875,0.0007883310026323324,6.4371846057656045e-09,0.002057383951678633,8,0
25,46,0.001349599629755585,0.0008947144005162212,1.193449138414063e-08,0.002057383951678633,8,0
26,45,0.0012606461069650716,0.0009452804408692346,0.0,0.002063371444699979,8,0
27,46,0.0013496445118246362,0.0008808640823045775,0.0,0.002057383951678633,8,0
28,44,0.0014373688406990929,0.0008653872385592716,0.0,0.002048796085808605,8,0
29,45,0.0015139827412980465,0.0007913668325905817,1.193449103050041e-08,0.002048796085808605,8,0
30,44,0.0014934040499332787,0.0008263679327657697,6.4371846057656045e-09,0.002057973719309026,8,0
31,44,0.0014788233751031512,0.0008418051939888586,0.0,0.0020607960859744465,8,0
32,46,0.0015499447107720898,0.0008122103458448422,1.1934488667053965e-08,0.0020607960859744465,8,0
33,42,0.0017086078584814379,0.0006921304495153942,6.4371846057656045e-09,0.0020607960859744465,8,0
34,41,0.001797141171813315,0.0006452934670499735,1.1970889797641731e-08,0.0020607960859744465,8,0
35,45,0.0015947156162372858,0.0008290330205243437,0.0,0.002064217833295644,8,0
36,46,0.0016958174736708962,0.0007312479112590096,6.157099773396343e-09,0.0020733926940974573,8,0
37,43,0.0018680699883202023,0.0005032498426215357,0.0,0.0020754660464635294,8,0
38,47,0.0015904482899976584,0.0008320090596255027,0.0,0.0020754660464635294,8,0
39,48,0.0017194569496356937,0.000711352557279996,0.0,0.0020754660464635294,8,0
40,42,0.001868901984125479,0.0005614465999138808,1.1970889797641731e-08,0.0021820044890097064,8,0
41,42,0.0016587505718175552,0.0007859907492813167,1.94850097460115e-08,0.0022925186549027734,8,0
42,45,0.0017523182170688018,0.0007787114704147287,0.0,0.0022925186549027734,8,0
43,44,0.0016381946656514662,0.0009210023760408982,0.0,0.0025727708041659936,8,0
44,46,0.0016459187932384436,0.0009351486777083211,0.0,0.0026209966570522893,8,0
45,46,0.0017259424114000204,0.0009831499794044501,1.5608656080871947e-08,0.0026209966570522893,8,0
46,45,0.0017929029895284107,0.001017381490618925,0.0,0.0026209966570522893,8,0
47,47,0.002053479896635251,0.0007370825599495597,0.0,0.0026209966570522893,8,0
48,43,0.0020226549897270113,0.0008533048947594591,8.45120967575484e-09,0.0026209966570522893,8,0
49,43,0.0016662460651313679,0.0011162235001195917,0.0,0.0026209966570522893,8,0
50,46,0.002172212000100235,0.0007807449856783824,0.0,0.0026209966570522893,8,0
51,46,0.0017980350560209682,0.001035437099691049,0.0,0.002729901818500949,8,0
52,46,0.0018465073399215528,0.0009630693651749356,0.0,0.002729901818500949,8,0
53,43,0.002102663265550742,0.0007916704819011507,2.221629686512131e-07,0.002729901818500949,8,0
54,42,0.002103226473579736,0.0008086784496718401,8.3044398046893e-09,0.002729901818500949,8,0
55,47,0.0017340748343101522,0.0011371698604688396,8.307939400985296e-09,0.002789823769199982,8,0
56,44,0.001890753291343465,0.001076137398135997,1.5609222917670597e-08,0.00281895686535892,8,0
57,45,0.0020434511701003734,0.00101422123913485,0.0,0.0028236825480074034,8,0
58,41,0.0019816348184308425,0.0011240213280068227,0.0,0.002889383859474335,8,0
59,45,0.001710000273157698,0.0012673351421148551,1.5609222917670597e-08,0.002889383859474335,8,0
60,46,0.0019908892298444426,0.0011817603052415029,1.5609222917670597e-08,0.002889383859474335,8,0
61,44,0.0023293246504360304,0.0009324273733851055,0.0,0.002889383859474335,8,0
62,46,0.0019931501945426103,0.0011033331915737733,0.0,0.002889383859474335,8,0
63,47,0.001795699757566474,0.0012263527771584218,0.0,0.002889383859474335,8,0
64,45,0.0021888320021786257,0.001084920444337683,0.0,0.002889383859474335,8,0
65,45,0.0019480545947586226,0.0011920851008112726,0.0,0.002889383859474335,8,0
66,45,0.0020786017906424363,0.0011258624865296161,1.5609222917670597e-08,0.002889383859474335,8,0
67,46,0.0019437389891014032,0.0012011665471135368,1.5609222917670597e-08,0.0028900787595063475,8,0
68,48,0.002184840820095208,0.0010818306434136774,3.425712224926102e-09,0.0028900787595063475,8,0
69,43,0.0019820883869965224,0.0012202694610145672,1.3101955915399696e-08,0.0028900787595063475,8,0
70,46,0.0018052377847249043,0.0012791949781101994,0.0,0.0028900787595063475,8,0
71,46,0.0017391428431634377,0.001230949109967628,1.5609222917670597e-08,0.0028900787595063475,8,0
72,47,0.0021020746046796117,0.0010551821410506492,0.0,0.003518994810641478,8,0
73,39,0.0019094362765816044,0.0013762448509126992,0.0,0.0037985927442382,8,0
74,45,0.002471556374802469,0.0012803135804855766,0.0,0.003847411416869314,8,0
75,48,0.002565824615900829,0.0014372434829918242,8.522480729257192e-09,0.003873028297466663,8,0
76,44,0.002596639627294203,0.001665539063175255,1.7005021409432656e-09,0.0038921266527409044,8,0
77,41,0.003026992245124691,0.0014369911614198864,1.4048860817027002e-09,0.0038921266527409044,8,0
78,44,0.0029577051910382296,0.0014989124208262337,0.0,0.0038921266527409044,8,0
79,48,0.0031168124205141288,0.0012942621291339711,0.0,0.003899907967293569,8,0
80,45,0.002630354575537948,0.0016602308558039739,0.0,0.0038921266527409044,8,0
81,42,0.002845354791842352,0.0015985915378729074,8.522480729257192e-09,0.0038921266527409044,8,0
82,46,0.0028032260099430384,0.0015584499908619838,0.0,0.0038921266527409044,8,0
83,45,0.002175946497837619,0.0016845975552333319,0.0,0.0038921266527409044,8,0
84,46,0.0030385476867689277,0.0013339877189807482,0.0,0.0038921266527409044,8,0
85,46,0.003320136995370038,0.0011286542087120648,8.522480729257192e-09,0.003947641534865158,8,0
86,40,0.0032573094017749426,0.0011889011886828404,8.522480729257192e-09,0.003947641534865158,8,0
87,44,0.003020702641063353,0.0013842170743006829,8.522480729257192e-09,0.003947641534865158,8,0
88,46,0.0027652610738279314,0.0016669896168969715,0.0,0.003947641534865158,8,0
89,46,0.0029268285419198335,0.001536771215788971,0.0,0.003947641534865158,8,0
90,46,0.002906344744506607,0.0015868874373197316,0.0,0.003947641534865158,8,0
91,48,0.0035000360888444537,0.001012505597784928,0.0,0.003947641534865158,8,0
92,46,0.003578034286389329,0.0008682460854553907,4.785009794614225e-08,0.003947641534865158,8,0
93,46,0.003221157622334768,0.0012800768775737817,4.784860267221819e-08,0.003947641534865158,8,0
94,44,0.0030861751463028436,0.0013950446516688738,8.52353223843146e-09,0.003947641534865158,8,0
95,42,0.003288222726557603,0.0012632908351496715,0.0,0.003947641534865158,8,0
96,45,0.0029900359584801926,0.0015968805926198325,1.4048860803452762e-09,0.003947641534865158,8,0
97,47,0.003352299339110778,0.0011866540654527913,1.4048860803452762e-09,0.003947641534865158,8,0
98,45,0.0033325769570611706,0.0011866329063441512,4.303633597408707e-07,0.003947641534865158,8,0
99,44,0.002991215340366686,0.001601325591610803,0.0,0.003947641534865158,8,0
100,43,0.0032143224935567054,0.0014358129806523144,0.0,0.003950963267381236,8,0
