gen,nevals,avg,stddev,min,max,run,wlasne_prawd
0,50,0.0,0.0,0.0,0.0,10,3
1,47,1.704430071163761e-13,4.224393790862678e-13,0.0,1.2174500508312578e-12,10,3
2,42,1.4927554704102898e-10,2.9722766739121724e-10,0.0,7.437258263850433e-10,10,3
3,44,6.962078525497617e-10,1.9170745384598818e-09,0.0,1.3748352374274058e-08,10,3
4,43,1.8791851817930155e-08,1.0768195784027636e-07,0.0,7.689578955360843e-07,10,3
5,46,7.869216557648946e-08,1.9585678683888997e-07,0.0,9.657226043014806e-07,10,3
6,45,1.844167093459975e-06,1.146707273234169e-05,0.0,8.126599546553e-05,10,3
7,44,1.5516992304188202e-05,6.427991915739488e-05,0.0,0.0003900545053129648,10,3
8,46,5.356557927305913e-05,0.00011778073940777454,0.0,0.0003900545053129648,10,3
9,42,0.00011664989041909749,0.0001517552989814922,7.909430741222584e-19,0.0006379691543933801,10,3
10,45,0.00015983749427001925,0.0001766702069300529,7.909430741222584e-19,0.0006379691543933801,10,3
11,48,0.00017601864705859196,0.00022894466439342645,0.0,0.0009872041448366208,10,3
12,46,0.00025918659545377863,0.00028442079632861103,0.0,0.0009872041448366208,10,3
13,46,0.00024755028833959425,0.00029241389263218675,0.0,0.0008201682954113074,10,3
14,45,0.00040850653356146855,0.00031334825218071736,7.707376403764953e-19,0.0008914403538055589,10,3
15,45,0.00056181930037427,0.0002842470079057871,0.0,0.0008914403538055589,10,3
16,42,0.0006143128697000029,0.00033192191554469404,0.0,0.0009009965177506375,10,3
17,44,0.0006068468148221388,0.00036306675746590217,0.0,0.0009013894094684465,10,3
18,44,0.0006902269464788988,0.00032971165520135915,0.0,0.0009722833147657182,10,3
19,45,0.0007233451383060745,0.00031059052676215236,2.235904472589279e-08,0.0012312694465125402,10,3
20,46,0.0006440124790246522,0.0003445980186255273,0.0,0.0010133723807204402,10,3
21,42,0.0006586852760466395,0.000350941308307045,2.5173492322430362e-08,0.0011097269013347324,10,3
22,48,0.0007093394037380729,0.00034616948041323324,2.0123749914785076e-08,0.0011117139715468316,10,3
23,41,0.0007289461013221179,0.00037563900003177416,0.0,0.0012312694465125402,10,3
24,45,0.0006085497711679428,0.00045164733906678643,0.0,0.001138691521647187,10,3
25,44,0.0006804713201827404,0.00041361549631597133,0.0,0.001162411199664731,10,3
26,42,0.0006923588511034977,0.00046603071958984093,0.0,0.001266159605122925,10,3
27,45,0.0006576986262104346,0.0004392659761255041,0.0,0.001266159605122925,10,3
28,46,0.0006052172869776374,0.0005116152123578019,0.0,0.001266159605122925,10,3
29,44,0.0006969278209144306,0.0005745446147588278,0.0,0.0024643747816753374,10,3
30,45,0.000701768158871683,0.00062118483274812,0.0,0.0024643747816753374,10,3
31,48,0.0006584171643293211,0.0007354125056735827,0.0,0.0024643747816753374,10,3
32,44,0.0011713328246197683,0.0009154740865109561,5.608827041687307e-08,0.0037678090272777027,10,3
33,46,0.0014079295550406574,0.0012477929948436887,1.116145643253366e-06,0.004470388267908361,10,3
34,44,0.0017807249319670762,0.0014135953362746094,1.779966617375322e-07,0.004668980062295794,10,3
35,46,0.002010681300669343,0.0016087566978120005,2.9198579320586523e-08,0.004668980062295794,10,3
36,45,0.002272819399956889,0.0018431776084875953,2.2561966410469103e-07,0.004815395683481459,10,3
37,43,0.0023431211219436155,0.00189103449127222,1.7040714351272669e-06,0.004828583721180304,10,3
38,46,0.002697526064302212,0.0018839803631275553,2.3026168714436463e-06,0.004828583721180304,10,3
39,43,0.0023322023999168325,0.0020921467834837462,5.608827041687307e-08,0.004916984974604672,10,3
40,43,0.0030936871493062275,0.001982358187235472,1.5750339409672759e-06,0.004916984974604672,10,3
41,45,0.00323843182564441,0.0020299909745802778,5.606814830692112e-08,0.004916984974604672,10,3
42,47,0.0024307705231859556,0.0022246031415025075,1.8517832790037015e-06,0.0049564492507513476,10,3
43,44,0.003191557073461278,0.0020297087042728877,3.861401995752379e-06,0.0051166404677200315,10,3
44,44,0.0036049013104378995,0.0019672197512365474,9.978506268421134e-07,0.005118849515842235,10,3
45,44,0.0024789012285485485,0.0022110183208652475,1.5623280078683372e-06,0.005159537049954089,10,3
46,42,0.0024277983919273453,0.002003863946250258,1.7339143465999619e-06,0.004987443818254728,10,3
47,43,0.00233285522329347,0.0021768427291921095,1.052555992071473e-06,0.005127073337179395,10,3
48,46,0.0027648230412852235,0.0021919316263062302,3.255565088137719e-08,0.0051559986308902205,10,3
49,47,0.002885832977407034,0.0022510366688399254,8.840789863546529e-08,0.0051559986308902205,10,3
50,43,0.0034422580489858246,0.0021364137819351657,8.840789863546529e-08,0.005295517030460503,10,3
51,43,0.0027960861855932206,0.0023427517212100653,2.9214446453327643e-06,0.005295517030460503,10,3
52,42,0.00287146447677331,0.0023152236653216913,8.581132258022123e-07,0.005295517030460503,10,3
53,47,0.0027034943067233345,0.0022927598982140146,1.5504427041226831e-06,0.005295517030460503,10,3
54,46,0.0031682902251254923,0.0022508996129826935,5.6017694282468886e-08,0.005295517030460503,10,3
55,44,0.0034897457654108656,0.0022729066063325487,2.542773188371603e-06,0.005352682711911624,10,3
56,42,0.003662727212713802,0.002092779456769286,1.9254177032593515e-06,0.005352682711911624,10,3
57,44,0.0033957533547357105,0.0022549932897375814,2.4233847907192047e-06,0.005352682711911624,10,3
58,45,0.0033696629443202924,0.0022961190948780634,2.5612984792648245e-06,0.005352682711911624,10,3
59,45,0.0029120581187799654,0.0023052438591179814,1.5504427041226831e-06,0.005352682711911624,10,3
60,48,0.0036492281537222854,0.0021177991032560093,2.4233847907192047e-06,0.005352682711911624,10,3
61,49,0.003436802978302869,0.002297566887863642,1.5784123453042015e-06,0.005352682711911624,10,3
62,46,0.00331601082839136,0.002338770288533325,1.3105896903127653e-06,0.005352682711911624,10,3
63,46,0.0035889091895003355,0.0022747990627070324,3.041608184490121e-08,0.005352682711911624,10,3
64,46,0.003395266041423468,0.002232267493541708,2.542773188371603e-06,0.005352682711911624,10,3
65,45,0.0029230457981570756,0.0024778292041695957,3.041608184490121e-08,0.005352682711911624,10,3
66,47,0.003594264394679677,0.002356058499774924,3.041608184490121e-08,0.005603324985188939,10,3
67,44,0.0030765501405445534,0.002496820948511897,3.041608184490121e-08,0.005603324985188939,10,3
68,46,0.0036509988961540745,0.002216948939988691,3.87907431730276e-06,0.005603324985188939,10,3
69,39,0.003659338742329837,0.0023769973044047207,2.0972177380522143e-06,0.005603324985188939,10,3
70,44,0.003893902734820094,0.002287291522432518,2.046414817732614e-06,0.005603324985188939,10,3
71,42,0.0039241894549459,0.0021859028369165794,2.0375111725471264e-06,0.005603324985188939,10,3
72,43,0.003579629820267284,0.0024413920018683793,3.041608184490121e-08,0.005603324985188939,10,3
73,44,0.00335377255881738,0.0024501904249838026,3.041608184490121e-08,0.005603324985188939,10,3
74,44,0.0034701785079948484,0.0024496913694255083,1.8300433191720762e-06,0.005603324985188939,10,3
75,43,0.003581256665078356,0.002363963094505619,1.8300433191720762e-06,0.005603324985188939,10,3
76,41,0.0036073783555390015,0.002416814746188731,2.5332039043280198e-06,0.005603324985188939,10,3
77,44,0.003463183839352201,0.0024014345218117926,3.041608184490121e-08,0.005603324985188939,10,3
78,43,0.003974004464337192,0.0023306917747321575,3.041608184490121e-08,0.005603324985188939,10,3
79,44,0.0030911923436502575,0.0024950924596364044,2.399830594496768e-06,0.005603324985188939,10,3
80,46,0.00394144619256134,0.0022801399272873745,3.411861625185479e-06,0.005603324985188939,10,3
81,47,0.0028665409009530113,0.0024729587629179085,2.0375111725471264e-06,0.005603324985188939,10,3
82,45,0.0037155082178022885,0.0023793228707350844,3.041608184490121e-08,0.005603324985188939,10,3
83,44,0.003625685399766781,0.0025045674720086167,1.965044365705535e-06,0.005603324985188939,10,3
84,43,0.003932303769601101,0.002294418556241744,1.8300433191720762e-06,0.005603324985188939,10,3
85,44,0.004043894795550712,0.0022706266595437755,2.0972177380522143e-06,0.005603324985188939,10,3
86,47,0.0033114532359997105,0.0025624165576216386,2.399830594496768e-06,0.005603324985188939,10,3
87,45,0.003020495576181717,0.0025508430098392034,3.041608184490121e-08,0.005603324985188939,10,3
88,46,0.003079362069066788,0.0025392449659916395,2.959854500075372e-06,0.005603324985188939,10,3
89,38,0.0042697887210009925,0.0019648697987730106,4.003961065968759e-06,0.005603324985188939,10,3
90,44,0.0036975741753253978,0.0022938673545089406,1.8300433191720762e-06,0.005603324985188939,10,3
91,42,0.003446297903472123,0.0024704589557734613,3.041608184490121e-08,0.005603324985188939,10,3
92,46,0.003491209778174728,0.002457139221263085,1.965044365705535e-06,0.005603324985188939,10,3
93,41,0.0035221594387910677,0.0025894388449818053,2.5332039043280198e-06,0.005603324985188939,10,3
94,46,0.003338882079010936,0.0024354525757236713,3.041608184490121e-08,0.005603324985188939,10,3
95,43,0.003643019495204682,0.0024702273585102508,3.041608184490121e-08,0.005603324985188939,10,3
96,50,0.003501566679474526,0.0023693060392753493,2.0972177380522143e-06,0.005603324985188939,10,3
97,46,0.0035489842589840155,0.002453612152164697,2.0375111725471264e-06,0.005603324985188939,10,3
98,45,0.0033929856184477013,0.0024724810691972303,1.8300433191720762e-06,0.005603324985188939,10,3
99,45,0.003837400315556213,0.0023211858629092,1.8300433191720762e-06,0.005603324985188939,10,3
100,44,0.0035062787289156867,0.0024667093035411554,2.0375111725471264e-06,0.005603324985188939,10,3
