gen,nevals,avg,stddev,min,max,run,wlasne_prawd
0,50,0.0,0.0,0.0,0.0,2,2
1,46,2.9218801219950186e-13,5.199523784265936e-13,0.0,1.2174500508312578e-12,2,2
2,47,2.4378555224498894e-10,4.666522594078695e-10,0.0,1.715727874615181e-09,2,2
3,46,1.3480979732038157e-09,3.1166398784850026e-09,0.0,1.7699490000611355e-08,2,2
4,41,5.575440237432349e-09,1.8814848538956805e-08,0.0,1.3259090074657164e-07,2,2
5,45,1.8850440868805547e-08,4.1301864879755773e-08,0.0,1.3259090074657164e-07,2,2
6,45,3.5925555918030085e-07,2.1322391687824428e-06,0.0,1.5274247887551455e-05,2,2
7,47,2.1151014241505143e-06,4.783829012813197e-06,0.0,1.574247195525999e-05,2,2
8,41,6.802495776586387e-06,8.481605874097877e-06,0.0,2.7348547232576703e-05,2,2
9,40,1.4888572587106601e-05,1.0706192856808962e-05,0.0,4.764452420593687e-05,2,2
10,43,2.2567438992265973e-05,1.0724565407525427e-05,2.1813884172086294e-10,4.375539235450412e-05,2,2
11,45,2.198151008867828e-05,1.3427652533286372e-05,2.1813884172086294e-10,4.375539235450412e-05,2,2
12,49,2.9554132866409446e-05,1.6871786072034557e-05,1.7669597610073852e-08,9.602448856742656e-05,2,2
13,45,3.391173578413669e-05,1.510205569482326e-05,2.537665397013422e-10,6.21267096976093e-05,2,2
14,46,3.444570940675754e-05,2.0710606316265756e-05,0.0,6.665735550861558e-05,2,2
15,46,3.721752484978376e-05,2.4545952477721036e-05,0.0,6.666009252339497e-05,2,2
16,46,5.372241157334154e-05,1.875189530046186e-05,3.26065599084609e-08,9.272338468940678e-05,2,2
17,46,5.4600708289385854e-05,2.6161537768821267e-05,3.260107314202661e-08,9.272338468940678e-05,2,2
18,43,6.892984067644575e-05,2.0956122724313663e-05,3.260655648840194e-08,9.998185360560865e-05,2,2
19,40,7.367964568224852e-05,3.2638764354706456e-05,2.1068792549346346e-08,9.998738922253261e-05,2,2
20,44,7.153229171839078e-05,4.168721302216947e-05,1.5387428077297528e-10,0.00016211653168680268,2,2
21,48,6.414933459142844e-05,4.6174028402571475e-05,5.200978793229733e-10,0.00013605479273169117,2,2
22,49,7.924412217994375e-05,4.303123955575895e-05,7.93597580756659e-09,0.00019798631653877643,2,2
23,45,7.781903879211964e-05,5.2901366455697256e-05,0.0,0.00020990969415875084,2,2
24,44,8.537722069558865e-05,6.63686054123036e-05,5.200978793229733e-10,0.00020990969415875084,2,2
25,48,0.00011791807261324128,7.70833097050658e-05,5.548564667008894e-10,0.00020990969415875084,2,2
26,42,0.00012988695129270635,9.07325805884835e-05,1.5370471244923856e-10,0.0002108932102792434,2,2
27,47,0.0001148694760061673,9.835256055306852e-05,4.201420354034036e-13,0.0002108932102792434,2,2
28,41,0.00013659639255790204,9.314693731934369e-05,1.5370471244923856e-10,0.00021340995224374833,2,2
29,45,0.00015399341573474473,8.075746293436752e-05,7.104872053087607e-10,0.00021340995224374833,2,2
30,46,0.0001523116649720986,8.025498471440729e-05,6.485141319328873e-10,0.00022084704210858431,2,2
31,45,0.00017890832216670662,6.271611132167073e-05,1.190057023441232e-08,0.00022084704210858431,2,2
32,47,0.00014968451164994894,8.95357799112156e-05,4.313135990214603e-10,0.00022090143021440793,2,2
33,48,0.0001626153513987821,7.972145750151244e-05,4.3131359902189087e-10,0.00022084704210858431,2,2
34,45,0.00013646002450242294,9.334378174343079e-05,5.428025963751745e-10,0.00022970753657625923,2,2
35,43,0.0001391429893186832,8.803598939048812e-05,4.313135990214603e-10,0.00023881992054670067,2,2
36,43,0.00015677645042447207,8.557015478998909e-05,9.428728895556279e-09,0.00023881992054670067,2,2
37,48,0.0001508125691158884,9.031984534845817e-05,4.313135990214603e-10,0.00023881992054670067,2,2
38,49,0.00015188025304936064,9.77409770293977e-05,4.313135990214603e-10,0.00024005984869768997,2,2
39,47,0.0001886447480677478,7.620556177346848e-05,1.2478991263027407e-09,0.00023972475985911093,2,2
40,46,0.00014948727797251684,0.0001034730241850707,2.5016956581806565e-10,0.00023881992054670067,2,2
41,45,0.00017791755507359783,8.663288810349367e-05,8.315408871936216e-10,0.00023881992054670067,2,2
42,44,0.00017043582342504771,8.964568133236943e-05,6.81703522470368e-11,0.00024154115937657017,2,2
43,41,0.00016346912441517826,9.172916797063275e-05,8.315408871936216e-10,0.00024154115937657017,2,2
44,46,0.0001793745903719034,8.723661643312823e-05,5.241487831264509e-10,0.0002507073597942507,2,2
45,45,0.0001660688328583217,9.640317232735293e-05,8.315408871937951e-10,0.00025497375523389623,2,2
46,44,0.00019323836486275902,8.670675937347273e-05,9.775419265594628e-10,0.00026213696159086086,2,2
47,42,0.0001577886542172147,0.00010851754817900439,6.808857881194863e-11,0.00026213696159086086,2,2
48,46,0.00019766569225986748,8.277089847898741e-05,9.775419265594628e-10,0.00026213696159086086,2,2
49,49,0.00018125444290956075,9.345787024367211e-05,4.940114672235654e-10,0.00026213696159086086,2,2
50,44,0.00017013786842297478,0.00010808595499136593,7.449358454591291e-11,0.00026213696159086086,2,2
51,47,0.00019637890708256272,8.776473789276875e-05,7.449358454591291e-11,0.00026213696159086086,2,2
52,44,0.00018120933866289882,0.00010297085976818377,7.449358454591291e-11,0.00026346384364435237,2,2
53,49,0.000192313122062352,9.557020033495755e-05,3.999424466320282e-10,0.00026346384364435237,2,2
54,45,0.00019074209613465775,9.572307019944834e-05,7.449358454591291e-11,0.0002646263972222556,2,2
55,44,0.00018183629540606845,9.676024301517979e-05,7.449358454591291e-11,0.0002646263972222556,2,2
56,44,0.0002060000808555017,8.856507373894169e-05,1.1868297780628944e-09,0.0002646263972222556,2,2
57,46,0.00020661690400507508,9.060689335443588e-05,6.078793924026528e-09,0.00026581801653994744,2,2
58,41,0.00022340578537309266,7.2087536276449e-05,1.0000108257034346e-07,0.0002646263972222556,2,2
59,49,0.0002176538146369919,8.273470217826872e-05,7.449358454591291e-11,0.0002646263972222556,2,2
60,40,0.00021064415420974758,8.7027591147016e-05,4.202534139794341e-10,0.0002646263972222556,2,2
61,43,0.0002152723626235242,8.098991180526292e-05,3.999424466320282e-10,0.00026839752763842863,2,2
62,45,0.00022389158130551988,7.670085074950079e-05,1.0000108257034346e-07,0.00029297210865563106,2,2
63,45,0.0002209255315997929,8.085009012512274e-05,2.4904421057831735e-08,0.00029297210865563106,2,2
64,47,0.00021414607774273984,8.20303059133887e-05,3.999424466320282e-10,0.00029297210865563106,2,2
65,45,0.00022685231464631737,8.572918876240002e-05,1.8402877396500352e-07,0.00029297210865563106,2,2
66,42,0.00022460615305412815,9.643994736376293e-05,1.3380867453153713e-05,0.0003211220874110476,2,2
67,43,0.00025123992122912006,7.47238629088452e-05,1.9784119188514065e-05,0.0003211220874110476,2,2
68,42,0.0002450093207170272,8.70427119204966e-05,1.3380867453153713e-05,0.0003211220874110476,2,2
69,48,0.00022600122898340752,9.682539992831972e-05,7.120434537938043e-06,0.0003211220874110476,2,2
70,43,0.0002415342311082658,9.421172654221895e-05,2.3988013505810187e-07,0.0003211220874110476,2,2
71,45,0.0002525360340837707,8.38020590189888e-05,1.9588553982028754e-05,0.0003211220874110476,2,2
72,47,0.00024591794179072886,9.222018582923172e-05,4.14474999959449e-05,0.00033775302456301296,2,2
73,47,0.0002609762835396649,8.391452926826936e-05,2.4454471571779957e-06,0.00033775302456301296,2,2
74,47,0.00020316488211527642,0.00012428690211976017,0.0,0.0003669832995925621,2,2
75,48,0.0002485990038258323,0.00012172944347496667,0.0,0.0003669832995925621,2,2
76,43,0.00024045918614705065,0.00014223159846410207,0.0,0.0003669832995925621,2,2
77,45,0.0002753744228629403,0.00014093478693224734,0.0,0.00040951328545860485,2,2
78,49,0.00025842754846937494,0.00015023768475235942,0.0,0.00040968907515646295,2,2
79,41,0.0002699586831403936,0.00015054714873058775,0.0,0.00045850535174592357,2,2
80,44,0.00028220579235381147,0.00017117367692182537,0.0,0.00045850535174592357,2,2
81,42,0.00032413082671143076,0.00017174886823405138,0.0,0.00048575984544656003,2,2
82,44,0.0003878432698239867,0.0001485321802422224,0.0,0.00048575984544656003,2,2
83,45,0.0003978615412762588,0.00016114743924151956,0.0,0.0006139113018144662,2,2
84,47,0.0003836359389084798,0.0001843626952133369,2.5864145986817697e-18,0.0006139113018144662,2,2
85,45,0.000409005234716524,0.00021053222818141572,0.0,0.0006139113018144662,2,2
86,46,0.0004677127945400207,0.00023865712699884008,0.0,0.0008295012663060271,2,2
87,43,0.0005374375102843558,0.00023820860643545378,0.0,0.0008300103173705268,2,2
88,44,0.0006009926278285108,0.0002779863954423233,0.0,0.0008300103173705268,2,2
89,42,0.0006911713690991,0.0002788183632871167,0.0,0.0008308378962830245,2,2
90,44,0.000635398421791817,0.0003039422586425007,0.0,0.0008411498891346664,2,2
91,41,0.0006179037473156298,0.0003412306666505835,0.0,0.0011295155549279742,2,2
92,44,0.0007493737381127685,0.00031718067264883444,0.0,0.0011387082363265497,2,2
93,44,0.0009729077273770202,0.00023835239856897272,0.0,0.0011779257338089453,2,2
94,44,0.0009055610059366858,0.0004072168730697829,0.0,0.0011779257338089453,2,2
95,48,0.0008641793014908477,0.0004659372138444671,0.0,0.0011779257338089453,2,2
96,46,0.0009305836422888898,0.0004428043559914541,0.0,0.0011779257338089453,2,2
97,44,0.0009651421689367719,0.00042864832549399017,0.0,0.0011857255570419242,2,2
98,41,0.0009573466053339458,0.00044224452156311377,0.0,0.0011857255570419242,2,2
99,44,0.0009891724398526586,0.000392717677239598,0.0,0.0011857255570419242,2,2
100,48,0.0009703006095719277,0.0004373002040995308,0.0,0.0012020446248913205,2,2
