gen,nevals,avg,stddev,min,max,run,wlasne_prawd
0,50,0.0,0.0,0.0,0.0,6,3
1,45,2.9218801219950186e-13,5.199523784265936e-13,0.0,1.2174500508312578e-12,6,3
2,42,1.3458048737407032e-10,2.8539914130913286e-10,0.0,7.437258263850433e-10,6,3
3,44,4.793486909005529e-10,7.217450011006579e-10,0.0,4.4593252930584904e-09,6,3
4,46,7.211497341805972e-10,9.112463120438319e-10,0.0,4.4593252930584904e-09,6,3
5,42,1.052900342879643e-09,1.239580201647046e-09,0.0,4.687120724336226e-09,6,3
6,42,8.758292694692184e-09,3.214421941109504e-08,0.0,1.9632777261370613e-07,6,3
7,42,4.7632646613646365e-07,3.1989168802789803e-06,0.0,2.2637443714867536e-05,6,3
8,45,9.45808514017168e-07,4.430159731527464e-06,0.0,2.2655129850679036e-05,6,3
9,42,3.3082766978089535e-06,7.865364227635035e-06,0.0,2.9338185727268294e-05,6,3
10,45,6.830982544263471e-06,9.816158475354712e-06,0.0,2.9518606309842706e-05,6,3
11,46,1.3760039962578897e-05,1.1430137445678295e-05,0.0,2.97181853202511e-05,6,3
12,45,1.8093883461056398e-05,1.2429954378390433e-05,2.1720298709224605e-10,3.199722869911804e-05,6,3
13,45,1.9794196648178285e-05,1.2716334250017887e-05,1.5878427278284035e-10,3.199722869911804e-05,6,3
14,47,2.212399207107657e-05,1.2372228081021234e-05,8.346597800052618e-10,3.41372543540532e-05,6,3
15,45,2.2500651658620723e-05,1.2760186662172188e-05,2.7483885658587942e-11,3.624078131344519e-05,6,3
16,43,2.6257434056276137e-05,1.2542843882699383e-05,6.707339759169768e-10,4.360689667430721e-05,6,3
17,43,2.7102038885500843e-05,1.4091407059819653e-05,1.2158796716443504e-09,4.430004048919457e-05,6,3
18,47,2.619019486431672e-05,1.5809848344309823e-05,5.970282208951892e-11,4.493234326120612e-05,6,3
19,47,2.785257316716634e-05,1.8572953838270816e-05,5.970243091496625e-11,4.5137382140614784e-05,6,3
20,43,3.2053975437458826e-05,1.7680261969944052e-05,5.970316746901564e-11,4.5137382140614784e-05,6,3
21,45,3.627998461307743e-05,1.5153713905901287e-05,5.970984928828708e-11,4.513738214061487e-05,6,3
22,43,3.104505291637264e-05,1.9559053147771144e-05,5.969825704526704e-11,6.158036162379229e-05,6,3
23,45,3.243909067734802e-05,1.889155162238331e-05,5.96978008482052e-11,6.158036162379229e-05,6,3
24,45,3.7741825989423685e-05,1.9109919229820655e-05,5.970357742387816e-11,6.735975057753474e-05,6,3
25,42,5.221988044562757e-05,1.608402986732094e-05,1.1158330704092278e-05,8.15905467269613e-05,6,3
26,46,5.630800179569419e-05,2.0640706653412325e-05,1.76768337483396e-09,9.710759003919717e-05,6,3
27,45,5.3728016040468824e-05,2.951423360952707e-05,4.3840523965178105e-06,0.00012374736084708507,6,3
28,46,6.521749218492115e-05,3.569808352013041e-05,4.081054563677447e-10,0.00012506608828053217,6,3
29,46,7.510848352277366e-05,3.520679112786134e-05,1.4520236624339693e-09,0.0001558750893529078,6,3
30,45,7.704591591716689e-05,4.018478968619406e-05,1.0701712714629648e-05,0.00015050502881247535,6,3
31,45,7.817062971468589e-05,4.926404870884381e-05,4.081054563677447e-10,0.0001524952865149056,6,3
32,49,9.142775946402382e-05,4.6541124525982205e-05,1.978681757417215e-05,0.00016087410032601516,6,3
33,43,9.714033555831659e-05,5.446183764924656e-05,8.428294565363556e-10,0.00017888246133788724,6,3
34,43,9.799775896085767e-05,5.5622846479388384e-05,4.8677490167641456e-08,0.00017888246133788724,6,3
35,43,8.977944582984768e-05,5.6691540678063034e-05,3.491035033829515e-10,0.00017888246133788724,6,3
36,49,0.00010860973502843932,5.843458059146258e-05,3.491035033829515e-10,0.00017888246133788724,6,3
37,50,9.828102549577998e-05,6.063202988406735e-05,3.4055917580494206e-06,0.00017888246133788724,6,3
38,44,0.00010016763900704664,6.544840235514955e-05,3.491035033829515e-10,0.00018330676026675848,6,3
39,45,0.0001033603233233149,6.256855432766576e-05,3.491035033829515e-10,0.00017927703611052466,6,3
40,45,0.0001152495205110743,6.199695245148035e-05,4.081054563677447e-10,0.00017956938383115146,6,3
41,42,0.00012224483667137203,5.804558595382958e-05,2.1697104084252304e-05,0.00019239878409039175,6,3
42,41,0.00012464737480964786,6.177531047157529e-05,3.958762021485064e-06,0.00019239878409039175,6,3
43,46,0.00012381171250627768,6.281891953776147e-05,5.2041204193103454e-09,0.0001975255288248326,6,3
44,48,0.0001285836019359501,6.129873336332355e-05,2.944228933959872e-08,0.0001975255288248326,6,3
45,46,0.0001315892260130093,6.985130128117569e-05,5.389999667521919e-07,0.00020103764596624468,6,3
46,42,0.00011854403307348598,7.042249458616254e-05,5.389999667521919e-07,0.00022145024753024485,6,3
47,48,0.0001421487151448113,7.391509775260168e-05,8.854265672035238e-10,0.00029557169114675957,6,3
48,46,0.0001371742859552658,7.417043153030726e-05,1.7543190374517854e-06,0.00024249787883150295,6,3
49,47,0.00012838558589124875,7.826718834221302e-05,2.1625301106724436e-06,0.0002839274419594109,6,3
50,43,0.00014146849562429815,7.809116930918971e-05,3.0275711528260485e-05,0.00028409728057928244,6,3
51,39,0.00016819446792298542,7.975821373893729e-05,2.8624243234399303e-07,0.00028409728057928244,6,3
52,48,0.00014569201089399927,7.853092385452051e-05,5.389999667521919e-07,0.00028409728057928244,6,3
53,44,0.00014746758626736428,8.556921227522511e-05,2.0879724128275078e-05,0.00028409728057928244,6,3
54,45,0.00015530561731777066,9.250946983962813e-05,3.9061255809609413e-07,0.00028436547839538994,6,3
55,46,0.000176169601280192,9.270210990632812e-05,1.7997256733974477e-05,0.00028409728057928244,6,3
56,47,0.00016745547951893335,9.810924812938961e-05,2.2527896990798537e-07,0.00028409728057928244,6,3
57,41,0.00016551085115732526,9.981354714434898e-05,3.9061255809609413e-07,0.00028409728057928244,6,3
58,44,0.0001788130247548431,8.987426819022372e-05,1.7997256733974477e-05,0.00028409728057928244,6,3
59,44,0.0001700691289686962,8.831710944669443e-05,3.744083726328606e-05,0.000285891312688349,6,3
60,47,0.00016130413671634977,8.687078506687949e-05,1.6646019669423096e-05,0.0002879442760061636,6,3
61,45,0.00017254369984125896,9.717679990122488e-05,3.9061255809609413e-07,0.0002879442760061636,6,3
62,43,0.00016668592316104768,0.00010029449030346052,1.319442754292498e-05,0.0002879442760061636,6,3
63,44,0.0001604777949625201,9.975992776135248e-05,2.2527896990798537e-07,0.0002847654134304375,6,3
64,41,0.0001741718203280275,0.00010481609230570183,2.2527896990798537e-07,0.0002847654134304375,6,3
65,43,0.00018654083998289938,9.189015426869019e-05,3.9061255809609413e-07,0.0002847654134304375,6,3
66,45,0.00016442469318253515,9.831628559516057e-05,2.0053059565608265e-06,0.0002847654134304375,6,3
67,45,0.00015459061977529846,9.861793004400933e-05,3.9061255809609413e-07,0.00028501258376293704,6,3
68,46,0.00017670017600039689,9.198092683632469e-05,1.574725296284341e-05,0.0002847654134304375,6,3
69,47,0.0001695568577430106,9.722164323161513e-05,1.7250418492762402e-05,0.0002847654134304375,6,3
70,49,0.00017477036696725737,0.00010510850630060449,2.2527896990798537e-07,0.00028501258376293704,6,3
71,46,0.0001633446750362835,0.00010375600865903882,3.9061255809609413e-07,0.00028501258376293704,6,3
72,46,0.00018170303274589607,9.812221170190836e-05,2.0053059565608265e-06,0.00028501258376293704,6,3
73,43,0.0001979441058962378,0.0001060786039786209,1.647452472159565e-05,0.00029185247909254206,6,3
74,44,0.00018521331015437206,0.00010148475671525534,7.034016658663565e-07,0.00029185247909254206,6,3
75,44,0.0001980482609932178,9.575106762136002e-05,2.8624243234399303e-07,0.00029185247909254206,6,3
76,50,0.00017401833250999316,0.00010094733477182778,2.8624243234399303e-07,0.00029185247909254206,6,3
77,44,0.00018184782625022054,9.928686148266515e-05,2.8624243234399303e-07,0.00029185247909254206,6,3
78,45,0.00018535521428460257,9.500901896477922e-05,2.363335476514438e-05,0.00029185247909254206,6,3
79,43,0.0001973234844598591,0.00010197204223416691,1.647452472159565e-05,0.00029185247909254206,6,3
80,46,0.000172285562194584,0.00010878767451187215,2.8624243234399303e-07,0.00029185247909254206,6,3
81,41,0.00020800133906594427,9.844310632858295e-05,2.8624243234399303e-07,0.00029185247909254206,6,3
82,48,0.00016905125032233123,0.00010200611071972206,9.900890008287905e-06,0.0002929357494208137,6,3
83,46,0.00016931227469927507,0.00011611405372520524,2.8624243234399303e-07,0.0002929357494208137,6,3
84,42,0.00021167122516138788,0.00010069083974158574,2.8624243234399303e-07,0.0002929357494208137,6,3
85,47,0.00017796325574994225,0.00011397068871829733,1.994392299052588e-06,0.00029445983723231224,6,3
86,43,0.00018683030238424183,0.00011259322147665465,9.900890008287905e-06,0.00029445983723231224,6,3
87,46,0.00020741857175949087,0.00010752710716439001,3.9061255809609413e-07,0.00029445983723231224,6,3
88,44,0.00019361313745855878,0.00011291793467106823,1.994392299052588e-06,0.00029445983723231224,6,3
89,44,0.0001941021303416889,0.00011736233146967101,3.9061255809609413e-07,0.00029445983723231224,6,3
90,43,0.00018727807937956394,0.00011248651522580518,3.9061255809609413e-07,0.00029445983723231224,6,3
91,44,0.00020508421534997214,0.00011697243775024293,9.770846007328016e-06,0.00029445983723231224,6,3
92,47,0.00018915722434479702,0.00011020028227389395,9.770846007328016e-06,0.00029445983723231224,6,3
93,45,0.00019007171816381093,0.00010972012599026592,3.9061255809609413e-07,0.00029445983723231224,6,3
94,43,0.00017667061575625073,0.00012244563188651135,3.9061255809609413e-07,0.00029445983723231224,6,3
95,43,0.00017919765450289833,0.00011932971486297826,3.9061255809609413e-07,0.00029445983723231224,6,3
96,46,0.00016782080956746483,0.00011941660122313132,3.9061255809609413e-07,0.00029445983723231224,6,3
97,43,0.0002104316100065895,0.00010172723612651492,9.770846007328016e-06,0.00029445983723231224,6,3
98,44,0.00015182574623472277,0.00011810375776822262,3.9061255809609413e-07,0.00029445983723231224,6,3
99,40,0.00019157950056469995,0.00011548040895609647,3.9061255809609413e-07,0.00029445983723231224,6,3
100,43,0.00017447221399454654,0.00011372593598308969,3.9061255809609413e-07,0.00029445983723231224,6,3
