gen,nevals,avg,stddev,min,max,run,wlasne_prawd
0,50,0.0,0.0,0.0,0.0,2,0
1,44,9.739600406650063e-14,3.3028591930840893e-13,0.0,1.2174500508312578e-12,2,0
2,44,5.293549095359151e-11,2.600775732995239e-10,0.0,1.7157278746143797e-09,2,0
3,43,7.335218947439987e-10,3.2652395870129956e-09,0.0,2.3178835060066e-08,2,0
4,46,1.7783406269800223e-09,5.507911809274659e-09,0.0,3.3048740600225695e-08,2,0
5,48,5.173602134089157e-09,9.709417265803586e-09,0.0,3.4219638393756343e-08,2,0
6,45,4.980359907243419e-07,3.3657013835891235e-06,0.0,2.405715581435147e-05,2,0
7,43,2.3275385123870056e-06,6.434275261182548e-06,0.0,2.405715581435147e-05,2,0
8,46,7.6281225116972495e-06,9.942675772729696e-06,9.34675006789644e-10,2.868404677721505e-05,2,0
9,46,1.512805581677282e-05,1.0684239402428545e-05,0.0,2.868404677721505e-05,2,0
10,45,2.438738690238114e-05,7.284513214603662e-06,3.4219638393756343e-08,4.270823203447103e-05,2,0
11,44,2.7115511356978788e-05,9.250462058823479e-06,0.0,5.0937153498562904e-05,2,0
12,43,3.443461044439453e-05,1.0496925559497836e-05,8.986601985307246e-08,5.0937153498562904e-05,2,0
13,47,3.8939729688157514e-05,1.5882496150609575e-05,0.0,6.23888000856307e-05,2,0
14,47,4.338870325420026e-05,1.767814098083461e-05,8.986601985307246e-08,6.476521853881294e-05,2,0
15,45,5.13274447737157e-05,1.668256146799578e-05,8.986601985307246e-08,6.476521853881294e-05,2,0
16,42,5.9081492018574794e-05,1.562962645487417e-05,6.599229256211335e-10,8.138568861562452e-05,2,0
17,46,6.059034570083267e-05,2.132597164271147e-05,0.0,8.138568861562452e-05,2,0
18,48,6.383671796890632e-05,2.4058960822218502e-05,0.0,8.138568861562452e-05,2,0
19,46,7.090377872560979e-05,2.4546034270838166e-05,6.680278665552851e-07,8.667119218837204e-05,2,0
20,43,7.513421574310305e-05,2.014711913025658e-05,6.680278665552851e-07,9.070652531320187e-05,2,0
21,46,7.84651599159037e-05,1.921779171267765e-05,0.0,0.00011235483343370207,2,0
22,45,8.419215060939926e-05,2.781479186895575e-05,2.8087020680611267e-08,0.00020558196139282644,2,0
23,38,9.731700015169293e-05,4.2200006222724595e-05,2.8087020680611267e-08,0.00020558196139282644,2,0
24,45,0.0001395203022856966,6.26680612172073e-05,0.0,0.00020558196139282644,2,0
25,43,0.0001770618441092818,6.084109363658919e-05,4.248455653171265e-10,0.00020558196139282644,2,0
26,46,0.00018248922890394057,6.32584904247796e-05,2.2740102944901517e-10,0.00020558196139282644,2,0
27,49,0.00017429837038082123,6.814265596278119e-05,2.2740102944901517e-10,0.00020561846382563442,2,0
28,47,0.00017764153401500483,6.114637412682151e-05,1.4229224879016708e-08,0.00020561846382563442,2,0
29,42,0.00019092723217373618,4.58684232268955e-05,4.248455653171265e-10,0.00020561846382563442,2,0
30,45,0.00018138113111664387,6.225553397224262e-05,3.134973271381909e-09,0.00020565338972130447,2,0
31,44,0.00018930358732326412,5.16396308557545e-05,2.2740102944901517e-10,0.00020565338972130447,2,0
32,45,0.00016862187616764233,7.3496282016915e-05,1.3157666643173345e-09,0.00020565338972130447,2,0
33,45,0.00017415813933507974,6.961451073869591e-05,5.638415389458739e-10,0.0002056629063054978,2,0
34,47,0.00017235508247018423,7.298569598670835e-05,1.3157666643173345e-09,0.0002061242433063609,2,0
35,45,0.00019140656273411005,4.79831894106253e-05,3.786509024226994e-09,0.0002061242433063609,2,0
36,41,0.0001893713269806303,5.0827760357220125e-05,3.4850161309915744e-09,0.0002061242433063609,2,0
37,46,0.00017113469401080773,7.638080845711414e-05,3.786509024226994e-09,0.00022370488021391095,2,0
38,42,0.00018395022889964598,6.0145643970050964e-05,3.804625397463589e-09,0.00022370488021391095,2,0
39,43,0.00019120804363603243,5.7121210311465994e-05,3.804625397463589e-09,0.00022370488021391095,2,0
40,46,0.00018224613171651037,7.62406884958589e-05,4.104335061674832e-09,0.00022370488021391095,2,0
41,45,0.0002025482020880181,6.387008924700453e-05,4.104335061674832e-09,0.00022724622599833375,2,0
42,43,0.00019825909387639933,5.872733418144986e-05,4.0466939687089276e-10,0.00022724622599833375,2,0
43,44,0.00018804367321182574,7.933560782949638e-05,4.104335061674832e-09,0.00022878452948282453,2,0
44,46,0.00019624182731579662,7.456648082292271e-05,4.104335061674832e-09,0.00023087766089062542,2,0
45,45,0.00021802550753826136,4.4738766529484035e-05,1.2789354411686134e-06,0.0002328652366473861,2,0
46,39,0.00020432441183195377,6.74080744915114e-05,1.6205659698282624e-06,0.00023298874392697777,2,0
47,46,0.00021683937223802824,4.825459147315034e-05,1.6205659698282624e-06,0.00023298874392697777,2,0
48,44,0.00022372147852187257,3.34003512274449e-05,1.6205659698282624e-06,0.00023298874392697777,2,0
49,48,0.00021311905232077085,5.484043769413206e-05,5.1834408235098916e-06,0.00023298874392697777,2,0
50,48,0.0002229389509784487,3.054990930948324e-05,8.525151974262353e-05,0.0002338837714753898,2,0
51,40,0.0002116460944152127,6.269263595354875e-05,2.462113596427788e-07,0.0002643065686229331,2,0
52,45,0.0002059021800643379,7.158140372102606e-05,6.209589366668584e-08,0.0002658747348752803,2,0
53,45,0.0002077667160136946,8.7171265739284e-05,2.9475647821788763e-08,0.00026660645294991094,2,0
54,46,0.00024101025922572454,6.609152318428324e-05,2.4834858246442887e-07,0.0002669563712638794,2,0
55,45,0.00025169927706738187,4.620852858773172e-05,2.086003717706561e-05,0.0002669563712638794,2,0
56,46,0.00023056681344662581,8.572278484208628e-05,8.54148427950313e-08,0.0002669563712638794,2,0
57,46,0.000253855796279947,5.223041892970715e-05,1.6412099275778573e-07,0.0002670415537620134,2,0
58,43,0.00025040231968310317,5.56972247821493e-05,7.105645819050181e-06,0.00026765150326976765,2,0
59,41,0.00023136904977206642,8.144614442475649e-05,8.54148427950313e-08,0.00027161566456258574,2,0
60,47,0.00024099028906573704,6.435463182984029e-05,7.105645819050181e-06,0.00027161566456258574,2,0
61,48,0.00022617504019183096,8.522554089745765e-05,8.54148427950313e-08,0.00027248483581595966,2,0
62,47,0.00024984779566727776,6.003820461356238e-05,2.3444451055639333e-05,0.00027467289516803725,2,0
63,48,0.00025720855992069914,5.192928318207318e-05,2.6160333608376916e-05,0.00027599093801233354,2,0
64,48,0.0002474844913484157,6.862550903905635e-05,3.313735283322226e-05,0.0002812761493482354,2,0
65,46,0.00025485454264116724,6.114600615147575e-05,3.4884118630198614e-05,0.0002812761493482354,2,0
66,44,0.00027073753330362783,3.6803234451745995e-05,8.765239858657632e-05,0.0002815177504646365,2,0
67,46,0.00025527533641509295,6.611055885920973e-05,3.651943992555693e-05,0.0002835128442645198,2,0
68,41,0.00026667791596588636,5.303398463629871e-05,1.4554285123868351e-05,0.0002985422985619648,2,0
69,47,0.0002673672665879952,4.671272330559556e-05,3.3006651813794795e-05,0.0002996399857511986,2,0
70,46,0.00026886879404895546,6.345570417770612e-05,1.4119273987837958e-05,0.00030072055682088365,2,0
71,47,0.00029334231004580927,6.683204107868082e-05,1.3740014250083268e-05,0.0005165631900342501,2,0
72,44,0.00031437737519219184,0.00015528875408496852,1.0343210689680285e-07,0.0007346728151177576,2,0
73,48,0.00040717000687908437,0.00022164257537583848,1.0343210689680285e-07,0.0010137597155368122,2,0
74,47,0.0005416802831676294,0.0003129320283138387,1.0343210689680285e-07,0.001090526441012621,2,0
75,43,0.0006985651268442212,0.0002708674928773288,1.0343210689680285e-07,0.0011067061029079754,2,0
76,42,0.000794876614478424,0.00032908295974489105,0.0,0.0011221528226661684,2,0
77,41,0.0007920121207841695,0.0003781864525852353,1.0343210689680285e-07,0.00115097457157185,2,0
78,45,0.0008564234188365736,0.0003441287792506706,2.5156126998336544e-08,0.0012373486525137174,2,0
79,46,0.0008848453819620608,0.00031758103733784624,0.0,0.0012477381011152977,2,0
80,41,0.000898572958422142,0.00034850156252478357,0.0,0.0012477381011152977,2,0
81,44,0.0008271959363276225,0.0004127914856692244,0.0,0.0012280062753591342,2,0
82,47,0.0009203114413620532,0.0003547179687539731,1.3013315205181077e-07,0.0012280062753591342,2,0
83,44,0.000836340481934281,0.000451514664229761,1.0343210689680285e-07,0.001230564631929256,2,0
84,45,0.0009537529359907311,0.00031903847529237973,1.3013315205181077e-07,0.0013844687817716867,2,0
85,48,0.0008247394645096222,0.00047815562267507553,2.5017008906456108e-08,0.001417815398625938,2,0
86,44,0.0010050779561792168,0.00044881771760247127,0.0,0.0015741278599097402,2,0
87,43,0.001088518634410437,0.0005484204491388906,0.0,0.0015741278599097402,2,0
88,44,0.0012793323162937668,0.00039244632510761186,6.526167161517515e-07,0.0015961356615047692,2,0
89,37,0.0012535655637937982,0.0005103817554707626,0.0,0.0024007989066045063,2,0
90,45,0.0013876496852273153,0.0006442270048506232,0.0,0.0028831772450533723,2,0
91,44,0.0018655598293938905,0.0008497420382558551,3.911944215595464e-07,0.003275506671337158,2,0
92,45,0.0020884095888794372,0.001082339032357423,8.321436858409664e-10,0.003311015927370565,2,0
93,43,0.0026061023531274963,0.0008829433561153628,8.321436858409664e-10,0.0037330959344515245,2,0
94,46,0.0026595280404484866,0.0010536135461700128,2.714828563694138e-07,0.0037918277118966664,2,0
95,47,0.0024104397308770185,0.0014881600720410035,0.0,0.0037868604678617467,2,0
96,44,0.0023863750333222877,0.0016523921492189852,0.0,0.003970099708533334,2,0
97,48,0.0027847443939369894,0.0015287129130987882,0.0,0.004008230971810696,2,0
98,45,0.002989417931627008,0.001426505939067222,1.2835571054915168e-07,0.004008230971810696,2,0
99,42,0.003039679621309491,0.0015218014231820733,0.0,0.004077721853273437,2,0
100,45,0.003301168117155555,0.0013133072339664156,1.2835571054915168e-07,0.004077721853273437,2,0
