gen,nevals,avg,stddev,min,max,run,wlasne_prawd
0,50,0.0,0.0,0.0,0.0,8,1
1,44,2.678390111828767e-13,5.043241833064978e-13,0.0,1.2174500508312578e-12,8,1
2,47,1.343927692193211e-10,2.8548610870289933e-10,0.0,7.437258263850433e-10,8,1
3,46,7.613766251094936e-10,1.975750414357969e-09,0.0,1.3748352374274058e-08,8,1
4,42,2.4102410996994606e-07,1.662727911312265e-06,0.0,1.1879957321989513e-05,8,1
5,44,1.3683588592694836e-06,4.61701618829943e-06,0.0,2.714956937903511e-05,8,1
6,45,5.791499281192056e-06,9.023117075600464e-06,0.0,3.212585918911623e-05,8,1
7,42,1.2362016847269166e-05,1.1394893090860043e-05,0.0,3.792715084216264e-05,8,1
8,46,1.806189981312904e-05,1.3931620795335298e-05,0.0,5.644556435685945e-05,8,1
9,45,2.0701172345524727e-05,1.5422208524487407e-05,0.0,5.644556435685945e-05,8,1
10,44,2.1420934161163736e-05,1.6159173632261112e-05,0.0,5.644554623538825e-05,8,1
11,43,2.4035533976069266e-05,2.0704129081066616e-05,0.0,5.644556435685945e-05,8,1
12,46,2.9964069587520204e-05,2.3949793710638894e-05,0.0,5.6642064685878904e-05,8,1
13,47,3.908568088898285e-05,2.2955341807176722e-05,9.346750067899908e-10,5.885870500619097e-05,8,1
14,46,3.643647110544491e-05,2.6243253037824654e-05,0.0,7.734669584018327e-05,8,1
15,44,4.087515821770694e-05,2.41168724762724e-05,0.0,7.734669584018327e-05,8,1
16,44,4.659145896645074e-05,2.3219512965716805e-05,7.791709393054202e-18,7.734669584018327e-05,8,1
17,45,5.055776411733314e-05,1.9282016660579033e-05,7.160723346098896e-18,7.734669584018327e-05,8,1
18,45,5.43271582276699e-05,2.2424865352533338e-05,9.346750067899908e-10,8.151865995266092e-05,8,1
19,46,5.758170298518595e-05,2.720487409102253e-05,3.148041386348969e-08,8.56638645608728e-05,8,1
20,46,5.7820220048839385e-05,3.0493445646750907e-05,1.315766664316672e-09,8.719541977458336e-05,8,1
21,41,6.496472489983803e-05,2.8219603310163572e-05,1.315766664316672e-09,9.771612160009421e-05,8,1
22,47,6.380845233447509e-05,3.091134253516169e-05,1.315766664316672e-09,9.771612160009421e-05,8,1
23,47,6.196722500829239e-05,3.469827888385963e-05,1.315766664316672e-09,9.771612160009421e-05,8,1
24,45,7.105624209865588e-05,3.46136647064407e-05,1.8015808023335085e-08,9.771612160009421e-05,8,1
25,44,7.012496649321811e-05,3.8844550700107894e-05,0.0,0.0001009637686590119,8,1
26,44,7.756772044335165e-05,3.20969984987162e-05,1.53512984252435e-10,0.00010107915647495474,8,1
27,43,7.907854302373975e-05,3.5066046273263046e-05,1.315766664316672e-09,0.0001254022499531697,8,1
28,38,8.39695419302137e-05,3.655285713871121e-05,7.78834301927545e-10,0.0001254022499531697,8,1
29,42,6.951890154590157e-05,4.5858188487631e-05,7.78834301927545e-10,0.000125714502716947,8,1
30,45,7.271425234555784e-05,4.831787483855024e-05,6.9474478947022e-11,0.0001354705623050114,8,1
31,43,7.439596097920915e-05,5.18534501171564e-05,2.540402144164934e-11,0.0001354705623050114,8,1
32,49,7.140249185389577e-05,4.9654066417929387e-05,7.78834301927545e-10,0.0001354705623050114,8,1
33,43,8.152068697160088e-05,4.3653636974069394e-05,2.8234864017079318e-08,0.00014188138607654116,8,1
34,48,8.120988771571279e-05,5.273848783161782e-05,8.502418792707724e-11,0.00015640286604152114,8,1
35,46,7.973844259831865e-05,5.555342504636346e-05,7.78834301926851e-10,0.00015640286604152114,8,1
36,43,9.318251631503499e-05,5.973816838013011e-05,1.1688543753256005e-09,0.00016799808175693348,8,1
37,47,9.655151923284932e-05,6.075704918140875e-05,5.735456236588734e-10,0.00016799808175693348,8,1
38,46,9.662278020848075e-05,6.184880152255022e-05,5.735456236588734e-10,0.00016799808175693348,8,1
39,46,0.00010724745244836865,6.09389280528006e-05,5.735456236588734e-10,0.00016799808175693348,8,1
40,46,0.00011749547802281064,5.4375916591609795e-05,5.735456236588734e-10,0.00017859340189220886,8,1
41,45,0.00011650016986980798,6.375601252176003e-05,6.2804006613088975e-09,0.00017937195614922506,8,1
42,45,0.00012074117622868265,6.811397667108025e-05,6.2804006613088975e-09,0.00023439553012620596,8,1
43,44,0.00011957361208196006,7.691202590033174e-05,8.201502037876738e-10,0.00023459536360056514,8,1
44,45,0.00012324622927569888,7.93900069464024e-05,8.201502037876738e-10,0.00023459536360056514,8,1
45,46,0.00015273053533795166,8.839384643835264e-05,1.759438656651023e-10,0.00023465996774486403,8,1
46,45,0.00014298628564726214,0.00010165474386361586,2.0079838405759642e-10,0.00023492844309951262,8,1
47,44,0.00014090980127912526,9.819482343600816e-05,3.3057702019648737e-07,0.00023492844309951262,8,1
48,47,0.00015700913215724722,9.077049332397702e-05,2.3732815952955757e-09,0.00025130171593010665,8,1
49,43,0.0001682117395775211,9.403242302634427e-05,3.297696031215908e-08,0.0002617734549269783,8,1
50,44,0.00015004202960573683,0.00010618403319867523,1.759438656651023e-10,0.0002617734549269783,8,1
51,45,0.00015361897343427682,0.00010445326800552477,3.297696031215908e-08,0.0002617734549269783,8,1
52,44,0.00017673030182775568,9.335927589719766e-05,3.297696031215908e-08,0.0002617734549269783,8,1
53,45,0.0001744230669930849,0.0001006127825952098,3.297696031215908e-08,0.000298580879631287,8,1
54,48,0.00014417622017233822,0.00011323903150550214,1.759438656651023e-10,0.00029522082880866976,8,1
55,47,0.00017716916328946894,9.68386619497721e-05,1.7302710265824445e-08,0.00029522082880866976,8,1
56,47,0.00017259368219393501,0.00011358146604005249,1.759438656651023e-10,0.0003157150719872146,8,1
57,41,0.00020964087334483184,0.00011234227331291865,4.537233356558579e-08,0.0003157150719872146,8,1
58,48,0.0002065040311433821,0.00011585451790998335,6.379950956125308e-08,0.0003157150719872146,8,1
59,45,0.00021252074602833037,0.00011829192074874863,8.397090147138113e-11,0.0003157150719872146,8,1
60,46,0.00023969027698512977,0.00010424874624463611,6.379950956125308e-08,0.0003197321582696642,8,1
61,44,0.0002388118529846307,0.00011253817560045376,8.397090147138113e-11,0.0003197321582696642,8,1
62,49,0.00022102349096916698,0.00012419471704556626,2.308957295773185e-09,0.0003197321582696642,8,1
63,40,0.0002537723178319867,0.00011348585619732566,6.379950956125308e-08,0.00031990727328271793,8,1
64,44,0.0002637145123827207,9.99833604548731e-05,6.379950956125308e-08,0.00032167354457260876,8,1
65,45,0.00026468434518218194,9.722228832285615e-05,1.2192080506328176e-06,0.00032167354457260876,8,1
66,45,0.0002564939918958382,0.00010827220361508983,3.1209471288701044e-07,0.00032167354457260876,8,1
67,46,0.00026984524425564994,9.665406281465795e-05,4.439857655430164e-06,0.00032167354457260876,8,1
68,43,0.00026829008221712023,8.32615574546265e-05,6.131426769033538e-06,0.00033849503465784736,8,1
69,45,0.0002534549694036735,9.756194876892644e-05,6.131426769033538e-06,0.00033849503465784736,8,1
70,47,0.0002583155171714421,0.0001067867915068845,1.0222957825758564e-08,0.00033863563978349403,8,1
71,44,0.0002845593003894649,9.560195559264929e-05,3.9251751455663623e-07,0.00033863563978349403,8,1
72,42,0.0002872291683517812,9.512327651605786e-05,4.3963649632840593e-07,0.00033896601381232407,8,1
73,45,0.00026351234891182655,0.00011998701427940469,1.6212781737016913e-07,0.0003388634157045876,8,1
74,42,0.00027132986495072303,0.00011514232446273949,2.30118960680467e-08,0.0003388634157045876,8,1
75,45,0.00025352362649682015,0.00012852328270242344,4.3963649632840593e-07,0.0003388634157045876,8,1
76,45,0.0002841377280086066,9.087060642907119e-05,1.040276621304182e-06,0.00033888352173788017,8,1
77,45,0.0002794230493304711,0.00010338674968420461,1.3269185488962114e-06,0.00033888352173788017,8,1
78,47,0.00026584913350645087,0.00010646848455852334,1.0280933973219255e-08,0.00033888352173788017,8,1
79,43,0.0002695865050721185,0.00012195919033662784,1.216165848692958e-06,0.0003390959805501556,8,1
80,46,0.00027775161249281067,0.00010518899898774222,7.339351511235967e-07,0.0003394460790303521,8,1
81,48,0.0002699023577101626,0.00011462604636737397,1.0272455397417296e-08,0.0003394460790303521,8,1
82,43,0.00025291317982633054,0.00012128712901286454,1.0272455397417296e-08,0.0003394460790303521,8,1
83,45,0.0003047212005342989,6.972964364913624e-05,7.339351511235967e-07,0.0003394542926178692,8,1
84,44,0.00030021240766556976,0.00010315581328315832,7.339351511235967e-07,0.0005269452515971012,8,1
85,47,0.0002891776032550922,0.00011726755521593264,3.2949526641008937e-07,0.0005269452515971012,8,1
86,45,0.00031629927941904034,0.00014261757409262342,6.792257541217331e-07,0.0005269452515971012,8,1
87,46,0.000375286856483859,0.00016900418227968676,6.792257541217331e-07,0.0008542844154015185,8,1
88,46,0.00038782906699538945,0.00017742235982365036,6.792257541217331e-07,0.0008458715019697779,8,1
89,42,0.00043330791812046314,0.0002079707422517163,6.792257541217331e-07,0.0008458715019697779,8,1
90,47,0.00047854716215389,0.00023831842551497021,1.7444077462189706e-05,0.001024152627997219,8,1
91,47,0.00046670919460110866,0.00028088701600171374,3.034760886473503e-07,0.0010449585640243527,8,1
92,49,0.0005368422950441939,0.0003181890742067523,9.5418038557526e-08,0.0010561170702561838,8,1
93,43,0.000566321471404659,0.00035842139128478175,3.168850675481191e-06,0.001087126874107161,8,1
94,46,0.0005802966220892011,0.00038691862759890274,1.969383680868503e-07,0.001087126874107161,8,1
95,45,0.0005501960583286935,0.00038386574245025454,6.788114813204241e-07,0.001087126874107161,8,1
96,45,0.0005163352395588316,0.0004034168398775099,1.1003898508831758e-07,0.001087126874107161,8,1
97,44,0.0006366335914246281,0.00039147706853560893,1.4749589655131488e-06,0.001087126874107161,8,1
98,45,0.0005730204271481064,0.0004388345109257023,3.727552417880402e-07,0.001200679387894712,8,1
99,41,0.0005964249160101379,0.0004080717333183702,3.7314709572291994e-07,0.001175687789836959,8,1
100,44,0.0006001200879280877,0.00038413061580188886,3.7314709572291994e-07,0.001175687789836959,8,1
