gen,nevals,avg,stddev,min,max,run,wlasne_prawd
0,50,0.0,0.0,0.0,0.0,6,0
1,43,2.1914100914962642e-13,4.677290357004887e-13,0.0,1.2174500508312578e-12,6,0
2,42,8.40935373834266e-11,3.489133025100006e-10,0.0,1.715727874615181e-09,6,0
3,46,3.10255530054888e-09,2.0043043849822422e-08,0.0,1.4336062968782012e-07,6,0
4,43,2.0360381024846145e-07,1.2616979192682586e-06,0.0,9.0146489325958e-06,6,0
5,48,3.218228979033549e-06,1.4104520512436483e-05,0.0,8.6877163536944e-05,6,0
6,45,4.413482842053289e-06,1.1810955238182166e-05,0.0,5.247271912898582e-05,6,0
7,47,1.2382334476753573e-05,1.569854935256618e-05,0.0,5.247271912898582e-05,6,0
8,42,3.649110196699252e-05,3.689185317758029e-05,0.0,0.00016230494963256616,6,0
9,46,5.3294691153685494e-05,5.4993053460081055e-05,0.0,0.00021699686195706134,6,0
10,42,0.00011103054062482648,0.00015162125737468008,0.0,0.0007630983782242134,6,0
11,48,0.00020894763031070862,0.00021747830763900054,0.0,0.0009527539318549632,6,0
12,42,0.0003669200303611511,0.00027634712880693336,2.439903011789421e-06,0.00108701699062716,6,0
13,46,0.0005244334757378738,0.0002950563794169327,0.0,0.0010449949841914864,6,0
14,44,0.000566683946881167,0.00032459637666325307,2.3224134388076652e-05,0.0011259010209101377,6,0
15,48,0.00045758310664347645,0.00034862434571820587,0.0,0.0010607118615359658,6,0
16,43,0.000566797248744848,0.00030017564691627995,0.0,0.0010607118615359658,6,0
17,45,0.0004502465840991834,0.00033434873780633777,0.0,0.0010607118615359658,6,0
18,44,0.00047283672142741756,0.0003206187088469899,1.5894665419480412e-13,0.0010607118615359658,6,0
19,44,0.0005278433749126393,0.0003448671902987566,0.0,0.001110288960070647,6,0
20,38,0.0006131706105374119,0.00036845510373235805,0.0,0.001249941886313112,6,0
21,47,0.000590814487667255,0.0003600193614939765,0.0,0.001110288960070647,6,0
22,44,0.0006822365718696346,0.00035439717082905435,0.0,0.0012774561151747195,6,0
23,43,0.0007366679420107724,0.0003264056425986564,0.0,0.0012215764987653169,6,0
24,44,0.0006727434656726563,0.0004135859245533254,0.0,0.0012774561151747195,6,0
25,46,0.0006260152059417971,0.0004104690810467377,0.0,0.0013276871132426031,6,0
26,45,0.0006143712462699599,0.0004421300958874894,0.0,0.0013276871132426031,6,0
27,46,0.0006102130940619698,0.0004307180788247343,1.5894665419480412e-13,0.0013276871132426031,6,0
28,44,0.0006608367290989568,0.0004011665364008056,0.0,0.0013276871132426031,6,0
29,46,0.000640194539815086,0.0004037851947232817,0.0,0.0013276871132426031,6,0
30,45,0.0006772353693276656,0.0004364112944134183,0.0,0.0013276871132426031,6,0
31,41,0.0007309407503570363,0.00040972821218493585,0.0,0.0013276871132426031,6,0
32,46,0.0006456437193748278,0.0004357056048357311,0.0,0.0013276871132426031,6,0
33,40,0.0006838240255826354,0.00041376643296166314,1.1896274905350636e-07,0.0013276871132426031,6,0
34,47,0.0006514700244670095,0.00038246514889402544,1.570619282409231e-05,0.0013276871132426031,6,0
35,41,0.0007051606090804872,0.0003808039120942548,1.5894665419480412e-13,0.0013276871132426031,6,0
36,43,0.0006617865123233072,0.0004163962985229531,0.0,0.0013276871132426031,6,0
37,45,0.00059635232530994,0.00040464245318541317,0.0,0.0013276871132426031,6,0
38,41,0.0006320924945483074,0.00043931781549314214,5.304409369233255e-05,0.0013276871132426031,6,0
39,47,0.0006470277392808859,0.00041426811712552057,0.0,0.0013276871132426031,6,0
40,46,0.0006749595618968159,0.0004303405708405579,0.0,0.0013276871132426031,6,0
41,47,0.000689599202651466,0.000409143259518434,0.0,0.0013276871132426031,6,0
42,48,0.0006943850870219897,0.00036150715669665463,4.037535343494339e-05,0.0013276871132426031,6,0
43,45,0.0006014962175596091,0.0003880262994322688,0.0,0.0013276871132426031,6,0
44,42,0.0006364601236526885,0.0004165302242772056,0.0,0.0013276871132426031,6,0
45,44,0.0006299532266238146,0.00039288316271260425,0.0,0.0013276871132426031,6,0
46,44,0.0005877102178011085,0.00038213270402162185,1.5894665419480412e-13,0.0013276871132426031,6,0
47,48,0.0005833643489900281,0.0003627499916014684,1.5894665419480412e-13,0.0013276871132426031,6,0
48,45,0.0005702456839353352,0.0003598770775495337,0.0,0.0013276871132426031,6,0
49,44,0.0006298375292129965,0.00036625126559259474,1.70344239996379e-05,0.0013276871132426031,6,0
50,44,0.0006915274971259698,0.00035688772133890236,0.0,0.0013276871132426031,6,0
51,45,0.0006083983993181948,0.0003938884956110207,0.0,0.0013276871132426031,6,0
52,45,0.0007172536121499179,0.0003768819369086849,0.0,0.0013276871132426031,6,0
53,46,0.0007220666188536517,0.00040881669329532945,0.0,0.0012163849887935536,6,0
54,44,0.0006508783534786174,0.0004316903755822652,0.0,0.0012721790230197775,6,0
55,48,0.000685590504221789,0.00040126917904249654,5.304409369233255e-05,0.0012721790230197775,6,0
56,48,0.0004982582981329357,0.0003906630709082008,0.0,0.0012105498293712125,6,0
57,44,0.0006221220604303659,0.0003578534848576139,1.0907259488219674e-06,0.0012541683179069431,6,0
58,46,0.00063912348459886,0.00039608291721256455,1.5894665419480412e-13,0.0012541683179069431,6,0
59,49,0.0007092091344034887,0.0003822601535830558,0.0,0.0012541683179069431,6,0
60,42,0.0008404110107674287,0.0003476427243810546,1.7722453063876715e-06,0.0012541683179069431,6,0
61,44,0.0008067382351051736,0.0004104891501274329,1.5894665419480412e-13,0.001190093234547819,6,0
62,47,0.0008531051099368153,0.0003723217865293849,0.0001236748425584729,0.001190093234547819,6,0
63,44,0.0008534733494704591,0.0004103184300851328,0.0,0.001190093234547819,6,0
64,46,0.0007958122415341458,0.0004234262965279841,0.0,0.001190093234547819,6,0
65,45,0.0008175806238386942,0.0004311514020760199,1.8242273476496898e-06,0.001190093234547819,6,0
66,47,0.0008010324755053748,0.0003934373413508881,0.0,0.001213645653178256,6,0
67,48,0.0008285704327720537,0.00039909473942130393,0.0,0.0012638377692579651,6,0
68,45,0.0009334831409666768,0.0003843747228429347,2.170714952628224e-05,0.0012638377692579651,6,0
69,46,0.0010151894084225784,0.0003449698919405003,2.266163531946554e-05,0.0012638377692579651,6,0
70,47,0.0009361043051100435,0.0004312009003484131,1.5894665419480412e-13,0.0012638377692579651,6,0
71,38,0.0009797007990327731,0.000404742859590952,5.304409369233255e-05,0.0012638377692579651,6,0
72,46,0.0009965431084513526,0.00040682235041472945,0.0,0.0012638377692579651,6,0
73,43,0.0010093239286773923,0.0004099600411030445,1.5894665419480412e-13,0.0012638377692579651,6,0
74,46,0.001034275667870987,0.0003653637977145358,1.579983752273058e-05,0.0012638377692579651,6,0
75,45,0.0009904662911496978,0.0004240979282967138,0.0,0.0012638377692579651,6,0
76,44,0.0009938862820190449,0.00043961119008530174,0.0,0.0012638377692579651,6,0
77,43,0.0010583511930985108,0.00039560089907039004,2.1308299800353654e-05,0.0012638377692579651,6,0
78,43,0.0009958578736094265,0.0004201424078708422,0.0,0.0012638377692579651,6,0
79,48,0.0008988210164078809,0.0004684683355847248,2.1308299800353654e-05,0.0012638377692579651,6,0
80,43,0.001000445725166948,0.0004268959948118188,1.5894665419480412e-13,0.0012638377692579651,6,0
81,44,0.0009476592489602363,0.00043049261856699335,2.1308299800353654e-05,0.0012638377692579651,6,0
82,45,0.000891438550435065,0.0004833906565028844,0.0,0.0012638377692579651,6,0
83,46,0.0009690617958975797,0.0004320419550600955,1.4280910654730452e-05,0.0012638377692579651,6,0
84,45,0.0010013585779803666,0.0004015636628816881,0.0,0.0012638377692579651,6,0
85,44,0.0009420693032425449,0.00046402647863519634,0.0,0.0012638377692579651,6,0
86,44,0.000964771448454219,0.0004381053871432499,0.0,0.0012638377692579651,6,0
87,41,0.0010784843488463227,0.00034443683637678504,1.5894665419480412e-13,0.0012638377692579651,6,0
88,45,0.0009927157443023495,0.00043247113994839106,2.9999049893396206e-05,0.0012638377692579651,6,0
89,46,0.000994330669697536,0.0004566349380557356,0.0,0.0012638377692579651,6,0
90,49,0.0010087145105437748,0.0003867268457350331,2.1308299800353654e-05,0.0012638377692579651,6,0
91,42,0.0010348998072630938,0.00040264719540364645,1.2084612187687653e-06,0.0012638377692579651,6,0
92,46,0.00092888134158454,0.0004990935033180921,0.0,0.0012638377692579651,6,0
93,46,0.0010166185558883468,0.00039530073394914545,2.1308299800353654e-05,0.0012638377692579651,6,0
94,44,0.0009230266860163328,0.0005086558794764089,0.0,0.0012638377692579651,6,0
95,45,0.0010831188845979818,0.0003643329948163951,5.304409369233255e-05,0.0012638377692579651,6,0
96,43,0.0010742273784819414,0.00037835545086694207,2.334845822250506e-05,0.0012638377692579651,6,0
97,42,0.0010639328450227745,0.000392302782715854,1.2443320864655101e-05,0.0012638377692579651,6,0
98,44,0.0009959082733210858,0.00044760957167710996,0.0,0.0012638377692579651,6,0
99,45,0.0010452607474756384,0.000388852977691763,5.304409369233255e-05,0.0012638377692579651,6,0
100,45,0.0010842040680975912,0.0003719020237023783,0.0,0.0012638377692579651,6,0
