gen,nevals,avg,stddev,min,max,run,wlasne_prawd
0,50,0.0,0.0,0.0,0.0,1,3
1,44,2.1914100914962642e-13,4.677290357004888e-13,0.0,1.2174500508312578e-12,1,3
2,42,1.3358824742365896e-10,3.3002621291803343e-10,0.0,1.715727874615181e-09,1,3
3,46,1.2730551618821729e-09,4.112671986716914e-09,0.0,2.3187560861943613e-08,1,3
4,37,2.8898615859536682e-09,5.63951874220558e-09,0.0,2.3187560861943613e-08,1,3
5,49,6.11207187752216e-08,2.235769103173716e-07,0.0,1.5269396681950304e-06,1,3
6,43,1.1963359764948934e-07,2.426896671935701e-07,0.0,1.5269396681950304e-06,1,3
7,47,3.6655996589674065e-07,4.70837346194002e-07,0.0,2.1120603542833546e-06,1,3
8,45,9.069280194047587e-07,2.5641134295355066e-06,8.197384011300828e-13,1.8085071615935303e-05,1,3
9,48,7.611656720057518e-06,2.8209024735924094e-05,0.0,0.00019357301702524376,1,3
10,44,1.579252740484347e-05,3.896863423325279e-05,0.0,0.00019357301702524376,1,3
11,44,8.188171105515318e-05,0.0003253790984688421,0.0,0.002321889985463443,1,3
12,47,0.00015669210069699943,0.00042687272156453524,3.134400061859652e-10,0.002321889985463443,1,3
13,47,0.0003424412289918219,0.0006227728290087657,3.1788867407166974e-10,0.002321889985463443,1,3
14,46,0.0005818930160061749,0.0007197804694964046,1.4086377974595583e-09,0.002321889985463443,1,3
15,38,0.0008815919166935012,0.0009785636188936475,2.5498159876351016e-08,0.0034142022676041128,1,3
16,47,0.0011913830315154986,0.0012247515410195961,5.726294262887682e-08,0.00407137729705265,1,3
17,44,0.0016505205588311653,0.0012534029741027124,5.726294262887682e-08,0.00407137729705265,1,3
18,43,0.0021573120788476257,0.001409202097859366,7.584133274597384e-09,0.004074736978336038,1,3
19,45,0.002156052876536542,0.0017492907993250052,6.833284514504555e-09,0.004246340965062957,1,3
20,41,0.002451351587345773,0.0016140779475578811,5.726294262887682e-08,0.004246340965062957,1,3
21,47,0.002872472502086738,0.0016090085800751425,5.726294262887682e-08,0.004246340965062957,1,3
22,45,0.002078724196323565,0.0019401611133231177,4.4183947480117684e-08,0.00476266895145803,1,3
23,46,0.0022043849724448696,0.0019685862254240987,1.317183619070991e-08,0.0048127063256964316,1,3
24,45,0.002025465749423076,0.002023100896996698,4.3116143633684965e-08,0.005063422355432151,1,3
25,42,0.002304860923530344,0.0020405258588068716,7.476867324469919e-10,0.005063422355432151,1,3
26,43,0.002479272276370526,0.0020043922994237937,9.134861872064196e-09,0.005063422355432151,1,3
27,40,0.0024031152744528363,0.002153191285447394,5.755348475783306e-11,0.005098481600029016,1,3
28,43,0.003009800879750644,0.002105886298028205,9.003044335850966e-08,0.007482613501563586,1,3
29,45,0.002790506921136802,0.0023930500790845287,5.755348475783306e-11,0.008554652565371136,1,3
30,48,0.002531818992022144,0.002582118477824396,1.3881793394752057e-08,0.008554652565371136,1,3
31,48,0.0034087974895998393,0.0027588718812534712,1.3171962856000042e-08,0.008809850371668766,1,3
32,46,0.0036415480738051847,0.0033061280800122145,7.476867324469919e-10,0.008864594418247756,1,3
33,48,0.004562700614956571,0.0035603933809082717,1.525422248816323e-08,0.008915617899184417,1,3
34,47,0.003948030071678536,0.003739718904235837,1.3261781927159387e-08,0.008975280910061743,1,3
35,46,0.005162931907111321,0.003755116065403673,1.3079224260993474e-08,0.008975280910061743,1,3
36,45,0.005096527264356937,0.0038986035092505563,9.179488164585065e-09,0.008975280910061743,1,3
37,47,0.003988979505486843,0.0038452065690571732,1.3177130608241463e-08,0.008975280910061743,1,3
38,46,0.004115619313300105,0.004049668757766146,1.3881793394752057e-08,0.008986932699916317,1,3
39,42,0.0040845667680687306,0.003905570134757115,7.476867324469919e-10,0.008986932699916317,1,3
40,44,0.005096396875567225,0.0039029374836943003,7.476867324469919e-10,0.009009717085943636,1,3
41,39,0.005189099607419601,0.004120074954845221,7.476867324469919e-10,0.008986932699916317,1,3
42,46,0.004317661092965436,0.004025842506553337,3.174859299732893e-08,0.008986932699916317,1,3
43,44,0.005783752499924156,0.0035566115004221914,1.3262415168084794e-08,0.008986932699916317,1,3
44,45,0.006655335169688672,0.0034002698213068693,4.017626948713233e-08,0.008986932699916317,1,3
45,44,0.005502778076710765,0.003916358369333059,1.3881793394752057e-08,0.008986932699916317,1,3
46,47,0.005453584963292765,0.0038194249475806065,1.3149963579556122e-08,0.008986932699916317,1,3
47,41,0.00550818910492704,0.0038605144759390132,1.3881793394752057e-08,0.008986932699916317,1,3
48,41,0.00597783719074794,0.003964860804104723,1.3149963579556122e-08,0.009037793470263214,1,3
49,42,0.005957448314551777,0.00375702904153627,1.3262415168084794e-08,0.008986932699916317,1,3
50,44,0.005003758595650653,0.0039578671485640295,7.476867324469919e-10,0.008986932699916317,1,3
51,45,0.004194576527040202,0.004103537839653882,9.177687799054891e-09,0.008986932699916317,1,3
52,48,0.0050844391118958525,0.004039320532652758,7.476867324469919e-10,0.008986932699916317,1,3
53,49,0.006019228506397119,0.0037987639559030036,7.476867324469919e-10,0.008986932699916317,1,3
54,48,0.007028252062597798,0.003233989232942242,9.183398704494085e-09,0.009009717085943636,1,3
55,42,0.0060938540601306376,0.0038953245751062234,1.3149963579556122e-08,0.009009717085943636,1,3
56,44,0.0061052632944603525,0.003888181276540915,1.3262415168084794e-08,0.009009717085943636,1,3
57,44,0.005881494120900942,0.003982374527143053,1.3149963579556122e-08,0.009009717085943636,1,3
58,45,0.00622676940006886,0.00383647644293705,1.3881793394752057e-08,0.009009717085943636,1,3
59,46,0.005963245935259129,0.003782544046306881,1.3177153676318404e-08,0.009009717085943636,1,3
60,42,0.0057573780569228905,0.003984476481093601,1.3881793394752057e-08,0.009009717085943636,1,3
61,45,0.006135534181538174,0.003876276252618518,1.3881793394752057e-08,0.009009717085943636,1,3
62,47,0.00507688910152956,0.0041167989517952586,9.183398704494085e-09,0.008986932699916317,1,3
63,39,0.006661515426791881,0.0037197963562516324,1.3149963579556122e-08,0.008986932699916317,1,3
64,46,0.007137055138703735,0.0033610649278365194,8.190654962934399e-09,0.008986932699916317,1,3
65,46,0.006212725634887978,0.003845933055395815,7.476867324469919e-10,0.008986932699916317,1,3
66,45,0.006771494527647025,0.0036073744139965315,7.476867324469919e-10,0.008986932699916317,1,3
67,45,0.005860860223937359,0.0039172803002040435,7.476867324469919e-10,0.008986932699916317,1,3
68,44,0.006053213831808343,0.0039536350118152775,7.476867324469919e-10,0.008986932699916317,1,3
69,46,0.006667796593874794,0.00375908977683898,9.183398704494085e-09,0.008986932699916317,1,3
70,46,0.0062562811489338425,0.003842595718636416,9.177687799054891e-09,0.008986932699916317,1,3
71,47,0.00610805603720505,0.003910367592419316,7.476867324469919e-10,0.008986932699916317,1,3
72,48,0.006642596970809805,0.0036645633069284714,7.476867324469919e-10,0.008986932699916317,1,3
73,45,0.006668941589002025,0.0036311022809889294,8.190654962934399e-09,0.008986932699916317,1,3
74,45,0.005281267931543142,0.004170863867471846,7.476867324469919e-10,0.008986932699916317,1,3
75,47,0.00571085794467066,0.003994729770307815,3.497558575670967e-08,0.009037793470263214,1,3
76,45,0.006196179384209857,0.0037630585617743585,7.476867324469919e-10,0.009037793470263214,1,3
77,49,0.006039909942430559,0.0038128249947935898,9.177687799054891e-09,0.00906731658703552,1,3
78,43,0.007112314993392548,0.0033474825468168025,1.3152681588972324e-08,0.00906731658703552,1,3
79,47,0.005775984147048115,0.004069574919795806,7.476867324469919e-10,0.00906731658703552,1,3
80,46,0.007298672151822849,0.0034075540056736995,6.5447274165707595e-09,0.00906731658703552,1,3
81,47,0.006966433115880814,0.0035267747057989365,1.3152681588972324e-08,0.00906731658703552,1,3
82,45,0.006817834415969215,0.003725200842173253,7.476867324469919e-10,0.00906731658703552,1,3
83,45,0.006383933748544993,0.0039343326525659765,8.922175681533674e-09,0.00906731658703552,1,3
84,49,0.006257416584958951,0.003904463389925067,7.476867324469919e-10,0.00906731658703552,1,3
85,46,0.006245767543035343,0.003776522183092242,7.476867324469919e-10,0.00906731658703552,1,3
86,47,0.006353166716156188,0.0036925870139888073,9.763499960608263e-09,0.00906731658703552,1,3
87,46,0.00624891627430183,0.003829852911223425,1.3152681588972324e-08,0.00906731658703552,1,3
88,44,0.006132652666895138,0.0039084317497919616,1.3265380685777053e-08,0.00906731658703552,1,3
89,46,0.006503458892088733,0.00366003135962972,7.476867324469919e-10,0.00906731658703552,1,3
90,43,0.005479595448970193,0.0041088723315984114,7.476867324469919e-10,0.00906731658703552,1,3
91,46,0.006432567375303334,0.003913653441980392,7.476867324469919e-10,0.00906731658703552,1,3
92,45,0.006801378004651073,0.0034632458576963824,7.476867324469919e-10,0.00906731658703552,1,3
93,47,0.005688188003886088,0.003932403234357946,7.816088005494114e-09,0.00906731658703552,1,3
94,45,0.006179182410525047,0.00386257181394417,7.476867324469919e-10,0.00906731658703552,1,3
95,44,0.007488051667174661,0.0031818156123362184,1.3881793394759462e-08,0.00906731658703552,1,3
96,44,0.00665096164824815,0.0037808509234446286,7.476867324469919e-10,0.00906731658703552,1,3
97,42,0.006590326715164737,0.0035918514133998444,7.476867324469919e-10,0.00906731658703552,1,3
98,47,0.00718182307340648,0.0032909718054282477,7.816088005494114e-09,0.00906731658703552,1,3
99,43,0.006732799253351942,0.003607111441587673,1.3152681588972324e-08,0.00906731658703552,1,3
100,39,0.00624633872391922,0.003990330183589949,9.763499960608263e-09,0.00906731658703552,1,3
