gen,nevals,avg,stddev,min,max,run,wlasne_prawd
0,50,0.0,0.0,0.0,0.0,6,1
1,43,1.2174500508312577e-13,3.652350152493773e-13,0.0,1.2174500508312578e-12,6,1
2,44,7.799631963481326e-11,2.2301294463737214e-10,0.0,7.437258263850433e-10,6,1
3,44,5.269363151300983e-10,6.740898192061589e-10,0.0,4.4593252930584904e-09,6,1
4,47,1.3417816197684391e-09,2.228857086612242e-09,0.0,1.3748352374274058e-08,6,1
5,44,2.121002286913595e-08,9.955434726135901e-08,0.0,6.942890209472824e-07,6,1
6,47,1.3837657979373068e-07,2.504680255415266e-07,0.0,1.0235602927167961e-06,6,1
7,42,3.650995830540345e-07,4.363305976657361e-07,0.0,2.1410449050870806e-06,6,1
8,45,1.177978678038194e-06,2.840213159973817e-06,0.0,1.7903178404003716e-05,6,1
9,46,1.0073668639481424e-05,3.0177154105257302e-05,0.0,0.00016268640964771003,6,1
10,45,3.638940853988284e-05,7.178620781996057e-05,0.0,0.0004084808359792407,6,1
11,47,0.00010103295986994341,0.00010856922239546596,2.274846706538671e-18,0.0004084808359792407,6,1
12,45,0.0001535019881640479,0.00014167867114508995,0.0,0.00043215448064619225,6,1
13,45,0.00016777045544968442,0.0001589353994776827,0.0,0.00043215448064619225,6,1
14,47,0.00023743757151960894,0.00021285226618277173,2.274846706538671e-18,0.001117424634646773,6,1
15,44,0.0002887891113731395,0.00026084899324336206,0.0,0.001117424634646773,6,1
16,46,0.000331194235838113,0.00030830526580323943,0.0,0.0013157124716208235,6,1
17,47,0.00045727117604782376,0.0004115828086324813,0.0,0.0013157124716208235,6,1
18,45,0.0006270920070033338,0.0005063534114279763,1.2174500508312578e-12,0.0013707107788474503,6,1
19,42,0.0008288308439583507,0.0005457655293863881,0.0,0.0017093473790529136,6,1
20,42,0.0008313181226320329,0.0006160414980430227,0.0,0.0017093473790529136,6,1
21,43,0.0009430722379478397,0.0006135793180959,0.0,0.0017093473790529136,6,1
22,45,0.0009301578532854797,0.0006334846048566389,0.0,0.001883569986742404,6,1
23,44,0.0011137891508908667,0.0006900660403332514,0.0,0.001883569986742404,6,1
24,42,0.00121683237524461,0.000695859134480044,2.274846706538671e-18,0.001885065117831673,6,1
25,47,0.0007086654528316667,0.0007675521118765476,0.0,0.001885065117831673,6,1
26,44,0.0009537722881270331,0.000733031868486495,0.0,0.001885065117831673,6,1
27,47,0.0009040538622149096,0.0007767178023775814,0.0,0.001932632251526315,6,1
28,46,0.0009562601407807204,0.0008162993283360629,0.0,0.001932632251526315,6,1
29,42,0.0011187597340636963,0.0007950921097812618,1.7763568394002505e-18,0.001932632251526315,6,1
30,43,0.0011246695619387419,0.000856332001656526,0.0,0.001932632251526315,6,1
31,46,0.000855094499738293,0.0007523094032832532,0.0,0.001932632251526315,6,1
32,48,0.0008503681268396143,0.0008077833821717825,0.0,0.001932632251526315,6,1
33,44,0.0009665492133386447,0.0008213387736115507,1.8003515080851708e-08,0.001932632251526315,6,1
34,45,0.0008686918514405787,0.0008506665670999173,0.0,0.001932632251526315,6,1
35,43,0.0007783709492208868,0.0007838404053571576,5.617993417688816e-08,0.001932632251526315,6,1
36,43,0.0009807188462018855,0.000831247943998,0.0,0.001932632251526315,6,1
37,45,0.001003442641139216,0.0008526040827962178,0.0,0.001932632251526315,6,1
38,41,0.0010493866414165837,0.0008656090928846318,0.0,0.001932632251526315,6,1
39,45,0.0012521794328229493,0.0008056098039398539,0.0,0.001932632251526315,6,1
40,42,0.0011763361476030433,0.0008529996881361994,0.0,0.001932632251526315,6,1
41,48,0.001017392706798056,0.0008601649398515758,0.0,0.001932632251526315,6,1
42,44,0.0010854351801030233,0.0008556499957159599,2.0121687133906477e-06,0.001932632251526315,6,1
43,46,0.001060780884856894,0.000822097583613492,0.0,0.0019494345464698092,6,1
44,46,0.0011621826467831998,0.0008592900531400156,0.0,0.0019494345464698092,6,1
45,45,0.001089727587178764,0.0008521172763238446,0.0,0.001956534147625711,6,1
46,46,0.000890745662819386,0.0008876169400816354,0.0,0.001956534147625711,6,1
47,46,0.0008564844248509248,0.000843707722992409,0.0,0.001956534147625711,6,1
48,45,0.0009511589045262957,0.0008521640176005957,0.0,0.001956534147625711,6,1
49,43,0.0010180657564596986,0.0008276973217550396,2.8105387483000447e-09,0.001956534147625711,6,1
50,48,0.0012713215770784312,0.000826079145350953,0.0,0.001956534147625711,6,1
51,46,0.0011789409145033219,0.000868290358170343,2.8105387483000447e-09,0.001956534147625711,6,1
52,41,0.0014646451043070256,0.0007422313986116096,0.0,0.001958080175014436,6,1
53,45,0.0011158125492677629,0.0008443419151100875,0.0,0.001958080175014436,6,1
54,46,0.0010959274036468822,0.0008405137069804399,0.0,0.001956534147625711,6,1
55,47,0.0010791870780714559,0.0008744260343498745,0.0,0.001956534147625711,6,1
56,45,0.001234467977215952,0.0008570110559871935,1.2656604349694753e-07,0.001956534147625711,6,1
57,43,0.0013831374103133029,0.0007726216799963301,0.0,0.001956534147625711,6,1
58,48,0.0011334127864838011,0.0008724226629734524,0.0,0.001956534147625711,6,1
59,44,0.0011978325227707156,0.000865635152341894,0.0,0.001956534147625711,6,1
60,44,0.0012596021494776259,0.0008235192537400477,0.0,0.001956534147625711,6,1
61,44,0.0013198227546787206,0.0008363522393553985,0.0,0.001956534147625711,6,1
62,45,0.0011298563365953944,0.0008474475541204296,0.0,0.001956534147625711,6,1
63,46,0.001336838694000021,0.0007936944680810008,3.3188357711933525e-08,0.001956534147625711,6,1
64,45,0.0013651322664717737,0.0008108401594281394,0.0,0.001956534147625711,6,1
65,45,0.0014364761808834487,0.000792449222503047,0.0,0.001956534147625711,6,1
66,41,0.0014607769188447481,0.0007423565943918802,2.7627101020173657e-06,0.001956534147625711,6,1
67,42,0.0012583693705037866,0.0008310895196093076,0.0,0.001956534147625711,6,1
68,45,0.0011357367891004105,0.0008339948550062529,0.0,0.001956534147625711,6,1
69,45,0.0012344798274730691,0.0008259256504298426,0.0,0.001956534147625711,6,1
70,47,0.001359971534552596,0.0008164465269469215,0.0,0.001956534147625711,6,1
71,47,0.001358698839190136,0.000834015071998078,0.0,0.0020101410805222204,6,1
72,48,0.001235737487882623,0.0008480994882692031,0.0,0.001956534147625711,6,1
73,46,0.001372469388753839,0.000789314940536816,0.0,0.001956534147625711,6,1
74,43,0.0013063350332737959,0.0008210500918649003,0.0,0.001956534147625711,6,1
75,44,0.0013228521361906304,0.0008321744113389521,0.0,0.001956534147625711,6,1
76,41,0.0013373606037704053,0.0008581342766623173,0.0,0.001956534147625711,6,1
77,43,0.0014097447897426498,0.0008047721095553646,0.0,0.001956534147625711,6,1
78,43,0.0013599520870456897,0.0008202493445671458,0.0,0.001956534147625711,6,1
79,49,0.001172853460843412,0.0008414953059022984,0.0,0.001956534147625711,6,1
80,45,0.0012981771568589835,0.0008469510149390277,1.2656604349694753e-07,0.001956534147625711,6,1
81,45,0.0013633028906581662,0.0008395872171834255,9.86288530914332e-06,0.001956534147625711,6,1
82,45,0.0011984361793095878,0.0008223092298181522,0.0,0.001956534147625711,6,1
83,45,0.0013964576876970714,0.0007982056535680887,0.0,0.001956534147625711,6,1
84,43,0.0013266019120802108,0.0008205788932338672,0.0,0.001956534147625711,6,1
85,41,0.0015446143281673801,0.0007415547290658232,0.0,0.001956534147625711,6,1
86,43,0.0015233664292098603,0.0007498843975275778,0.0,0.001956534147625711,6,1
87,44,0.0013981435251052793,0.0007788994762368639,0.0,0.001956534147625711,6,1
88,45,0.0011943679847220407,0.0008840962139147233,0.0,0.001956534147625711,6,1
89,47,0.0014104094082410732,0.0007962951317959278,5.942583006549391e-08,0.001956534147625711,6,1
90,44,0.0013186896600280715,0.0008235512790014484,0.0,0.001956534147625711,6,1
91,45,0.0013715725465865327,0.0008331924050311183,0.0,0.001956534147625711,6,1
92,48,0.0013595333484679212,0.0008222350122097723,1.1865589683451238e-06,0.001956534147625711,6,1
93,47,0.0013841525953418622,0.0008324311763326629,0.0,0.001956534147625711,6,1
94,45,0.0013932649559283928,0.0008222186800246772,0.0,0.001956534147625711,6,1
95,44,0.001249926468368032,0.0008589731614207269,1.2656604349694753e-07,0.001956534147625711,6,1
96,44,0.0013450104493687367,0.00085229440060836,0.0,0.001956534147625711,6,1
97,46,0.0014149244816495329,0.0008135366337283099,1.2656604349694753e-07,0.001956534147625711,6,1
98,40,0.0016145314385718644,0.0006642702812692211,0.0,0.001956534147625711,6,1
99,46,0.001420007449128334,0.0007970782448182464,2.181111659301021e-06,0.001956534147625711,6,1
100,45,0.001473972264637858,0.0008016026372760389,0.0,0.001956534147625711,6,1
