gen,nevals,avg,stddev,min,max,run,wlasne_prawd
0,50,0.0,0.0,0.0,0.0,1,2
1,42,2.678390111828767e-13,5.043241833064977e-13,0.0,1.2174500508312578e-12,1,2
2,43,1.5703049372693872e-10,3.5102886193251127e-10,0.0,1.7157278746143797e-09,1,2
3,47,7.901754995983201e-10,1.972448910026643e-09,0.0,1.3748352374274058e-08,1,2
4,45,5.037486329653247e-09,1.624429643382137e-08,0.0,7.76699690118266e-08,1,2
5,44,9.805341746374836e-09,1.8698307689899556e-08,0.0,7.76699690118266e-08,1,2
6,46,4.2580264085957585e-08,7.523787688926608e-08,0.0,5.097754541647434e-07,1,2
7,47,5.567877691793517e-07,3.2146673909424702e-06,0.0,2.3037217956846534e-05,1,2
8,40,2.65329686510419e-06,7.853124472210453e-06,0.0,3.6583128880080495e-05,1,2
9,41,9.45077206695803e-06,1.3857154837604895e-05,1.217456021211065e-12,4.4036909353040605e-05,1,2
10,47,2.333745321613787e-05,1.9078667211855677e-05,6.697343945420905e-12,9.99748814465171e-05,1,2
11,48,2.6500360309094647e-05,2.031917930633322e-05,8.197384011300828e-13,8.703118968262654e-05,1,2
12,45,3.9211532015987384e-05,1.7377824443424168e-05,2.5227212338306726e-08,9.99748814465171e-05,1,2
13,43,4.2283362706561523e-05,2.6119213739858283e-05,9.123703417534869e-10,9.99748814465171e-05,1,2
14,47,3.401520991864672e-05,2.7080872195773624e-05,2.5908210467537577e-11,8.760785042939508e-05,1,2
15,45,5.2192861240201684e-05,3.024436030457715e-05,7.131111647830547e-11,9.857416248783368e-05,1,2
16,44,5.671736807352542e-05,3.6182058366431514e-05,8.197693969336347e-13,0.00010386532231880116,1,2
17,46,7.647534095906125e-05,2.6993911429780807e-05,4.685102789709318e-08,0.00010386532231880116,1,2
18,45,8.0386937450779e-05,3.284255048077654e-05,9.671389739444517e-09,0.00010894245265024807,1,2
19,47,7.178264208759037e-05,3.74502209565902e-05,1.0806665075303932e-08,0.00011714636855005618,1,2
20,45,8.782842499731887e-05,3.736303579320126e-05,1.0469773040391209e-09,0.0001431657492137758,1,2
21,44,0.00010175691077841394,3.658702844045591e-05,8.182599277291984e-09,0.0001436693690924812,1,2
22,47,0.00010906794045235723,3.8780062231257634e-05,3.760358761862202e-08,0.00016430741817568888,1,2
23,48,0.00011463586620240249,4.773871716471963e-05,2.5908218437318286e-11,0.00016438465219634462,1,2
24,44,0.00012274266260906144,4.576967908852732e-05,1.6694848061919878e-08,0.00016613266180885296,1,2
25,44,0.00011026603812728862,6.227745789023618e-05,3.3600019841025e-08,0.00016677663281072054,1,2
26,47,0.00013351303968553077,4.5792379774303224e-05,3.2386450494463445e-08,0.00016764739375540335,1,2
27,45,0.00014373881587634248,4.277310659312232e-05,3.2386450494463445e-08,0.00016854461362282924,1,2
28,46,0.00014210614028075454,5.080201854542817e-05,3.2386450494463445e-08,0.00019400542166337243,1,2
29,46,0.0001400728658106571,6.062845362448702e-05,7.952002250083483e-09,0.00034233786123493386,1,2
30,45,0.0001414568016237412,7.189476546452278e-05,6.27594678399759e-09,0.00034233786123493386,1,2
31,47,0.00015288667538844184,8.914567253498391e-05,7.419132261271787e-09,0.00034233786123493386,1,2
32,43,0.00017604192663447368,0.00010599335640475526,1.710870358860069e-08,0.00034233786123493386,1,2
33,45,0.00015653885066133492,0.00011027298071555597,5.2131515406145544e-09,0.00034233786123493386,1,2
34,47,0.00020227966214960411,0.00010709901899654243,2.8198816489019534e-08,0.00034233786123493386,1,2
35,42,0.00019366547804863105,0.0001238932190127221,6.301840724761245e-09,0.000347850780049169,1,2
36,48,0.00017978794292764018,0.0001283465472306361,1.710870358860069e-08,0.000347850780049169,1,2
37,43,0.00020673569846441648,0.00011806879860235018,4.835201990214194e-08,0.0003983261922291076,1,2
38,41,0.0002184265533870764,0.00013270179827615228,2.7092953397522367e-09,0.0003983261922291076,1,2
39,45,0.00022481898022077502,0.00012905104199557668,7.979115831626133e-06,0.00040774367000050865,1,2
40,46,0.00021866717940164846,0.00013204385477038586,1.225501019127096e-07,0.00042345457222917087,1,2
41,45,0.00021909701916966807,0.00015130722222605477,2.4253254627582107e-08,0.00042805973274926876,1,2
42,46,0.00025711890956821933,0.00013966068838611,2.4253254627582107e-08,0.00042805973274926876,1,2
43,47,0.0002482380564714111,0.00016233844646856212,2.4253254627582107e-08,0.0004966621272395442,1,2
44,46,0.0002821718921780605,0.00015648432267722416,2.4253254627582107e-08,0.0004966621272395442,1,2
45,44,0.0003091575333891024,0.00015353757644112373,2.826193843038347e-08,0.0005008745057076994,1,2
46,45,0.00031626692640536474,0.00016159036453007513,8.648790201691181e-07,0.0005008745057076994,1,2
47,41,0.0003691619001929302,0.0001701703722359909,1.3128311033416265e-08,0.0005008745057076994,1,2
48,47,0.0003063590403093956,0.00018170749405747828,4.474372165000648e-06,0.0005008745057076994,1,2
49,45,0.00038508431625178474,0.00016722005731156542,1.0389501286531811e-08,0.0006446913954870737,1,2
50,46,0.00036398368200510947,0.00019342283432719713,1.1278889315529638e-08,0.0006446913954870737,1,2
51,48,0.00035345310475154776,0.00024337659509221315,1.1278889315529638e-08,0.0006446913954870737,1,2
52,44,0.0003368432321365291,0.00020837889261834952,1.1278889315529638e-08,0.0006446913954870737,1,2
53,46,0.000391554542884702,0.00018946000249333732,1.3123161639058532e-08,0.0006446913954870737,1,2
54,47,0.00035826609469069353,0.00021391010585002855,1.0389501286531811e-08,0.0006446913954870737,1,2
55,44,0.00040918254122602576,0.00022891446198800697,9.80252532299866e-09,0.0006446913954870737,1,2
56,44,0.000373972630886063,0.0002309244010666216,1.3128311033416265e-08,0.0006446913954870737,1,2
57,46,0.0003606831723709942,0.0002359105828404193,1.0389501286531811e-08,0.0006446913954870737,1,2
58,45,0.00038803283104617075,0.00021053821601033906,1.3128311033416265e-08,0.0006446913954870737,1,2
59,41,0.0004273946820924317,0.00023104673410098348,2.362609305040268e-05,0.0006446913954870737,1,2
60,44,0.0004070729595068964,0.0002421734547246006,1.1278889315529638e-08,0.0006446913954870737,1,2
61,45,0.0004336702659130026,0.00025087873701004935,1.1278889315529638e-08,0.0006446913954870737,1,2
62,45,0.00040235651472819565,0.0002377918252876862,9.809820528373778e-09,0.0006446913954870737,1,2
63,42,0.0004261969275491104,0.00024028703506724175,9.809820528373778e-09,0.0006446913954870737,1,2
64,44,0.00047818527675670355,0.0002325525515105318,9.809820528373778e-09,0.0006446913954870737,1,2
65,43,0.00042981039915230315,0.00023816120987868827,1.0389501286531811e-08,0.0006446913954870737,1,2
66,44,0.00039677177432273297,0.00025420946032833944,1.0389501286531811e-08,0.0006446913954870737,1,2
67,42,0.0003976523917797701,0.0002469226255541546,1.0389501286531811e-08,0.0006446913954870737,1,2
68,46,0.00040683534782955404,0.00023754212744555542,1.0389501286531811e-08,0.0006446913954870737,1,2
69,46,0.0003894856594226354,0.00023829984929281224,1.1278889315529638e-08,0.0006446913954870737,1,2
70,45,0.00040450048628363474,0.00022897183520576158,9.809820528373778e-09,0.0006446913954870737,1,2
71,44,0.0004657835492671141,0.00021740140717383966,4.272544525790915e-05,0.0006446913954870737,1,2
72,46,0.0004413580532053886,0.00024682026636611197,9.809820528373778e-09,0.0006446913954870737,1,2
73,41,0.0004285157195327353,0.00024386471363610786,1.1278889315529638e-08,0.0006446913954870737,1,2
74,42,0.0003914958537630307,0.0002242819379670379,1.1341494620926223e-08,0.0006446913954870737,1,2
75,45,0.000391386347086515,0.00024700025501611715,1.0389501286531811e-08,0.0006446913954870737,1,2
76,48,0.00042001183759543255,0.00024031631918878962,1.3128311033416265e-08,0.0006446913954870737,1,2
77,40,0.0004522462285969834,0.00023486512108873676,1.0389501286531811e-08,0.0006446913954870737,1,2
78,46,0.000388507411757395,0.0002481113526754886,1.1278889315529638e-08,0.0006446913954870737,1,2
79,46,0.000506647983083179,0.00019879021986965667,1.1278889315529638e-08,0.0006446913954870737,1,2
80,45,0.00047983410920646034,0.0002328295929638227,1.3128311033416265e-08,0.0006446913954870737,1,2
81,46,0.00046697094670556896,0.00022007688783328246,6.811544909206239e-05,0.0006446913954870737,1,2
82,45,0.0005161619001389975,0.00020832737043963785,2.8364558746365915e-05,0.0006446913954870737,1,2
83,42,0.0004916093342968564,0.00022541321144573846,1.0389501286531811e-08,0.0006446913954870737,1,2
84,46,0.00042137410891628763,0.00024758769374557673,9.809820528373778e-09,0.0006446913954870737,1,2
85,44,0.0004699906687463665,0.0002288053816141201,1.0389501286531811e-08,0.0006446913954870737,1,2
86,42,0.00037682788123748564,0.0002372253112185283,1.0389501286531811e-08,0.0006446913954870737,1,2
87,44,0.00043543728403784766,0.00023785653986188124,9.809820528373778e-09,0.0006446913954870737,1,2
88,48,0.0005048929733465847,0.00020929962247428764,1.0389501286531811e-08,0.0006446913954870737,1,2
89,44,0.00044230682145236447,0.0002228447066150669,2.8364558746365915e-05,0.0006446913954870737,1,2
90,45,0.00038494011066691195,0.00026548148853286545,9.809820528373778e-09,0.0006446913954870737,1,2
91,46,0.00041912449412654284,0.0002502896209808606,1.3128311033416265e-08,0.0006446913954870737,1,2
92,46,0.0005026660062090912,0.00020881697124342915,5.0692997794077446e-05,0.0006446913954870737,1,2
93,44,0.0004818238515251858,0.00021354508096565922,1.1278889315529638e-08,0.0006446913954870737,1,2
94,46,0.0004120497484837167,0.0002228365161224516,1.3128311033416265e-08,0.0006446913954870737,1,2
95,44,0.000482352402464061,0.00022236423690083954,1.0389501286531811e-08,0.0006446913954870737,1,2
96,43,0.0005113916237016116,0.0002081599293575431,1.1278889315529638e-08,0.0006446913954870737,1,2
97,42,0.0004628698521821888,0.00024449310754185257,9.809820528373778e-09,0.0006446913954870737,1,2
98,45,0.0004439366234170865,0.00022921279148794735,9.809820528373778e-09,0.0006446913954870737,1,2
99,47,0.0004127614928390227,0.00023044311307510791,1.0389501286531811e-08,0.0006446913954870737,1,2
100,46,0.0004450485251492323,0.00022084802239020769,9.809820528373778e-09,0.0006446913954870737,1,2
