gen,nevals,avg,stddev,min,max,run,wlasne_prawd
0,50,0.0,0.0,0.0,0.0,6,2
1,43,1.9479200813300125e-13,4.4632456102096584e-13,0.0,1.2174500508312578e-12,6,2
2,48,1.4532225143179214e-10,3.408857469120416e-10,0.0,1.7157278746143797e-09,6,2
3,44,6.606057580746066e-10,7.156614719047013e-10,0.0,4.4593252930584904e-09,6,2
4,44,2.1370243870409914e-09,4.339465075653572e-09,0.0,2.3178835060066e-08,6,2
5,47,4.65475741829995e-09,8.290408063306681e-09,0.0,4.586078718309489e-08,6,2
6,46,2.6048117437712362e-08,1.1024420202940523e-07,0.0,7.837892843141037e-07,6,2
7,45,1.1034665721278431e-07,2.7904013363780416e-07,0.0,1.3764507120719667e-06,6,2
8,43,5.985045613105557e-07,1.996658060178916e-06,0.0,1.4273057721743831e-05,6,2
9,45,7.220542211879876e-06,3.0772001085909726e-05,0.0,0.00021334075734844786,6,2
10,49,1.6741580354016374e-05,4.115569759211862e-05,9.385211784057538e-10,0.00021334075734844786,6,2
11,42,6.0263967437437976e-05,0.00011541731821878559,1.6721940645821073e-09,0.0005587381283748169,6,2
12,42,0.00011594224880976738,0.0001368199312974506,0.0,0.0005587381283748169,6,2
13,45,0.00020642042158825022,0.00019862222764668115,7.558945231779093e-14,0.0006226703225061671,6,2
14,48,0.00024744480217186066,0.00022999451529744764,0.0,0.0005801583860035601,6,2
15,47,0.0003070249632504042,0.0002494197333734421,0.0,0.0006280673678960058,6,2
16,44,0.00031571555831522695,0.00025939286630854476,0.0,0.0006280673678960058,6,2
17,43,0.00038418771810038013,0.00025419814740891105,7.558945231779093e-14,0.0006364363805995024,6,2
18,47,0.00040823586142148477,0.00024538228062916074,0.0,0.0007019161957703264,6,2
19,44,0.0003211232227824056,0.000300692578834526,0.0,0.0008181386944530857,6,2
20,45,0.0003009256441325469,0.0002534302584924674,0.0,0.0007258685144115393,6,2
21,47,0.00033877950983409914,0.00028075367754737396,0.0,0.0007258685144115393,6,2
22,46,0.0003377230971265368,0.00028256956744820457,0.0,0.000787611113378534,6,2
23,42,0.0003919885615217152,0.0002759840663424474,0.0,0.0007954671894974341,6,2
24,44,0.00036141920360225385,0.0002904143260897688,7.558945230338907e-14,0.0007954671894974341,6,2
25,46,0.0003702179641701106,0.00030730692766949247,0.0,0.0008903112989930951,6,2
26,46,0.0003478000687440516,0.0002783020230104706,2.8191286375940287e-08,0.0008972068200653403,6,2
27,42,0.0003879503372239777,0.0003005220692749317,0.0,0.0008972068200653403,6,2
28,47,0.00037073638141463976,0.00032405767711645605,0.0,0.0008972068200653403,6,2
29,44,0.0003147100525223598,0.00029935446284280997,0.0,0.0008972068200653403,6,2
30,45,0.0003315130467962021,0.00029164864114960203,0.0,0.0008998128351019896,6,2
31,44,0.00030285361133306225,0.0003296466989453324,0.0,0.0008998128351019896,6,2
32,48,0.00037775499845880983,0.00032644567036205305,0.0,0.0008998128351019896,6,2
33,44,0.00040033350990613246,0.00034894004591076445,0.0,0.0008998128351019896,6,2
34,44,0.00042759274055002584,0.0003564828057891155,0.0,0.0009023873721209322,6,2
35,42,0.00047973809278494526,0.0003424801219102165,2.276399261616426e-08,0.0009272073555474501,6,2
36,47,0.00043057669963148117,0.0003571609106888664,7.558945230338907e-14,0.000982958472764407,6,2
37,43,0.0004171124512112003,0.00037163496953079416,2.276399261616426e-08,0.000939529989464503,6,2
38,45,0.0004966244210027173,0.000424073954442716,2.2929966114490105e-08,0.000982958472764407,6,2
39,46,0.0005410741902531889,0.00039333794754744416,0.0,0.000982958472764407,6,2
40,43,0.0005321154025155957,0.0004124739050998987,0.0,0.000982958472764407,6,2
41,48,0.00053412475322813,0.0004130258368161212,6.663064568990702e-14,0.000982958472764407,6,2
42,49,0.0005369407424713401,0.0003980285018191748,2.2929966114490105e-08,0.0009834107640245412,6,2
43,46,0.0007104478146682023,0.00034476040839750727,0.0,0.0009834107640245412,6,2
44,41,0.0005474183556675554,0.0004221486323223779,6.662602121086496e-14,0.0009834107640245412,6,2
45,47,0.0005744266041529093,0.00042228745934843925,1.7828136204427573e-08,0.0009845211406525364,6,2
46,46,0.0006014922201196462,0.00040561197653873145,0.0,0.0009845211406525364,6,2
47,44,0.0006500403847657394,0.00039961326096707087,0.0,0.000985049812354902,6,2
48,43,0.0006577615122650017,0.0004166044980687447,0.0,0.000985049812354902,6,2
49,44,0.000712783297210528,0.00039719813732920766,3.4669098168939393e-06,0.0011091980721095957,6,2
50,45,0.0007214473202337039,0.0003922670332671529,2.3207976708843113e-08,0.0011091980721095957,6,2
51,46,0.0007326138535751878,0.0004138229951490447,0.0,0.0011933780432865626,6,2
52,47,0.0007338523452046312,0.00043559621146109463,0.0,0.0011933780432865626,6,2
53,42,0.0007458985368599561,0.0004750094561858413,1.6273037294806894e-06,0.0013202261149727586,6,2
54,46,0.0007942189814868029,0.0004603801352601754,0.0,0.0013202261149727586,6,2
55,46,0.000664261165724087,0.0005106144784084964,0.0,0.0013202261149727586,6,2
56,45,0.0008340066232721562,0.0004654143313912668,6.663718256144852e-14,0.0013202261149727586,6,2
57,46,0.0007915369984127754,0.0005016756414103865,9.474205652015016e-07,0.0012386879742725706,6,2
58,46,0.0006595779782833724,0.0005587722714693016,6.663718256144852e-14,0.0014637513652156476,6,2
59,49,0.0004791087013986026,0.0005181748445961797,4.3440356481210044e-07,0.001490566648698939,6,2
60,48,0.0007560688225365817,0.0005841191610211386,6.674754288244662e-14,0.002262626889440713,6,2
61,48,0.0007940407829045801,0.0006193835880983536,0.0,0.002262626889440713,6,2
62,43,0.0009484429083858818,0.0007160264079140721,1.3119906363447202e-06,0.002294452868335978,6,2
63,43,0.0010477642371915783,0.0007720078441500047,0.0,0.002294452868335978,6,2
64,46,0.0010904864688751036,0.0008637865616846321,8.156584996783867e-14,0.002294452868335978,6,2
65,48,0.0010231256342961674,0.0009143110896425654,2.0746698275586137e-06,0.002310489428268389,6,2
66,43,0.0014521184155571762,0.000844283255002255,1.9422788679639787e-06,0.002310489428268389,6,2
67,46,0.001316492251703403,0.0009642210933107991,6.662362150730046e-14,0.002310489428268389,6,2
68,43,0.0014690048808332571,0.0009422148529559031,8.381551982614905e-07,0.002310489428268389,6,2
69,44,0.0014081184454795362,0.0009960818696292072,1.8478630829682815e-06,0.0023310488916568448,6,2
70,42,0.0014890220793844717,0.0010033828667124693,1.8035455867984596e-06,0.002310489428268389,6,2
71,43,0.0016442140112014677,0.000937566248721155,2.0746698275586137e-06,0.0023178656437755608,6,2
72,44,0.0015219183128042128,0.0009705817539952017,1.839717202166084e-08,0.0024023486921419955,6,2
73,44,0.0014191908998269745,0.000985909344408877,5.137012438722619e-06,0.002471557276866221,6,2
74,43,0.0014927574609771717,0.000995292718331322,4.740016153203801e-06,0.0024740376160644617,6,2
75,44,0.0016355664990107142,0.0010386654130181408,1.2296990664038211e-06,0.0025263644348389245,6,2
76,48,0.001392572751294331,0.0010339054749962712,4.230508385296276e-06,0.0025263644348389245,6,2
77,41,0.0014024401925164171,0.0011013653095584915,6.660522934052176e-14,0.0025263644348389245,6,2
78,43,0.0017629854626487744,0.0009682873260285895,8.991683353725552e-06,0.0025263644348389245,6,2
79,46,0.0017734127017912703,0.0009943065482324296,3.3586260807692385e-06,0.0025263644348389245,6,2
80,44,0.001405711043485589,0.0010928547612634588,3.3586260807692385e-06,0.0025263644348389245,6,2
81,46,0.0019007719772209026,0.001003317962335127,1.453820383687968e-06,0.0025263644348389245,6,2
82,45,0.0017997342047667713,0.0009831522530722489,1.1938272960212311e-06,0.0025263644348389245,6,2
83,46,0.0018234574112807472,0.000998782789360064,9.881561157603439e-07,0.0025263644348389245,6,2
84,46,0.001621672346278816,0.001058559327222629,1.1040989957589354e-06,0.0025263644348389245,6,2
85,41,0.0019399669294823845,0.000987640429762066,9.881561157603439e-07,0.0025324400912761567,6,2
86,43,0.0016344109231438682,0.0010716142039339086,9.881561157603439e-07,0.0025324400912761567,6,2
87,47,0.0017506613144987323,0.001024672524537722,2.6006535279631383e-06,0.002545495605786861,6,2
88,43,0.0016756785049102125,0.001085916683706919,9.22499997622237e-07,0.002545495605786861,6,2
89,44,0.00155186704799332,0.0011165024672304634,8.547203530465385e-07,0.002545495605786861,6,2
90,49,0.0014000784420235956,0.0010841352068024237,1.8761028090999073e-08,0.0025324400912761567,6,2
91,46,0.0018492962571609194,0.0009296983743707434,1.0455337000710356e-06,0.0025324400912761567,6,2
92,42,0.0016657666486410167,0.001061330640512084,8.769711557426603e-08,0.0025324400912761567,6,2
93,47,0.0015856436640547887,0.001058862566186372,4.281498021757102e-06,0.0025324400912761567,6,2
94,44,0.0015717706018981803,0.0010794839546502402,6.625999383595052e-14,0.0025324400912761567,6,2
95,46,0.0017384679746633527,0.000987838817541804,8.864815540978833e-14,0.0025324400912761567,6,2
96,45,0.001687107372912607,0.0009562833862471654,5.280171550012848e-06,0.0025324400912761567,6,2
97,43,0.001425744848097173,0.0011179913641786968,0.0,0.0025324400912761567,6,2
98,43,0.001667943667665872,0.0010429870342544129,1.4943091629869162e-06,0.0025324400912761567,6,2
99,47,0.0014640861277329207,0.0011170028581144514,2.102877100836903e-07,0.0025324400912761567,6,2
100,43,0.0017954463095322777,0.0009544845749485558,8.865721237639311e-14,0.0025324400912761567,6,2
