gen,nevals,avg,stddev,min,max,run,wlasne_prawd
0,50,0.0,0.0,0.0,0.0,5,3
1,45,1.704430071163761e-13,4.224393790862678e-13,0.0,1.2174500508312578e-12,5,3
2,46,1.3881033503852217e-10,3.4211765706995434e-10,0.0,1.715727874615181e-09,5,3
3,49,7.925948621016252e-09,5.292208603027522e-08,0.0,3.7836725563624193e-07,5,3
4,44,2.1458240254048433e-06,1.4991907758170813e-05,0.0,0.00010708904605543037,5,3
5,43,7.231334620001653e-06,2.633907016487736e-05,0.0,0.00011637010792330626,5,3
6,45,3.791303827254589e-05,0.00013129791277716844,0.0,0.0009042621251605192,5,3
7,47,0.00011002233247077218,0.00024536629939802916,0.0,0.000991126148890729,5,3
8,46,0.0001520404215760573,0.0002681957436707245,0.0,0.000991126148890729,5,3
9,46,0.0003150649033627188,0.0003747153010645811,0.0,0.0012213111918264936,5,3
10,46,0.0004746417558442564,0.00046255916661167696,0.0,0.0012967670652344694,5,3
11,46,0.0007551779946418856,0.0005098041657556358,0.0,0.0013464094656620697,5,3
12,48,0.0007777259084154517,0.0005186523089512235,0.0,0.001521386919371179,5,3
13,45,0.0008987622849038438,0.0005048937233397958,0.0,0.001563306920944935,5,3
14,42,0.0009142162185976264,0.0005738795194843186,0.0,0.0015596534217019028,5,3
15,45,0.0007988588448166399,0.0006421778079467702,0.0,0.001568647600680814,5,3
16,43,0.0009670165714152852,0.0006008487501061506,4.201420352299324e-13,0.0015597083340790673,5,3
17,40,0.0011613236495641942,0.0004977847557108112,0.0,0.0015679493184539769,5,3
18,46,0.00084823517345867,0.0006066134496065955,0.0,0.001560311152623318,5,3
19,44,0.0010245196889624784,0.0005745493862632252,0.0,0.001560311152623318,5,3
20,44,0.0009847992400910679,0.0006144487123505576,0.0,0.001560311152623318,5,3
21,40,0.0010832825809243044,0.0005670692910388296,4.201420352299324e-13,0.001560311152623318,5,3
22,43,0.001028721526612724,0.0005838262726574186,0.0,0.001560311152623318,5,3
23,41,0.0008843145511085883,0.0006270228797426365,0.0,0.001560311152623318,5,3
24,46,0.0009447026282926472,0.0006122641309847073,0.0,0.0016188123634205834,5,3
25,46,0.0009960925654258932,0.0005851146348765591,0.0,0.0016119509635922227,5,3
26,47,0.0008893785521519058,0.0006355739052997034,0.0,0.0016679455598690189,5,3
27,43,0.0009593104042475871,0.0006612337122615941,5.658214806879357e-13,0.0018269919913121587,5,3
28,47,0.001271718668535055,0.0004877034266215338,0.00016714448607786064,0.0018363289637749571,5,3
29,47,0.0009790624445022097,0.0006492954100957932,0.0,0.0018650360543915714,5,3
30,45,0.001070788832188547,0.0006668351302196416,0.0,0.0018776267607928982,5,3
31,44,0.0011392291157473965,0.0006410938373888932,0.0,0.0018776267607928982,5,3
32,48,0.0010963028155799017,0.0006966292312607751,0.0,0.0018776267607928982,5,3
33,43,0.0010907919001665706,0.0006878376771215646,0.0,0.0018776267607928982,5,3
34,44,0.001091617578504766,0.0006747825767353596,0.0,0.0018776267607928982,5,3
35,42,0.0011949336348254752,0.0006163516494695122,6.990533574851282e-11,0.0018776267607928982,5,3
36,46,0.0009535057444556819,0.0007291574887093094,0.0,0.0018776267607928982,5,3
37,44,0.0010438846355956854,0.0006713070512960466,4.6199809502457227e-11,0.0019329716133283127,5,3
38,48,0.0009027143597666002,0.0006927308810792474,0.0,0.0019329716133283127,5,3
39,44,0.0009647929042858845,0.0007441512377776001,0.0,0.0019329716133283127,5,3
40,47,0.0010372552584214801,0.0006986239951312976,0.0,0.0019329716133283127,5,3
41,46,0.0009717485004161901,0.0007583950066297482,0.0,0.0018734887624029517,5,3
42,46,0.0009095882571142897,0.0007717463332700713,0.0,0.0018734887624029517,5,3
43,41,0.0010585691574843043,0.0007200837557373473,7.316719084224292e-11,0.0018734887624029517,5,3
44,47,0.0008846118202669811,0.0007460240608299832,0.0,0.00188290654896824,5,3
45,46,0.0010138634011845405,0.0007679326791677111,0.0,0.001896275259183376,5,3
46,47,0.0011655165017942519,0.0007194159508107725,0.0,0.001896275259183376,5,3
47,45,0.001233005762399111,0.0006981501516293953,0.0,0.001896275259183376,5,3
48,48,0.0010381210190192,0.0007261791974345265,0.0,0.0019364627103850105,5,3
49,47,0.0009406256587048017,0.0008056476705838866,0.0,0.0019147250498094475,5,3
50,42,0.0012002291411775524,0.0007212721480647512,0.0,0.001896275259183376,5,3
51,48,0.0009906100022222108,0.0007352925209068762,0.0,0.001896275259183376,5,3
52,45,0.0010039444494679146,0.0007634668199076362,0.0,0.001896275259183376,5,3
53,43,0.0012246071766790056,0.0007272744521050048,0.0,0.001896275259183376,5,3
54,42,0.0011471285802241605,0.0006988095796184678,5.422630411074579e-06,0.001896275259183376,5,3
55,44,0.0012040182220298332,0.0007425996871118656,0.0,0.001896275259183376,5,3
56,45,0.001161711332120925,0.0007792437962098097,0.0,0.001896275259183376,5,3
57,45,0.0013835664604594181,0.000715231265894944,0.0,0.001896275259183376,5,3
58,43,0.0013069198618414427,0.0007468084555949571,0.0,0.001896275259183376,5,3
59,47,0.0012425014715785453,0.0007737688834140877,0.0,0.001896275259183376,5,3
60,42,0.001343791730828847,0.0006922896498437418,2.6010190583640012e-08,0.001896275259183376,5,3
61,43,0.0012493152516005381,0.0007597658266838806,0.0,0.001896275259183376,5,3
62,45,0.0013275871203507377,0.0007809522045861547,0.0,0.001896275259183376,5,3
63,43,0.001522635005408293,0.0006369561357063464,2.6010190583640012e-08,0.001896275259183376,5,3
64,44,0.0014160948419888327,0.0007241905777896427,0.0,0.001896275259183376,5,3
65,45,0.0013732980681080095,0.0007701434291415433,0.0,0.001896275259183376,5,3
66,45,0.0015486013142535294,0.0006532963816727201,0.0,0.001896275259183376,5,3
67,45,0.001327223367529713,0.0007456997558098024,0.0,0.001896275259183376,5,3
68,45,0.001269669246146868,0.0007083275689483854,0.0,0.001896275259183376,5,3
69,46,0.001367010749206336,0.0007689056591590502,0.0,0.001896275259183376,5,3
70,47,0.0013195880710576674,0.0007817030522919176,0.0,0.001896275259183376,5,3
71,47,0.0012451072982081273,0.0007971977455626511,0.0,0.001896275259183376,5,3
72,44,0.0011434320430745069,0.0008017823464406322,0.0,0.001896275259183376,5,3
73,46,0.0013212459108978179,0.0007829869453337029,0.0,0.001896275259183376,5,3
74,46,0.0013757173147939852,0.0007936738922893679,0.0,0.001896275259183376,5,3
75,46,0.0012577150295573181,0.0008280296704990668,0.0,0.001896275259183376,5,3
76,45,0.0014801196554279344,0.0006912142569290437,0.0,0.001896275259183376,5,3
77,45,0.0014761870051971976,0.0007327887852754853,0.0,0.001896275259183376,5,3
78,43,0.0013766903146915396,0.0007846044497099639,0.0,0.001896275259183376,5,3
79,45,0.001233398112587689,0.0008595728513161108,0.0,0.001896275259183376,5,3
80,45,0.0014219315924002488,0.0007362449481693174,0.0,0.001896275259183376,5,3
81,46,0.0012947899496486598,0.0008225449368262389,0.0,0.001896275259183376,5,3
82,46,0.0013055423835761314,0.0008452429819487315,0.0,0.001896275259183376,5,3
83,48,0.001200116699033243,0.0008587357563765919,0.0,0.001896275259183376,5,3
84,44,0.0013105981840243028,0.000861244972910298,0.0,0.001896275259183376,5,3
85,43,0.001283744775505604,0.0007951855916173431,0.0,0.001896275259183376,5,3
86,45,0.001283344094456797,0.0007746127095484527,0.0,0.001896275259183376,5,3
87,46,0.0013130458959803167,0.0007612642908234935,2.6010190583640012e-08,0.001896275259183376,5,3
88,46,0.0014124090772140107,0.0007242894938079011,0.0,0.001896275259183376,5,3
89,45,0.0012429318432480953,0.0008367505348462472,0.0,0.001896275259183376,5,3
90,48,0.0012459487871764523,0.0008264621851506603,0.0,0.001896275259183376,5,3
91,48,0.0012791506565357057,0.0008230431274332785,0.0,0.001896275259183376,5,3
92,45,0.00154345363054481,0.0006307100855084606,0.0,0.001896275259183376,5,3
93,49,0.0013193349901912798,0.000827556885880693,0.0,0.001896275259183376,5,3
94,47,0.0013980290226556851,0.0007351815042818258,0.0,0.001896275259183376,5,3
95,43,0.0013911932101846334,0.0007653070059251742,2.6010190583640012e-08,0.001896275259183376,5,3
96,42,0.0012815673424745385,0.0008257432343752903,0.0,0.001896275259183376,5,3
97,46,0.001217475431605092,0.0008731352352522088,0.0,0.001896275259183376,5,3
98,45,0.0013646530367131772,0.0007802357222461354,0.0,0.001896275259183376,5,3
99,43,0.0015369983531970872,0.0006891710295867389,2.6010190583640012e-08,0.001896275259183376,5,3
100,44,0.0011792754137351482,0.0008451582034100842,0.0,0.001896275259183376,5,3
