gen,nevals,avg,stddev,min,max,run,wlasne_prawd
0,50,0.0,0.0,0.0,0.0,7,3
1,44,2.6783901118287667e-13,5.043241833064977e-13,0.0,1.2174500508312578e-12,7,3
2,47,1.4925694290607184e-10,2.972349168661292e-10,0.0,7.437258263850433e-10,7,3
3,43,1.2417017122204203e-09,3.18187500828663e-09,0.0,1.3748352374274058e-08,7,3
4,44,1.5790628024337552e-08,7.160924657781218e-08,0.0,4.993584515198746e-07,7,3
5,46,8.078007961082068e-07,3.6271596336290657e-06,0.0,2.3324325707594575e-05,7,3
6,45,2.707392820674199e-06,8.085187983305737e-06,0.0,5.083190232844249e-05,7,3
7,46,1.0846754450241657e-05,1.648338653271738e-05,0.0,5.083190232844249e-05,7,3
8,44,2.276428938820929e-05,2.2498504397599152e-05,0.0,0.00011402984796286754,7,3
9,44,3.3653791107590554e-05,2.408439626533618e-05,8.197384011300828e-13,0.00011402984796286754,7,3
10,41,5.444371519950311e-05,3.1490858357759956e-05,9.010429756805127e-10,0.00011486106030694933,7,3
11,43,6.619040813005018e-05,4.450211475140812e-05,8.197384011300828e-13,0.00011504540357610761,7,3
12,44,8.172470018502867e-05,4.805321307833271e-05,2.5908210467537577e-11,0.00012109283634610702,7,3
13,46,8.217524653237018e-05,4.956641782123698e-05,8.197384011300828e-13,0.00018152680490356556,7,3
14,44,8.366545570157396e-05,5.07929762418395e-05,8.197384011300828e-13,0.00016289477255636948,7,3
15,46,0.00010090204862891326,4.755114418576551e-05,2.5908210467537577e-11,0.00016346724047051816,7,3
16,43,0.00011371278402942984,6.464951078703239e-05,2.0889730845750618e-12,0.000357977783151517,7,3
17,47,0.0001109939772847061,6.272307207660833e-05,2.0889730845750618e-12,0.00018417736664747846,7,3
18,48,0.00012111533994671983,6.500286070217994e-05,2.0889730845750618e-12,0.00023451052291384415,7,3
19,41,0.00013766263250429762,6.610284192347467e-05,2.0889730845750618e-12,0.00023483507435213173,7,3
20,48,0.00014299159672919847,6.866385451753012e-05,5.208861813271268e-12,0.00023748655370519232,7,3
21,49,0.0001258553095144519,7.913530714373951e-05,5.208861813271268e-12,0.0002362453707067172,7,3
22,43,0.0001389391292192042,8.641093391026783e-05,2.0889730845750618e-12,0.0002362453707067172,7,3
23,44,0.00014876194644210846,8.8100493866111e-05,5.208861813271268e-12,0.0002362453707067172,7,3
24,43,0.00013960025467466117,8.947858710364005e-05,5.208861813271268e-12,0.00023629089620169072,7,3
25,43,0.00015544803806676156,9.27299170483143e-05,5.208861813271268e-12,0.00023751101139600012,7,3
26,42,0.00016878826554332093,8.983236177582372e-05,5.208861813271268e-12,0.00024398008319494874,7,3
27,44,0.0001456641901022598,9.923734034575662e-05,5.208861813271268e-12,0.00023803561498478203,7,3
28,47,0.00013215577554695178,9.749966523240671e-05,2.0889730845750618e-12,0.00023803561498478203,7,3
29,44,0.00014699711094783897,9.415681630965955e-05,1.2909454943690725e-12,0.0002383702951825158,7,3
30,42,0.00018992654824465224,7.78011152041322e-05,3.187099268426576e-10,0.00023891265344556817,7,3
31,47,0.00019369076801356875,7.372714549767278e-05,2.44485148133917e-05,0.00024981851710900493,7,3
32,49,0.00016016992925769503,9.702371628681023e-05,3.1767206403080286e-10,0.00024717822101469724,7,3
33,41,0.0001785367742727113,8.248229365081821e-05,3.187099268426576e-10,0.0002536219367313979,7,3
34,46,0.00016086913496951593,9.484471987300017e-05,3.187099268426576e-10,0.0002536219367313979,7,3
35,44,0.0002020615096670024,7.074573076281662e-05,6.59672483266967e-06,0.00029812118024458145,7,3
36,49,0.00018690327954195538,8.540132751729271e-05,3.7929922848274914e-06,0.0002747244680283334,7,3
37,43,0.00017796538448595952,0.00010190734194126806,4.9301478791694846e-12,0.0003164376622014082,7,3
38,44,0.0001919711064984686,0.00010475263016656776,1.630262456766987e-10,0.0003164376622014082,7,3
39,45,0.0002331412432750127,8.654269655083182e-05,5.01881459898422e-10,0.00032091715394543685,7,3
40,42,0.0002339708676607769,9.975994620168275e-05,1.630262456766987e-10,0.00032091715394543685,7,3
41,43,0.0002445824716621056,0.00010985277213797912,1.0055819979362533e-05,0.00032091715394543685,7,3
42,47,0.0002570415504690677,0.00011001826314239924,2.2265406589501207e-10,0.0003631579885361622,7,3
43,48,0.0002550315546001469,0.00012612897037178207,2.5950834054775193e-10,0.0003644163351171638,7,3
44,47,0.00028806530720141014,0.00011208445641012017,1.853373925822751e-05,0.00037555571850113247,7,3
45,42,0.00026803416442492577,0.00014441065921923948,2.5950834054775193e-10,0.0003837236936030579,7,3
46,48,0.0002930927636908311,0.00013659338926840607,2.2833607446997974e-06,0.0003837236936030579,7,3
47,45,0.00030892336467183245,0.0001322650983877775,1.176785134388852e-10,0.0003859236548639116,7,3
48,43,0.000308633818762011,0.00013931395322066984,1.1551757194896692e-09,0.0003859236548639116,7,3
49,44,0.000295182378753511,0.00015020489030222525,1.0304754069709493e-09,0.0003979400464022425,7,3
50,45,0.000280400389545975,0.0001611508104033909,1.176785134388852e-10,0.0003979400464022425,7,3
51,44,0.0003045346239916329,0.00013841970376437862,1.176785134388852e-10,0.0003979400464022425,7,3
52,50,0.00030883594150266406,0.0001486567818158174,9.529504246216373e-11,0.0004030209783729888,7,3
53,43,0.000343327407820245,0.00012911820552361888,8.973512195773898e-10,0.0004030209783729888,7,3
54,45,0.0002927247095268939,0.00016650255017796703,1.7305963907976337e-10,0.00040489606674894515,7,3
55,45,0.0003390276338193239,0.0001397919511271105,1.0805302559375747e-09,0.0004052615914962011,7,3
56,47,0.000341709504450695,0.00013127898968377368,1.7305963907976337e-10,0.0004075412624660131,7,3
57,47,0.0003331760454907267,0.0001517699500243404,9.162508076512086e-10,0.0004075412624660131,7,3
58,44,0.0003443524759009419,0.00012638360015254245,4.736083787868945e-06,0.000411413822886173,7,3
59,45,0.0003214387853126818,0.0001613358438530794,6.867222554212145e-12,0.000411413822886173,7,3
60,49,0.00031801663943770506,0.0001511849648970174,6.867222554212145e-12,0.0004114608671342248,7,3
61,45,0.0002864307995921474,0.00017221730122210106,6.966851468964013e-11,0.0004114608671342248,7,3
62,44,0.0003033660347039755,0.00016027693198916504,8.571481430921637e-11,0.0004114608671342248,7,3
63,48,0.0003269282424307353,0.0001476870955149916,9.246475481929934e-10,0.0004114751871860441,7,3
64,45,0.0003319103362229101,0.0001398625158897446,8.571481430918912e-11,0.0004114751871860441,7,3
65,45,0.000328067715849771,0.00015208403157800012,6.867222554212145e-12,0.0004114751871860441,7,3
66,41,0.00035600464027063896,0.00012624775493085395,9.241715008292368e-10,0.0004114751871860441,7,3
67,47,0.0003608510802835124,0.00011985124222691519,9.241715008292368e-10,0.0004114751871860441,7,3
68,46,0.00037058231841384883,0.0001080354641535319,6.867222554559074e-12,0.0004114751871860441,7,3
69,47,0.00035182157484336685,0.00011691628027543832,8.571481430918912e-11,0.00041233279443345674,7,3
70,45,0.0003650040787597151,0.0001120268256042079,3.2000022869411434e-05,0.00041235704042079407,7,3
71,41,0.0003504628397437299,0.0001270980239922489,9.241715008292368e-10,0.0004123769708928754,7,3
72,44,0.00035610363150145034,0.00012847480643103092,9.266861875618259e-10,0.0004124999788261328,7,3
73,41,0.0003807243279169282,0.0001000318239066533,9.094119222765441e-11,0.00042032020796714764,7,3
74,43,0.00037163917120316357,0.00011520581471705457,3.0005678338965973e-06,0.00042032020796714764,7,3
75,45,0.00032212027149136353,0.00016432130888797812,1.4579982250909935e-11,0.00043396478364477034,7,3
76,45,0.00034404511608955183,0.00014823910840378504,9.268662175757816e-10,0.00043398865200206476,7,3
77,44,0.0003753748435796387,0.0001165576236425129,1.4579982250909935e-11,0.00043415106930038913,7,3
78,45,0.0003385765657009282,0.00015677173415178124,9.264036033910135e-10,0.00043415106930038913,7,3
79,44,0.00037523924027596506,0.00013085151905963056,6.817962524321681e-11,0.0004444514087680817,7,3
80,43,0.0003829684991637092,0.00011420971221069568,9.27968290309028e-10,0.0004444514087680817,7,3
81,45,0.0003665524120475356,0.00015120443797041034,2.381855732775048e-12,0.0004444514087680817,7,3
82,43,0.00033423654438353105,0.00017592121142808248,2.381855732775048e-12,0.0004444514087680817,7,3
83,47,0.0003975914014126928,0.00011846973239698581,2.381855732775048e-12,0.0004446484933507898,7,3
84,47,0.00038795827793880423,0.00013770024960170092,6.858692334344528e-11,0.0004446484933507898,7,3
85,45,0.0003784404300890511,0.0001473234697794649,2.381855732775048e-12,0.0004446484933507898,7,3
86,45,0.0003971181225360174,0.00013022470176758276,9.735987727230938e-10,0.0004447634726031346,7,3
87,49,0.00039439767757604583,0.00012369105889858294,1.2417606914603643e-05,0.0004447634726031346,7,3
88,42,0.0003585002101977086,0.00015967830642220335,9.731763282398196e-10,0.0004453495182932705,7,3
89,48,0.00038236268440258384,0.00014086456973963474,6.858707572552927e-11,0.0004992157874918041,7,3
90,46,0.00035051309485548826,0.00017619559458477215,6.858707572552927e-11,0.0005119734994214989,7,3
91,45,0.0004262169931343875,0.00011668157830247533,1.9773253914801245e-11,0.0005119734994214989,7,3
92,45,0.00036506254058433216,0.00020447191015904713,1.5202192017642443e-06,0.0005120835931439779,7,3
93,46,0.0003934535351368561,0.000196830622225249,1.1546865256809352e-10,0.0005120835931439779,7,3
94,44,0.0004175329436641496,0.00018141576900429577,1.295995272665114e-10,0.000512152879298014,7,3
95,43,0.0003975984389515397,0.00019124144701271215,1.4744050525168202e-10,0.0005125851477494632,7,3
96,47,0.000330020149860166,0.00021413070346241466,1.2950816666989846e-10,0.0005138749613162291,7,3
97,47,0.0004039530627767333,0.0001871498744424916,2.9815128472634263e-06,0.0005138749613162291,7,3
98,43,0.00041730111026515597,0.00017531645540778864,2.370266164523785e-06,0.0005138749613162291,7,3
99,45,0.0003932707690018328,0.00019619584619821935,4.9276512075078014e-11,0.0005296812330274691,7,3
100,43,0.00040738420908118043,0.00019180901599362928,1.474405058022178e-10,0.0005296812330274691,7,3
