gen,nevals,avg,stddev,min,max,run,wlasne_prawd
0,50,0.0,0.0,0.0,0.0,2,3
1,44,1.217450050831258e-13,3.652350152493773e-13,0.0,1.2174500508312578e-12,2,3
2,45,8.959642571546651e-11,2.4155385595289394e-10,0.0,7.437258263850433e-10,2,3
3,45,7.102183389465305e-10,3.4475326604072953e-09,0.0,2.4731269021675492e-08,2,3
4,45,4.918428529006209e-09,2.1737326328140133e-08,0.0,1.5179589467609712e-07,2,3
5,43,5.906195660603646e-08,2.728954857994467e-07,0.0,1.9084311473956226e-06,2,3
6,46,3.7037009886049726e-07,1.143403110246757e-06,0.0,7.498928248174755e-06,2,3
7,47,4.253805904978467e-06,1.5383127201316173e-05,0.0,0.00010348882638758763,2,3
8,44,9.694464235360056e-06,2.998868504429878e-05,0.0,0.00018891086525173114,2,3
9,44,2.086388912050713e-05,4.230271723992503e-05,0.0,0.00018891086525173114,2,3
10,44,6.388472727347148e-05,7.910319801574722e-05,0.0,0.0003668915552087679,2,3
11,46,0.0001059308124798036,9.300208931023e-05,0.0,0.00034992639549878804,2,3
12,37,0.00015653478737635997,9.40790339582968e-05,0.0,0.0003829133931283199,2,3
13,46,0.00015733277092972088,0.00011940360688519971,1.057992134833342e-08,0.0003867571798060832,2,3
14,47,0.00020080524320219658,0.000129347529549475,0.0,0.0004078354525325125,2,3
15,47,0.00017462712779370117,0.0001340673402939321,0.0,0.0004078354525325125,2,3
16,44,0.00020855645810574663,0.00014802587780981491,0.0,0.0004078354525325125,2,3
17,48,0.00022693902778284534,0.00015057140701376374,0.0,0.0004075665055028953,2,3
18,41,0.00023823335300053337,0.00016653144134943962,0.0,0.0004075665055028953,2,3
19,43,0.00024106169151103275,0.00016598075010456245,1.778034667497153e-07,0.00046119635363135785,2,3
20,47,0.0002380641698499985,0.0001754687014366459,0.0,0.000461884113794319,2,3
21,47,0.0002670422342076276,0.0001709773206383943,0.0,0.000461884113794319,2,3
22,46,0.00028336662088610404,0.00015593474317971608,0.0,0.000461884113794319,2,3
23,44,0.0002998731489476064,0.00017185779494658567,0.0,0.000461884113794319,2,3
24,44,0.0003158317892904347,0.0001767968239864286,0.0,0.000473594657851502,2,3
25,42,0.00032487297031235854,0.0001777835617636426,0.0,0.0004849232322120155,2,3
26,47,0.000291414835075569,0.0001819709804162712,0.0,0.00048619599916510545,2,3
27,46,0.0003122124294518835,0.00017310579796658,0.0,0.00048619599916510545,2,3
28,47,0.00030610203776833457,0.0001805808916480144,0.0,0.00048780233849131003,2,3
29,47,0.0003012601766775009,0.000200868786246914,0.0,0.00048780233849131003,2,3
30,48,0.0003148459094886471,0.00018892811281543548,0.0,0.0004903135084610931,2,3
31,44,0.00031588319026156837,0.00020183875105054747,2.1663770088832908e-06,0.0004903135084610931,2,3
32,44,0.0003423368365394577,0.00017730171211898253,2.1663770088832908e-06,0.0005039428361392048,2,3
33,46,0.0002920202884492615,0.0001956540112609427,9.689378196072573e-08,0.0004903135084610931,2,3
34,48,0.00033809856830485944,0.0001936945494030482,0.0,0.0004924382804463617,2,3
35,45,0.0002975124114211514,0.00021181293026314283,0.0,0.0005039428361392048,2,3
36,47,0.0003850125660939111,0.0001631651833198692,9.724193931315028e-06,0.0005039428361392048,2,3
37,44,0.00036998981166301874,0.00018668153290932635,3.7241239476102624e-08,0.0005039428361392048,2,3
38,46,0.0003191017475713783,0.00019223792555284058,0.0,0.0005039428361392048,2,3
39,46,0.0003386256753152068,0.00019107679820866964,0.0,0.0005039428361392048,2,3
40,47,0.0003174847531670024,0.00020582656245132268,0.0,0.0005039428361392048,2,3
41,44,0.00033767510989050106,0.00020387896491957174,1.9004915581476997e-08,0.0005039428361392048,2,3
42,41,0.0003560225713303412,0.00019135932734235818,0.0,0.0005661197751897015,2,3
43,46,0.0003694562700325102,0.0001902705985506833,2.068470542196696e-06,0.0005661197751897015,2,3
44,45,0.00032676026142100886,0.00021242622559011193,0.0,0.000777767962447921,2,3
45,45,0.0003695698525737551,0.00021155324297258786,7.136827129450741e-08,0.000777767962447921,2,3
46,47,0.00032501145957969607,0.00022366802125354724,0.0,0.0006235709552281772,2,3
47,42,0.00033201089721407977,0.00023847162564803165,0.0,0.0006235709552281772,2,3
48,49,0.0003383023379582707,0.00023112921926218404,0.0,0.0006235709552281772,2,3
49,44,0.00030988777521786604,0.00026285259235448577,0.0,0.0009146616417261294,2,3
50,48,0.00034000259428024616,0.00029663452665876466,0.0,0.0010470686483164725,2,3
51,45,0.00039132597034584907,0.00030783221489743244,0.0,0.0010060208557659057,2,3
52,48,0.0004049314499040448,0.00034941366904440015,0.0,0.0010139037022695422,2,3
53,44,0.00034297582477883066,0.00035695597800750316,0.0,0.0010856730286582159,2,3
54,47,0.00038520046726145174,0.0003509274707903325,0.0,0.0010139037022695422,2,3
55,48,0.0005329762887774758,0.0003810644913619632,2.1683198553528098e-18,0.0010516370026576842,2,3
56,45,0.0006020890082272422,0.0004161670150598521,0.0,0.0012150918803523199,2,3
57,48,0.00044316240610613877,0.0004123548028252708,2.78212811048673e-07,0.0012150918803523199,2,3
58,45,0.0005469076015669869,0.00044380416847337886,1.101343158750569e-06,0.0012150918803523199,2,3
59,46,0.0004482635537495537,0.0004405438857338466,0.0,0.0012150918803523199,2,3
60,44,0.00046062422485420055,0.0004350206809368604,7.460698725481051e-18,0.0012150918803523199,2,3
61,44,0.0005006266003195003,0.00044195732228623886,0.0,0.0012150918803523199,2,3
62,47,0.0005379492727116259,0.00047148243900909715,2.0213771827191063e-06,0.0012293227710370575,2,3
63,47,0.00045915671115034614,0.0004678333458646271,2.1683198553528098e-18,0.0012293227710370575,2,3
64,50,0.00047051550133233986,0.0004472462143296197,0.0,0.0012787478021557888,2,3
65,50,0.00047820995101496594,0.0004859800639458469,2.1683198553528098e-18,0.0013913950736521186,2,3
66,49,0.0005563093600609799,0.0005413261994597636,0.0,0.0018951419681375611,2,3
67,47,0.0006197762606173217,0.0006075775926156318,0.0,0.0018951419681375611,2,3
68,46,0.0007598472451387269,0.0006713402895599632,0.0,0.0025774183432633402,2,3
69,46,0.0006267004247550321,0.0006882667302041354,2.1683198553528098e-18,0.0025774183432633402,2,3
70,46,0.0007517073072429775,0.0008269171507971468,0.0,0.0025774183432633402,2,3
71,43,0.0008381554773943127,0.0009419294060029372,0.0,0.0025774183432633402,2,3
72,48,0.0008986061410531424,0.0009691049729117855,0.0,0.0025774183432633402,2,3
73,46,0.0008787152641194695,0.0009865938583250302,0.0,0.0027687924272848,2,3
74,48,0.0009488854089508415,0.0010650621827128857,0.0,0.0027687924272848,2,3
75,42,0.0008621607776201314,0.0010057601666722284,5.8646684021891734e-18,0.0027687924272848,2,3
76,45,0.0009045120721019764,0.0009640505423637628,0.0,0.002795643794000375,2,3
77,45,0.0009965050388207259,0.0010419602440864476,0.0,0.002795643794000375,2,3
78,45,0.0012219600167540686,0.0011225376278156602,6.21471076717338e-18,0.002795643794000375,2,3
79,44,0.001286333301151154,0.0012343916535435791,0.0,0.002795643794000375,2,3
80,44,0.0013018584237470818,0.0011818972116717497,0.0,0.002795643794000375,2,3
81,46,0.0012515021734257636,0.0012803083478157868,0.0,0.002795643794000375,2,3
82,45,0.0012906031633940624,0.0012833777928981335,6.816154675142114e-07,0.002795643794000375,2,3
83,44,0.0011459712717438177,0.0013018052431084178,0.0,0.0029794974723574797,2,3
84,44,0.0012946569494342321,0.0012867297762760232,0.0,0.0029794974723574797,2,3
85,45,0.00126606584048419,0.0012538573876068793,0.0,0.0029794974723574797,2,3
86,46,0.0011087657949783733,0.0012235885155467811,0.0,0.0029794974723574797,2,3
87,46,0.0013024365302390967,0.0012644746428148383,6.21471076717338e-18,0.0029794974723574797,2,3
88,47,0.0010500494995376044,0.0012263978536524596,0.0,0.0029794974723574797,2,3
89,44,0.0011614626700834688,0.0012388565914443462,0.0,0.0029794974723574797,2,3
90,46,0.0009114049854163049,0.0011369375233357118,0.0,0.0029794974723574797,2,3
91,43,0.0012060285935663162,0.001230934261836571,0.0,0.002982453669283366,2,3
92,48,0.0013822148631576212,0.0013092069479915451,6.21471076717338e-18,0.002982453669283366,2,3
93,45,0.0013311720755909912,0.0013216238587186143,1.6181714340407616e-05,0.002982453669283366,2,3
94,44,0.0014025495259766027,0.001324997199769745,0.0,0.002982453669283366,2,3
95,44,0.0014117607663162706,0.0013580327608098827,0.0,0.002982453669283366,2,3
96,42,0.0011496663510316238,0.0012699213094976647,0.0,0.002982453669283366,2,3
97,41,0.0013514334550334918,0.0013215778873022902,0.0,0.003007369966972679,2,3
98,48,0.0013188417993882846,0.0013418321607977458,6.21471076717338e-18,0.003007369966972679,2,3
99,44,0.001370951905742554,0.0013484347363025618,0.0,0.003007369966972679,2,3
100,44,0.0014380744232577113,0.0013362399990685607,0.0,0.003007369966972679,2,3
