gen,nevals,avg,stddev,min,max,run,wlasne_prawd
0,50,0.0,0.0,0.0,0.0,3,3
1,45,1.2174500508312577e-13,3.652350152493773e-13,0.0,1.2174500508312578e-12,3,3
2,44,6.631388333078487e-11,2.0214442480177028e-10,0.0,7.437258263850433e-10,3,3
3,47,3.0436386267597235e-10,6.769912909223529e-10,0.0,4.4593252930586575e-09,3,3
4,44,5.497235796604809e-10,6.845582400853603e-10,0.0,4.4596297229296634e-09,3,3
5,43,1.2457015900039885e-09,1.4505805462457127e-09,0.0,5.2741380160389534e-09,3,3
6,43,2.6864867674709414e-09,4.484013034334085e-09,0.0,2.3325912420213394e-08,3,3
7,45,5.565374061250343e-09,8.020968219981305e-09,0.0,3.4648271802568056e-08,3,3
8,46,2.4894572019600685e-08,5.425092312217902e-08,0.0,3.586877932140421e-07,3,3
9,47,1.7373067877072143e-07,4.2785023586050444e-07,0.0,2.789638554770413e-06,3,3
10,42,4.5845889214789343e-07,6.642584392824499e-07,0.0,4.12948494552234e-06,3,3
11,46,1.0245298180369068e-06,1.1367118106662784e-06,0.0,5.023412664616457e-06,3,3
12,46,2.6197665823135165e-06,2.061198476861268e-06,0.0,1.1049899818184685e-05,3,3
13,47,5.070320539074775e-06,1.3347240373610181e-05,0.0,9.58166574087185e-05,3,3
14,43,1.924062864032769e-05,3.7371619125375986e-05,0.0,0.00018500810041028416,3,3
15,47,7.213936098117694e-05,8.2722417653139e-05,1.6758116906701665e-18,0.0004082745162986245,3,3
16,45,0.00014196188059675683,9.579401035500471e-05,2.3832327871173824e-18,0.0004082745162986245,3,3
17,46,0.00020772950452987017,0.0001400505007610026,2.3832327871173824e-18,0.0004018346256852018,3,3
18,46,0.0002929491567835143,0.00013575368849168466,0.0,0.0004034560923661514,3,3
19,49,0.00031512411861041507,0.00014227395453726826,2.3832327871173824e-18,0.00040411160811607987,3,3
20,39,0.000333031121365043,0.00011200729895278401,9.085423585775642e-08,0.0004084094355140172,3,3
21,45,0.00030456596530382745,0.0001554993633461452,0.0,0.0004084094355140172,3,3
22,44,0.00028171068791239335,0.00016088641463537758,2.3832327871173824e-18,0.0004084094355140172,3,3
23,46,0.00025203319792213493,0.00016705912799978148,0.0,0.0004084094355140172,3,3
24,45,0.0002912046323340728,0.00014631150603841496,0.0,0.0004084094355140172,3,3
25,44,0.00027467613750874686,0.00016078253553595948,2.3832327871173824e-18,0.0004084094355140172,3,3
26,49,0.0002709269744936504,0.00016277318250146778,0.0,0.0004084094355140172,3,3
27,48,0.0002909177173526568,0.00015044621423551547,2.3832327871173824e-18,0.0004084094355140172,3,3
28,44,0.00025157744838221705,0.00017061509457127948,2.3832327871173824e-18,0.0004084094355140172,3,3
29,47,0.00032538675656739336,0.00011914514861862702,0.0,0.00040966287517190514,3,3
30,45,0.00028248113328501736,0.00015440496121622545,2.3832327871173824e-18,0.00040966287517190514,3,3
31,49,0.00030054549440232387,0.00013723805356784778,0.0,0.00040966287517190514,3,3
32,45,0.00026608451942170946,0.00015745613206546885,3.879621898022655e-18,0.00040966287517190514,3,3
33,46,0.00030478205879155997,0.0001343855009715472,0.0,0.00040966287517190514,3,3
34,44,0.0003026231635958076,0.00014697033686124136,3.879621898022655e-18,0.0004244220336073166,3,3
35,46,0.00033192484026970623,0.00011783097509678785,2.3636841743247178e-07,0.0004244220336073166,3,3
36,46,0.00030737320889755084,0.0001553268650922075,2.5864145986817697e-18,0.0004244220336073166,3,3
37,45,0.0002614275539128282,0.000183533718627693,3.521517083737218e-08,0.0004728064005127461,3,3
38,47,0.0002643940968444457,0.00017345053119532242,2.5864145986817697e-18,0.0004728064005127461,3,3
39,46,0.000295051987929763,0.00015837370690425002,2.5864145986817697e-18,0.0004728064005127461,3,3
40,49,0.00027881361394243713,0.00017492892231494675,2.5864145986817697e-18,0.0004728064005127461,3,3
41,47,0.00032115976606236253,0.00015977834957229541,3.521517083737218e-08,0.0005389666451299114,3,3
42,49,0.00031907437418540426,0.00017966477475752694,0.0,0.0005693399799364536,3,3
43,49,0.00030751165191866126,0.00020869307681883534,0.0,0.0005566384127194735,3,3
44,49,0.0003722027927491253,0.00025165059375690765,0.0,0.0011354844578817397,3,3
45,46,0.00042280903653451127,0.00038314817213381196,7.462813136385196e-18,0.0014194385949482166,3,3
46,45,0.0006258818152662054,0.0004878898243785449,0.0,0.0014194385949482166,3,3
47,47,0.000847988227687108,0.00046882055991468645,0.0,0.0014194385949482166,3,3
48,45,0.0007571603891649349,0.0005208333863631588,0.0,0.0015680054863888334,3,3
49,43,0.0008470439049827133,0.0005260523242656186,1.9839239408121846e-07,0.0015680054863888334,3,3
50,43,0.0009610006468798378,0.000570128669456428,6.780961562405824e-08,0.0016685988580022642,3,3
51,45,0.0009005319538948908,0.0006582747515643183,3.3937249765157415e-18,0.0017547216449778887,3,3
52,48,0.0011842121492371361,0.0006181810706310652,0.0,0.0020497337541298746,3,3
53,45,0.001353262302980456,0.0005893904871465957,0.0,0.0020497337541298746,3,3
54,45,0.0013335443893210846,0.0007660647086541027,3.698687516140206e-07,0.0021495366198306747,3,3
55,44,0.0014329665033865396,0.0007446875685079044,0.0,0.002399925055108017,3,3
56,41,0.0014565637317399854,0.000771090630234889,7.596745767403372e-06,0.002399925055108017,3,3
57,44,0.0014739950382914727,0.0008175314526642753,0.0,0.002431099389904195,3,3
58,45,0.001631169661698041,0.0008165044718096039,7.596745767403372e-06,0.002431099389904195,3,3
59,41,0.0016991817410460166,0.0008047625061293753,0.0,0.002439314883298777,3,3
60,49,0.0015057361501954506,0.0008966425406711528,0.0,0.002431099389904195,3,3
61,48,0.001761909677982946,0.000790001210411835,0.0,0.002431099389904195,3,3
62,45,0.0017064287818703509,0.0009377847865260497,0.0,0.003161680809303521,3,3
63,47,0.0017126673997429698,0.0009482980417270374,0.0,0.003413390105600135,3,3
64,46,0.0017091764486859493,0.0010137248170269668,0.0,0.003194620390951645,3,3
65,45,0.0017261106700520695,0.0011584928049982158,0.0,0.0032767963330380388,3,3
66,44,0.0020829371492185975,0.0013015368424545493,0.0,0.003466833523666242,3,3
67,44,0.0026033602616641637,0.0011248685393925844,0.0,0.0035351667344599193,3,3
68,45,0.0025458595258394693,0.0012986747438361174,0.0,0.003621226228924627,3,3
69,47,0.0024427749925110525,0.0013063697988528937,0.0,0.003574799071848234,3,3
70,47,0.0026593014932286105,0.001189623353579145,0.0,0.003574799071848234,3,3
71,48,0.0021146783584954686,0.0014268906287835377,0.0,0.003663112512077708,3,3
72,44,0.0027047825870496426,0.0012622517101509455,0.0,0.0036914027511576086,3,3
73,44,0.002199374858554531,0.0014548244633386831,0.0,0.0038644559848674156,3,3
74,46,0.002208386727159275,0.00144440871818418,0.0,0.0038644559848674156,3,3
75,46,0.0020346090678587114,0.0014827309888465225,0.0,0.0038644559848674156,3,3
76,47,0.001700857388286102,0.0013662519299132542,0.0,0.0038644559848674156,3,3
77,43,0.001787219343527611,0.001420317705513778,0.0,0.0038644559848674156,3,3
78,43,0.0020308360737024576,0.001460221780195897,0.0,0.0038644559848674156,3,3
79,44,0.0025608268859943872,0.0013823999563651393,0.0,0.00400197512929882,3,3
80,49,0.002095658978937458,0.0014269603916456232,0.0,0.003974233764567741,3,3
81,46,0.0018904492698270904,0.001588558890569192,0.0,0.003974233764567741,3,3
82,47,0.002321586648586774,0.001341257180232137,0.0,0.003974233764567741,3,3
83,47,0.002107846184986946,0.001564412591735718,0.0,0.004383432485739949,3,3
84,45,0.002121214283224131,0.0016448276100295253,0.0,0.004968888357128702,3,3
85,45,0.0026094723068652553,0.0016202483422662233,0.0,0.005192182214171965,3,3
86,43,0.0025267798220731255,0.001983450105917952,0.0,0.005301843164030854,3,3
87,48,0.002556816805891217,0.0022595180662300265,0.0,0.005523454789452558,3,3
88,43,0.003233211918858394,0.0023351646851954714,0.0,0.005523454789452558,3,3
89,46,0.0032689621063558784,0.002461528530601783,0.0,0.005712382518306476,3,3
90,45,0.0034652536557761952,0.002468763382465441,4.0529464551831835e-08,0.0057676933992016725,3,3
91,45,0.003761806768318768,0.002379057432218569,0.0,0.0057676933992016725,3,3
92,46,0.0033303024366866146,0.0025327259003591193,0.0,0.0057676933992016725,3,3
93,44,0.004068535455505063,0.0023052442983266196,0.0,0.0057676933992016725,3,3
94,45,0.0037869791019721965,0.0024345924279116212,0.0,0.005869159440803404,3,3
95,48,0.0033456331314307064,0.002554637571733789,0.0,0.005869159440803404,3,3
96,45,0.003622049363293917,0.0024559840730268736,0.0,0.005869159440803404,3,3
97,46,0.0039228216931689935,0.0022761870896095813,0.0,0.005869159440803404,3,3
98,37,0.0038008589907938695,0.0024267988228110385,1.639520324579046e-08,0.005869159440803404,3,3
99,44,0.003676847985065386,0.0024990657473424557,0.0,0.005869159440803404,3,3
100,49,0.0035766488387903167,0.002485730026079616,1.639520324579046e-08,0.005869159440803404,3,3
