gen,nevals,avg,stddev,min,max,run,wlasne_prawd
0,50,0.0,0.0,0.0,0.0,9,3
1,45,2.191410091496264e-13,4.677290357004888e-13,0.0,1.2174500508312578e-12,9,3
2,46,1.272435541181909e-10,3.310042078553629e-10,0.0,1.715727874615181e-09,9,3
3,47,6.461820117505565e-10,1.922495584656497e-09,0.0,1.3748352374274058e-08,9,3
4,45,1.5391526824629873e-09,3.87106064214244e-09,0.0,2.428222466381773e-08,9,3
5,47,2.9837935734562266e-08,1.8163694542504678e-07,0.0,1.3003112021686551e-06,9,3
6,47,7.571477347125411e-08,2.5443839522447246e-07,0.0,1.3003112021686551e-06,9,3
7,48,2.9234049218436114e-07,5.001790970464595e-07,0.0,2.0375192975343283e-06,9,3
8,46,9.017848954813358e-07,1.4187764799557244e-06,2.2740102944901517e-10,9.265124284042329e-06,9,3
9,46,3.824239437110477e-06,6.362118786058562e-06,0.0,2.8888932724905407e-05,9,3
10,46,1.6500932407018922e-05,4.786374363449559e-05,0.0,0.00024615959102506897,9,3
11,45,5.004185640772786e-05,9.046867598332211e-05,0.0,0.00040711869065569647,9,3
12,45,0.00012494951254133765,0.00015679137462718378,0.0,0.0007827331282079962,9,3
13,45,0.00024570464058633833,0.0002899727846055135,0.0,0.0015940428149161696,9,3
14,45,0.00041124813487281904,0.0002963416186401651,1.7333356971960256e-18,0.0009218839660008845,9,3
15,45,0.0005198161722643348,0.0003618146114838808,0.0,0.0011115556510104168,9,3
16,40,0.0006310485477001035,0.0003499093838875634,1.7333356971960256e-18,0.0012463243915303579,9,3
17,47,0.0006239587549439857,0.0004243048624474985,0.0,0.001884124115253189,9,3
18,44,0.0009436899884455874,0.0004950572455275595,1.4314593051263627e-08,0.001947446718599135,9,3
19,43,0.0011744313799757307,0.0005957816725252539,0.0,0.002123158919664676,9,3
20,43,0.0012841298663514552,0.0007557883618015558,8.324888075170671e-09,0.0021206500575700906,9,3
21,44,0.0014102008642043146,0.0006960595758604358,0.0,0.0021206500575700906,9,3
22,43,0.001406206251222838,0.0007081973510429343,1.5575883083071266e-08,0.002123158919664676,9,3
23,47,0.0012186972098067188,0.0007705800471986693,0.0,0.0020752739614200173,9,3
24,44,0.00146697142942651,0.000729116637958343,7.558945231779093e-14,0.002123158919664676,9,3
25,43,0.001467110878292939,0.0007862038132547233,7.55879506426363e-14,0.0020752739614200173,9,3
26,45,0.0013438054953207807,0.0008640616471190905,0.0,0.0021206500575700906,9,3
27,45,0.0015670659211987417,0.0006625714156721337,0.0,0.0021206500575700906,9,3
28,43,0.0015730810933274888,0.0007488268367577138,1.260005838934016e-06,0.0021848573327762494,9,3
29,43,0.0014071195667698538,0.000806488153921889,0.0,0.0021785096905654134,9,3
30,45,0.0016639376348297316,0.0005630048063565482,1.3277596246411483e-05,0.0021785096905654134,9,3
31,48,0.0015884263400380346,0.0006947577333869183,7.558945202722526e-14,0.0021785096905654134,9,3
32,42,0.00175746709932919,0.0005758063559570895,8.731517713416538e-07,0.0021785096905654134,9,3
33,44,0.0015223324184072975,0.0008323961807178649,0.0,0.0021785096905654134,9,3
34,46,0.0015571056985577286,0.000809140758841999,7.558945231779093e-14,0.0021785096905654134,9,3
35,46,0.0015619912531393818,0.0007926667472586727,0.0,0.0021785096905654134,9,3
36,47,0.0016096268835277064,0.0007156987581052829,2.4172998508420734e-07,0.0021785096905654134,9,3
37,47,0.0016959951441025177,0.0006709277472418453,0.0,0.0021785096905654134,9,3
38,48,0.0016219188615864632,0.0007358789652275879,3.1756031740907033e-06,0.0021785096905654134,9,3
39,43,0.0015949223810232008,0.0007670843485765778,3.5887506495320683e-09,0.0021785096905654134,9,3
40,48,0.0015636836006040888,0.0007954914705873872,5.594054078204377e-07,0.0021785096905654134,9,3
41,43,0.001664489436724592,0.0007131374805539271,0.0,0.0021785096905654134,9,3
42,43,0.0016374359775632376,0.000706534398653437,6.418023302792384e-06,0.0021785096905654134,9,3
43,45,0.0014367970125934285,0.0008342126724901539,0.0,0.0021785096905654134,9,3
44,47,0.0014996062239463876,0.0007644957410161079,0.0,0.0021785096905654134,9,3
45,45,0.0016107874585311775,0.000728265875234101,7.558945231779093e-14,0.0021785096905654134,9,3
46,46,0.001219380317998048,0.000968002196738558,0.0,0.0021785096905654134,9,3
47,43,0.001705214136844767,0.0006759664109752866,5.848024992937134e-06,0.0021785096905654134,9,3
48,47,0.001616438388825657,0.0007845121033075723,1.260005838934016e-06,0.0021785096905654134,9,3
49,38,0.0018713618015641798,0.0006266893553612362,6.945702398018005e-06,0.0021785096905654134,9,3
50,46,0.0017376105603678469,0.0007365271004453611,0.0,0.0021785096905654134,9,3
51,47,0.00161143078889598,0.0007866874744142674,0.0,0.0021785096905654134,9,3
52,45,0.0017161394457978953,0.0007599882200945424,7.558945231779093e-14,0.0021785096905654134,9,3
53,46,0.0016915948318946634,0.0007738458443195232,5.924579263743034e-09,0.0021785096905654134,9,3
54,45,0.0015071580902329227,0.0008718824612683684,0.0,0.0021785096905654134,9,3
55,45,0.001655709333766974,0.0007929686872607213,7.558945231779093e-14,0.0021785096905654134,9,3
56,42,0.0016810407735414561,0.0008320614793300076,0.0,0.0021785096905654134,9,3
57,47,0.0015125936085973032,0.0008972040092068375,0.0,0.0021785096905654134,9,3
58,44,0.001559844860362874,0.0008277367974353414,0.0,0.0021785096905654134,9,3
59,47,0.0017030471741592405,0.0008019722281303948,5.848024992937134e-06,0.0021785096905654134,9,3
60,44,0.0015786907646888745,0.0008602481601561731,1.582959517928005e-08,0.0021785096905654134,9,3
61,45,0.001738426559880568,0.0007370215773127563,0.0,0.0021785096905654134,9,3
62,41,0.0018234530385112253,0.0006982377148702999,0.0,0.0021785096905654134,9,3
63,45,0.001795075671638697,0.0007507948812550989,0.0,0.0021785096905654134,9,3
64,44,0.0015770726175060692,0.0008973023330308814,0.0,0.0021785096905654134,9,3
65,44,0.0015332690317534793,0.0009052820796688514,0.0,0.0021785096905654134,9,3
66,47,0.001673572757093056,0.0008155263869258207,5.848024992937134e-06,0.0021785096905654134,9,3
67,44,0.0015583114453802797,0.0008395153085078677,1.328574596614719e-06,0.0021785096905654134,9,3
68,44,0.0017671836569386219,0.0007678321836416235,1.328574596614719e-06,0.0021785096905654134,9,3
69,44,0.0016084144848212438,0.0008668804410975031,7.558945231779093e-14,0.0021785096905654134,9,3
70,46,0.0016903829917262814,0.0008425385988013231,0.0,0.0021785096905654134,9,3
71,46,0.0016153160377189093,0.0008946849849316799,0.0,0.0021785096905654134,9,3
72,45,0.0016880818897747013,0.0008147830272412065,7.558945231779093e-14,0.0021785096905654134,9,3
73,44,0.0017057308906424206,0.0008281776568940086,0.0,0.0021785096905654134,9,3
74,45,0.0017352882923450089,0.0007684621703750252,6.945702398018005e-06,0.0021785096905654134,9,3
75,45,0.0016953255773648145,0.0008206067434288667,0.0,0.0021785096905654134,9,3
76,45,0.0017831416394914268,0.0007663298243821972,0.0,0.0021785096905654134,9,3
77,45,0.0016593855710430128,0.0008502931922061627,0.0,0.0021785096905654134,9,3
78,47,0.0019122476004114419,0.0006432189656944763,1.328574596614719e-06,0.0021785096905654134,9,3
79,46,0.0016699387007911098,0.0007936147325314329,0.0,0.0021785096905654134,9,3
80,43,0.001802584953202636,0.0007275827345608317,0.0,0.0021785096905654134,9,3
81,45,0.0016407247147036397,0.000866075487221067,0.0,0.0021785096905654134,9,3
82,43,0.0017353104215671613,0.0007724058426461183,1.0302838675788131e-06,0.0021785096905654134,9,3
83,47,0.0018219343043356104,0.0006767262878128156,5.848024992937134e-06,0.0021785096905654134,9,3
84,47,0.0017723916243327124,0.000771731576067938,1.328574596614719e-06,0.0021785096905654134,9,3
85,45,0.0017483042625110218,0.0007755107929245392,5.848024992937134e-06,0.0021785096905654134,9,3
86,46,0.0017960075743571626,0.000757436251941639,0.0,0.0021785096905654134,9,3
87,42,0.0018626528901515692,0.0006768836647975304,0.0,0.0021785096905654134,9,3
88,40,0.0016299119659864336,0.0008790981173070452,0.0,0.0021785096905654134,9,3
89,43,0.0016381189246966455,0.0008519444772195369,7.558945231779093e-14,0.0021785096905654134,9,3
90,46,0.0018586276442093463,0.0006752750952181733,0.0,0.0021785096905654134,9,3
91,48,0.001792027133181186,0.0007374839347303145,0.0,0.0021785096905654134,9,3
92,45,0.0019724980235672498,0.0005259122019583688,6.945702398018005e-06,0.0021785096905654134,9,3
93,46,0.0016030794840786176,0.0009340695071637582,0.0,0.0021785096905654134,9,3
94,47,0.001573655784330201,0.0008823263967101076,0.0,0.0021785096905654134,9,3
95,45,0.001646571876068172,0.0008801646430592639,0.0,0.0021785096905654134,9,3
96,46,0.0016750894320187043,0.0008783301486926376,0.0,0.0021785096905654134,9,3
97,44,0.0019390236494849894,0.0006048985382648395,1.328574596614719e-06,0.0021785096905654134,9,3
98,43,0.0016385452756347305,0.0008581829043678379,0.0,0.0021785096905654134,9,3
99,40,0.001772772782997986,0.0008216908928944377,0.0,0.0021785096905654134,9,3
100,47,0.0016159544061107429,0.0008944547851629627,7.558945231779093e-14,0.0021785096905654134,9,3
