gen,nevals,avg,stddev,min,max,run,wlasne_prawd
0,50,0.0,0.0,0.0,0.0,6,3
1,47,2.9218801219950186e-13,5.199523784265935e-13,0.0,1.2174500508312578e-12,6,3
2,46,1.4376213655579684e-10,3.903790347302032e-10,0.0,1.7157278746143797e-09,6,3
3,46,3.3461744812502297e-09,1.0450003875775935e-08,0.0,6.794382710119885e-08,6,3
4,45,3.111091059401458e-08,9.845847852681109e-08,0.0,4.876160509639034e-07,6,3
5,43,7.460939812409915e-07,3.334218025204331e-06,0.0,2.3428733928324215e-05,6,3
6,43,2.163944647152985e-06,1.1284539205116785e-05,0.0,8.076443768019555e-05,6,3
7,47,8.77879084085653e-06,2.036179222119566e-05,1.0012637441336542e-08,8.076443768019555e-05,6,3
8,42,3.6739887452127866e-05,4.75778894224651e-05,0.0,0.0002518051985734234,6,3
9,44,6.520166946112173e-05,6.683625736323236e-05,1.372760386315043e-08,0.0002518051985734234,6,3
10,45,0.00011297407381508526,0.00013709552495936127,0.0,0.0007570281377316984,6,3
11,47,0.00019840077074760075,0.00020936622013111852,0.0,0.0011784566985312704,6,3
12,43,0.0003184363512747358,0.00035290323288178325,1.8411149669657246e-09,0.0014282702128990082,6,3
13,47,0.0004800929421961913,0.0004876619326938614,0.0,0.0021003825273707027,6,3
14,44,0.0006759477589878441,0.0006785212984412236,1.5088375244046203e-08,0.0021003825273707027,6,3
15,46,0.0006267393588332024,0.0007545959377397815,0.0,0.0025961082433286573,6,3
16,45,0.0006785609387355712,0.0009305349449443267,0.0,0.004794680648433474,6,3
17,46,0.0011065394161559117,0.001318601902951587,0.0,0.006081704364452797,6,3
18,46,0.001365866568927118,0.0014712203627176353,0.0,0.00605303668352299,6,3
19,47,0.001071902589355014,0.0012899964794726225,0.0,0.0051306827266512055,6,3
20,44,0.0014207806848761581,0.0013530525011573556,7.219884565640322e-08,0.00409020744313431,6,3
21,45,0.0014429609261628904,0.0014182016567322647,0.0,0.004083257816295301,6,3
22,44,0.0018498780263488856,0.0017441489743998215,0.0,0.006232524279567937,6,3
23,42,0.002048220835263639,0.002087942562130218,0.0,0.006232524279567937,6,3
24,44,0.0020462818396070983,0.001980758495468796,0.0,0.006232524279567937,6,3
25,49,0.0018920211995127867,0.00203228056599496,0.0,0.005763167051735026,6,3
26,46,0.0016627011890347793,0.0018979044480141114,1.4534510416585215e-08,0.005763167051735026,6,3
27,46,0.0018018916209626942,0.0020873480790670287,2.4678294616813447e-08,0.005763167051735026,6,3
28,45,0.001794050128225347,0.0021576661718662516,0.0,0.005926296954276547,6,3
29,43,0.002185925809426988,0.0022287667107870807,0.0,0.005778596053343226,6,3
30,43,0.001983577247295204,0.002239959207430087,0.0,0.005778596053343226,6,3
31,47,0.001397684404950465,0.0017874273334179652,0.0,0.005778596053343226,6,3
32,45,0.0017199432584950713,0.002108333950721955,0.0,0.005778596053343226,6,3
33,45,0.00202756539258361,0.0021420071439032877,1.3877223876063942e-08,0.005763167051735026,6,3
34,44,0.002290406661671357,0.002032025685972497,0.0,0.005721496928264799,6,3
35,42,0.002401017997632199,0.0020694506448108887,0.0,0.005828513602216071,6,3
36,44,0.0019438818691946162,0.0020242633601836317,0.0,0.005828513602216071,6,3
37,47,0.00202013759680326,0.0019856453555803285,0.0,0.006017361300835063,6,3
38,48,0.0016943502528091595,0.0018625654534591312,0.0,0.0063004977573447715,6,3
39,46,0.0018484450755262847,0.0021083046674902424,5.869213687750767e-08,0.0063004977573447715,6,3
40,43,0.0026770250491833627,0.002494155141108675,0.0,0.0063004977573447715,6,3
41,45,0.002019958830414845,0.0022043243738359038,1.964596479269974e-06,0.0063004977573447715,6,3
42,48,0.0023319889707228677,0.002136814318295074,0.0,0.0063004977573447715,6,3
43,48,0.001948107329902595,0.0021882595784165296,0.0,0.005933608122896766,6,3
44,44,0.002301901435695929,0.0023050907743930294,0.0,0.006210226962091232,6,3
45,47,0.002087514824589947,0.002011803988952692,1.1351136605574535e-07,0.006210226962091232,6,3
46,46,0.0017416974428444679,0.002055728955570799,0.0,0.006210226962091232,6,3
47,46,0.0019202521146452418,0.002014317359992578,0.0,0.005624500067332184,6,3
48,47,0.0020509657046310467,0.002075397152977773,1.3807123711257757e-07,0.006332492140491284,6,3
49,45,0.0021262315467670315,0.002165329712347057,0.0,0.006332492140491284,6,3
50,47,0.0017893074930652175,0.0022624746435135957,0.0,0.006332492140491284,6,3
51,46,0.0014770645796021876,0.002056764817931246,0.0,0.006332492140491284,6,3
52,42,0.0021141614189405396,0.0023849015229241237,1.2305280392244058e-06,0.006332492140491284,6,3
53,44,0.002479073638373869,0.0024805206101503803,0.0,0.006332492140491284,6,3
54,41,0.00280232072516622,0.0028534430691770276,1.1381660282167234e-07,0.006332492140491284,6,3
55,45,0.002370282791595755,0.0027720489709913646,0.0,0.006332492140491284,6,3
56,47,0.0017258504516913936,0.002504887421825973,0.0,0.006332492140491284,6,3
57,48,0.00255844956753806,0.0025408864904514303,0.0,0.006332492140491284,6,3
58,44,0.0027364842170323395,0.0026702770648243945,0.0,0.006332492140491284,6,3
59,44,0.0031956759247252077,0.0027500266852463102,0.0,0.006332492140491284,6,3
60,45,0.0033586603708371243,0.002878975592382621,5.283539190818906e-08,0.006332492140491284,6,3
61,46,0.002973692264128729,0.0029604513837659463,1.643292785849535e-07,0.006332492140491284,6,3
62,41,0.002850435428094955,0.002854692567951188,0.0,0.006332492140491284,6,3
63,46,0.0029162155652119087,0.0028749024744338172,0.0,0.006332492140491284,6,3
64,46,0.0028338525276243405,0.0028035044110145293,0.0,0.006332492140491284,6,3
65,43,0.00323539631782512,0.0025521179233152762,1.7530449855301888e-06,0.006332492140491284,6,3
66,49,0.0030707678600156076,0.002810555083940605,1.978036293311152e-06,0.006332492140491284,6,3
67,45,0.002734878005149561,0.002764646425431579,7.384926418027187e-07,0.006332492140491284,6,3
68,48,0.002747413008657183,0.002690399497613441,0.0,0.006332492140491284,6,3
69,43,0.002951573125242211,0.002668064043094752,1.99324356711924e-07,0.006332492140491284,6,3
70,48,0.003196635023148769,0.002838331020817127,1.642758873770605e-06,0.006332492140491284,6,3
71,44,0.003039350504586337,0.0027406428820760938,1.643292785849535e-07,0.006332492140491284,6,3
72,43,0.003237940870802343,0.0028233297206654937,5.137334451671151e-07,0.006332492140491284,6,3
73,48,0.003153967915652755,0.0027170445658539406,7.218101521261605e-07,0.006332492140491284,6,3
74,46,0.0031982083763703634,0.0028590294561697846,5.775946431327367e-07,0.006332492140491284,6,3
75,43,0.0034672478791375207,0.00291624705566788,1.383884580153961e-07,0.006332492140491284,6,3
76,44,0.003140560724972829,0.002771696708642948,0.0,0.006332492140491284,6,3
77,45,0.002594867714366003,0.0029033338512082963,0.0,0.006332492140491284,6,3
78,43,0.0022967231103486765,0.0026865379455249783,1.383884580153961e-07,0.006332492140491284,6,3
79,47,0.0018364176155664768,0.0024163856349958606,0.0,0.006332492140491284,6,3
80,46,0.0028095264901087753,0.0026078668384990457,1.383884580153961e-07,0.006332492140491284,6,3
81,41,0.003651933330829856,0.002708649277004423,1.2581329567391677e-06,0.006332492140491284,6,3
82,44,0.0032733196692184574,0.002903970117804134,0.0,0.006332492140491284,6,3
83,47,0.003124831727536445,0.002760168877632127,0.0,0.006332492140491284,6,3
84,45,0.0030868382907715554,0.0028252769895312207,0.0,0.006332492140491284,6,3
85,47,0.0028458184322070123,0.002684764072963466,2.841765997395185e-07,0.006332492140491284,6,3
86,43,0.0037369359050100893,0.0027457907460740954,0.0,0.006332492140491284,6,3
87,48,0.0031582822650217217,0.0028247782897540433,0.0,0.006332492140491284,6,3
88,44,0.003622611825082957,0.00266773115258555,1.7424877096932582e-06,0.006332492140491284,6,3
89,44,0.0027072700859296626,0.002862085001522099,0.0,0.006332492140491284,6,3
90,44,0.0031525393679062395,0.002790908622404569,1.643292785849535e-07,0.006332492140491284,6,3
91,44,0.0032320206207982144,0.0029008643231791266,0.0,0.006332492140491284,6,3
92,44,0.003507663264919459,0.002808549488434946,1.9256981266774237e-06,0.006332492140491284,6,3
93,43,0.004012229215676942,0.0027583029945263326,0.0,0.006332492140491284,6,3
94,42,0.003945175625559325,0.0027674499027758605,1.941091975347182e-06,0.006332492140491284,6,3
95,45,0.0033748609220253145,0.002854038657309098,0.0,0.006332492140491284,6,3
96,47,0.003023972830593611,0.002866984394295461,0.0,0.006332492140491284,6,3
97,45,0.003307494765454172,0.0028624954893386105,0.0,0.006332492140491284,6,3
98,49,0.002657197281619725,0.0026137436693250407,0.0,0.006332492140491284,6,3
99,46,0.003216229024214627,0.0029300126283911924,1.643292785849535e-07,0.006332492140491284,6,3
100,43,0.004327463982687737,0.0027467011676570057,0.0,0.006332492140491284,6,3
