gen,nevals,avg,stddev,min,max,run,wlasne_prawd
0,50,0.0,0.0,0.0,0.0,10,3
1,45,2.678390111828767e-13,5.043241833064977e-13,0.0,1.2174500508312578e-12,10,3
2,43,1.570748650367828e-10,3.510090533845931e-10,0.0,1.7157278746143797e-09,10,3
3,46,1.379112609503958e-09,3.7510745289659135e-09,0.0,2.3187560861943613e-08,10,3
4,46,2.7114789921590933e-09,6.664772718193553e-09,0.0,4.586078718309489e-08,10,3
5,48,5.248641603464515e-09,1.3522827628034646e-08,0.0,7.76699690118266e-08,10,3
6,43,1.9719629262476874e-07,1.1769568056197554e-06,0.0,8.430287525653135e-06,10,3
7,44,1.9889678171857145e-06,5.907952796121654e-06,0.0,3.4585602525488726e-05,10,3
8,46,7.499036104374559e-06,1.2698636021957431e-05,0.0,3.747153409550922e-05,10,3
9,45,1.987719900694105e-05,3.312292567586791e-05,0.0,0.00022402834802774123,10,3
10,47,3.1410592917918294e-05,4.741812515897286e-05,1.2174500508312578e-12,0.00022402834802774123,10,3
11,45,3.6670356717036504e-05,5.4142482950438875e-05,0.0,0.00022402834802774123,10,3
12,45,3.989247226604645e-05,5.742407202904543e-05,0.0,0.00022402834802774123,10,3
13,40,7.641223075452539e-05,7.705979263469491e-05,0.0,0.0003716096967928231,10,3
14,45,0.00011416782453575419,9.307893322197208e-05,0.0,0.0003716096967928231,10,3
15,48,0.000167013603087451,9.587583128595672e-05,4.201420350564612e-13,0.00037188467949091845,10,3
16,44,0.00020432504936906945,0.0001189825343263326,0.0,0.00043941681220664437,10,3
17,44,0.00027773135247219724,0.000151018568441953,4.201420352299324e-13,0.0005361365320384864,10,3
18,46,0.00031289462610389977,0.0001830254918782999,0.0,0.0009445720101497136,10,3
19,44,0.0003116806383338041,0.0002193303789915554,0.0,0.00106961285325546,10,3
20,43,0.0003430474310729774,0.00028474277247096213,0.0,0.00106961285325546,10,3
21,48,0.0004777441788906741,0.00041833895510989805,0.0,0.0011458882436408552,10,3
22,45,0.0005314026897316255,0.00046783615367755247,0.0,0.0011190110375490783,10,3
23,48,0.000571662697335577,0.00043735245625323675,0.0,0.0011116666463159956,10,3
24,47,0.0005966102704402548,0.00045724556181467465,0.0,0.0011461077566088211,10,3
25,45,0.0005896608668810462,0.0004758642850866321,0.0,0.0011461077566088211,10,3
26,45,0.0006837281486555976,0.00045862412243753416,0.0,0.0011461077566088211,10,3
27,42,0.0008403955998326888,0.00035750992998922956,0.0,0.0011461077566088211,10,3
28,45,0.0006802157936063555,0.00046943093557282376,0.0,0.0011461077566088211,10,3
29,47,0.0007754677318720088,0.0004598423083263056,0.0,0.0012931063647385903,10,3
30,44,0.0007816513475928378,0.0004961249919762246,0.0,0.0011759543392551954,10,3
31,48,0.000768880470066515,0.00047100720837408276,0.0,0.0011565785436794852,10,3
32,44,0.0008095937145709896,0.0004642778929820559,3.3616710177013523e-06,0.0011759543392551954,10,3
33,44,0.000820853495260675,0.0004515367350044092,0.0,0.001197356914981596,10,3
34,48,0.0006268020337597512,0.0004813392313528287,0.0,0.001197356914981596,10,3
35,49,0.000771934779225032,0.0004515204393017082,0.0,0.0012156306436965413,10,3
36,44,0.0007666933302090178,0.000472572597814157,0.0,0.0012021463636444484,10,3
37,49,0.0006299357081032387,0.0005078270438211682,0.0,0.0012021463636444484,10,3
38,44,0.0007691484999462514,0.0004944980909204393,0.0,0.0012021463636444484,10,3
39,45,0.00076540259531331,0.00046757688418777886,0.0,0.0012021463636444484,10,3
40,41,0.0008802449124478324,0.0004311440829606205,3.3616710177013523e-06,0.0012021463636444484,10,3
41,46,0.0006553441717050498,0.0005139357545364473,0.0,0.0012021463636444484,10,3
42,49,0.0006744314441533148,0.0005138145109993811,0.0,0.0012021463636444484,10,3
43,43,0.0006823424138788826,0.000532610452831584,0.0,0.0012360576561599305,10,3
44,45,0.0008681224084796503,0.00044165024165670016,0.0,0.0012360576561599305,10,3
45,42,0.0007470761569519701,0.0005108351769420937,0.0,0.0012405547112893619,10,3
46,48,0.0007894747648355155,0.00047314766028756555,0.0,0.0012405547112893619,10,3
47,46,0.000602250274084913,0.0005323991692395689,0.0,0.0012405547112893619,10,3
48,46,0.0007623185855114171,0.0004956596044200861,0.0,0.0012915359711392158,10,3
49,48,0.0007129221197565086,0.00048643234736859696,0.0,0.001237701585991482,10,3
50,45,0.0008164285316098922,0.0004918801483952472,0.0,0.0012752563833359877,10,3
51,45,0.0007397618815915179,0.0005364726698058051,0.0,0.0013122349047019896,10,3
52,40,0.0008299796528117889,0.000491787366739821,8.060952654284123e-07,0.0012362034267907474,10,3
53,45,0.0006471422611447926,0.000536476098756099,0.0,0.0013036967658852676,10,3
54,44,0.0008014961967428733,0.0004885302888631913,0.0,0.0013036967658852676,10,3
55,45,0.0007645471308613983,0.0005076782551094312,0.0,0.0013036967658852676,10,3
56,44,0.0008436614353232051,0.0005131836159276269,0.0,0.0012638932375735998,10,3
57,43,0.0008754717816874259,0.0005123045780092198,0.0,0.0012638932375735998,10,3
58,45,0.0008388057923766855,0.000535727749797415,0.0,0.0012638932375735998,10,3
59,48,0.0007419988803301688,0.0005525416821800663,0.0,0.0012638932375735998,10,3
60,47,0.0008889538811636166,0.0004909934871664163,0.0,0.0012638932375735998,10,3
61,48,0.0007654417503892,0.000529162557301585,0.0,0.0012638932375735998,10,3
62,42,0.0009533422446780362,0.00045175727365647785,0.0,0.0012638932375735998,10,3
63,46,0.0007970445080429739,0.0005685031757904887,5.235235212384722e-08,0.0012638932375735998,10,3
64,45,0.0007424638324957586,0.0005427831859978433,0.0,0.001276885378607643,10,3
65,50,0.000838085540987135,0.0005125521231638592,0.0,0.001276885378607643,10,3
66,45,0.0008727475057252045,0.0005016782600559571,0.0,0.001276885378607643,10,3
67,45,0.0008878742741964069,0.0005020082473698705,0.0,0.001276885378607643,10,3
68,46,0.0009646549606323316,0.0004475853965465759,0.0,0.001276885378607643,10,3
69,43,0.0009415000893501553,0.0005281283712459078,0.0,0.001276885378607643,10,3
70,43,0.0007387228436526686,0.0005557199737848079,0.0,0.001276885378607643,10,3
71,44,0.0009444766636378035,0.00048475298906847325,1.5063661745622107e-05,0.001276885378607643,10,3
72,46,0.0009086376263777686,0.0005028330114019006,5.238256054684443e-08,0.001276885378607643,10,3
73,44,0.0008059008712879901,0.0005668749681970809,0.0,0.001276885378607643,10,3
74,46,0.0007112231775397453,0.0005621170643388765,0.0,0.001276885378607643,10,3
75,40,0.0006798054800927702,0.0005679064184966226,0.0,0.001276885378607643,10,3
76,42,0.000756669648391067,0.0005698405457770663,0.0,0.001276885378607643,10,3
77,43,0.0008315514562361181,0.0005372003232000782,0.0,0.001276885378607643,10,3
78,46,0.000668060160539109,0.0005601507718964249,0.0,0.001276885378607643,10,3
79,47,0.0007198026931604935,0.0005510203176412839,0.0,0.001276885378607643,10,3
80,45,0.0008984263466565778,0.000519141200584514,0.0,0.001276885378607643,10,3
81,45,0.0009646400657373456,0.0004481338998350719,0.0,0.001276885378607643,10,3
82,46,0.000841673155716428,0.0005334183815184378,0.0,0.001276885378607643,10,3
83,45,0.0009050004862780306,0.0005060443015826796,0.0,0.001276885378607643,10,3
84,45,0.0009533899191183596,0.00047580806165318634,0.0,0.001276885378607643,10,3
85,43,0.000857330350182338,0.0005294413884162737,0.0,0.001276885378607643,10,3
86,45,0.0008316245841289703,0.0005452031661124286,0.0,0.001276885378607643,10,3
87,47,0.0008139665405669332,0.0005480173780382283,0.0,0.001276885378607643,10,3
88,45,0.0007031128853536715,0.0005911601019930304,0.0,0.001276885378607643,10,3
89,48,0.0007670143323623421,0.000565233718731968,0.0,0.001276885378607643,10,3
90,44,0.0007651631084446166,0.00058306122483267,0.0,0.001276885378607643,10,3
91,44,0.0008543817126613345,0.0005538226084715116,0.0,0.001276885378607643,10,3
92,47,0.0007877979706599025,0.0005515666521952656,0.0,0.001276885378607643,10,3
93,45,0.0008410401076756028,0.0005066521797125863,0.0,0.001276885378607643,10,3
94,43,0.0007725049686376134,0.0005320629039562673,0.0,0.001276885378607643,10,3
95,40,0.0008853238751895068,0.0005036936080728126,0.0,0.001276885378607643,10,3
96,41,0.0007065438792451246,0.0005713767027190407,0.0,0.001276885378607643,10,3
97,46,0.000928371964267214,0.0005302582627316769,0.0,0.001276885378607643,10,3
98,42,0.0010028063729365393,0.00046354436464151623,0.0,0.001276885378607643,10,3
99,44,0.000982261693040053,0.00048165378557013235,3.3971926898735747e-07,0.001276885378607643,10,3
100,45,0.0009024461257021041,0.0005305378738391884,0.0,0.001276885378607643,10,3
