gen,nevals,avg,stddev,min,max,run,wlasne_prawd
0,50,0.0,0.0,0.0,0.0,1,3
1,41,2.4349001016625153e-13,4.869800203325031e-13,0.0,1.2174500508312578e-12,1,3
2,43,7.489283849691659e-11,2.2294500220605174e-10,0.0,7.437258263850433e-10,1,3
3,46,1.0934492028740764e-09,3.7268041508369294e-09,0.0,2.3187560861946472e-08,1,3
4,49,1.1142788549619871e-08,3.487256924505309e-08,0.0,1.9295560919741628e-07,1,3
5,41,5.138890283860794e-08,8.720824280568609e-08,0.0,4.1907468752525256e-07,1,3
6,45,1.6256135149331395e-07,2.919008769915691e-07,0.0,1.3899682670491813e-06,1,3
7,43,3.407755497099926e-07,3.94099134217516e-07,0.0,1.3899682670491813e-06,1,3
8,47,4.778041440999341e-07,5.320833745718037e-07,0.0,2.5901890674944945e-06,1,3
9,47,5.955609488816071e-07,5.972482756529097e-07,0.0,2.5901890674944945e-06,1,3
10,47,1.2594238680162415e-05,7.454257956567763e-05,0.0,0.0005334468322611872,1,3
11,48,2.121206489287717e-05,0.00011423265880325129,0.0,0.0008191156764931631,1,3
12,47,5.787490680423197e-05,0.00017244512384391667,1.2174500508312578e-12,0.0008191156764931631,1,3
13,45,0.00011583593825324587,0.0002485658921191083,0.0,0.0010265050983041873,1,3
14,48,0.0001774243106163575,0.00028690004967457303,1.4946847254980554e-08,0.0008766168984730113,1,3
15,43,0.00031845177281302546,0.00033420289403559027,1.2174500508312578e-12,0.0008840882007259808,1,3
16,40,0.0005358722770376046,0.0003726980371891641,3.327903388735477e-08,0.0011929127882253344,1,3
17,44,0.0005918071312360705,0.00039193886956267863,1.4946847254980554e-08,0.0012279546930282171,1,3
18,45,0.0005859494738375212,0.0004267125586353956,7.447126513735203e-08,0.0012421341725827222,1,3
19,44,0.0007742596317255189,0.00043310567656547685,1.2390654231142075e-07,0.0012421341725827222,1,3
20,43,0.000914901008894072,0.00044676003122386256,9.580943062293912e-08,0.0014308845740236733,1,3
21,46,0.0008834088057194616,0.0005481199841276399,1.4946847254980554e-08,0.00157946091381433,1,3
22,37,0.0010420716574532896,0.0005540758744359189,7.042181155445958e-09,0.0016085125597179375,1,3
23,47,0.0008462671624659955,0.0006567785606990915,7.230463549934528e-08,0.0017706964088142485,1,3
24,45,0.001160104454811335,0.000604022875109621,7.033348308638908e-09,0.0020208488256504378,1,3
25,45,0.0010983912327013495,0.0007290447491403118,7.147069087184779e-08,0.002014010582858639,1,3
26,46,0.0011124815808279374,0.0007632712023768039,7.048573493969971e-09,0.002004718642354556,1,3
27,49,0.0013413017204304293,0.0007519860200322168,1.4946847254980554e-08,0.002020447934506167,1,3
28,46,0.0012902478202171095,0.0008606385580238778,7.048573493969971e-09,0.002163824342203508,1,3
29,43,0.0013763204111730562,0.0007782508441084138,7.13903956526483e-08,0.0023644802867096386,1,3
30,45,0.0011211050217457916,0.0008877355218194237,1.4946847254980554e-08,0.0023644802867096386,1,3
31,46,0.0013689720231828831,0.000859262845523152,7.147069087184779e-08,0.0020959439118742127,1,3
32,48,0.00157400929354147,0.0007535753827248295,5.7173834702685735e-09,0.0021285221973898964,1,3
33,46,0.001243413873380821,0.0009179510013542693,2.7056405382932436e-09,0.0023355624446962098,1,3
34,42,0.0013511527148691714,0.0009139522523989219,4.50154777580383e-08,0.0023355624446962098,1,3
35,47,0.001695416972249854,0.0007666076003526565,4.50154777580383e-08,0.0026999999773141157,1,3
36,50,0.001316114684926319,0.0009698838479217873,4.50154777580383e-08,0.003595389306369968,1,3
37,42,0.0016317333536040074,0.0008725901796745231,4.50154777580383e-08,0.003595389306369968,1,3
38,45,0.0013116272244036362,0.0009399275321006381,5.6735090637040126e-08,0.002469706061105062,1,3
39,43,0.0013234120391663318,0.0009992289556525129,7.189473569978017e-08,0.002469706061105062,1,3
40,45,0.0012292295886870345,0.0009784834403036042,1.8063345809395546e-06,0.002469706061105062,1,3
41,45,0.0010457467355706079,0.001043034920168561,5.6735090637040126e-08,0.002469706061105062,1,3
42,44,0.0015078486132096278,0.001035832524485049,7.189473569978017e-08,0.002469706061105062,1,3
43,44,0.0012530307957517358,0.0011271049735515429,2.691284376758675e-09,0.0025342749252885376,1,3
44,46,0.0016114891825109968,0.0010054056535499897,5.308822758292039e-07,0.0026441243769134014,1,3
45,44,0.0018372689892194626,0.0009525274707129485,5.310093596968845e-07,0.0027834711442758318,1,3
46,36,0.0017820826203390574,0.0010560069524738584,5.31579458535484e-07,0.0027834711442758318,1,3
47,44,0.0016562380799827797,0.0010762178325659532,5.246224547778918e-07,0.0028336677764003756,1,3
48,45,0.0017724992428901649,0.0010881412057857412,5.290938575456664e-07,0.0028336677764003756,1,3
49,43,0.0016921527685366021,0.0011994733837760627,5.246224547778918e-07,0.0032016786262457466,1,3
50,45,0.001584631991502524,0.0012067741112056518,5.246224547778918e-07,0.003899454180084607,1,3
51,48,0.0016460087020724048,0.001293425115586426,5.261929719813085e-07,0.003899454180084607,1,3
52,41,0.0016244914467258573,0.0014663888386046873,5.261929719813085e-07,0.003899454180084607,1,3
53,44,0.0016575614090801568,0.0014860267554720281,2.691284376758675e-09,0.003899454180084607,1,3
54,47,0.0013162575862292094,0.0014434913304379319,5.246224547779665e-07,0.003899454180084607,1,3
55,45,0.0015507961758204742,0.0015497169538324384,2.691284376758675e-09,0.003899454180084607,1,3
56,44,0.0018780210369575667,0.0014885470643836664,7.419369691080626e-08,0.003899454180084607,1,3
57,49,0.0018756718541650071,0.0015912308644612807,5.246224547779665e-07,0.003899454180084607,1,3
58,45,0.0021802894711673098,0.0016349943732811654,3.0023246730182333e-06,0.003899454180084607,1,3
59,48,0.0018986698493839564,0.0017433629385428617,5.246224547779665e-07,0.004003107545988552,1,3
60,44,0.0022420290588902633,0.0017062483934129336,2.538787417529468e-07,0.004003107545988552,1,3
61,47,0.0022734860809067153,0.0016620870932466884,5.335158017587866e-07,0.004003107545988552,1,3
62,47,0.002205360332768296,0.001697899725686284,5.335158017587866e-07,0.004003107545988552,1,3
63,42,0.002345186614569701,0.0016389516212084777,5.335158017587866e-07,0.004003107545988552,1,3
64,44,0.0021438108235689894,0.0016283566981482012,5.246224547779665e-07,0.004003107545988552,1,3
65,44,0.0022440080298332843,0.0017374653765337789,5.246224547779665e-07,0.004003107545988552,1,3
66,47,0.002172986290231146,0.001612594043630874,5.246224547779665e-07,0.004003107545988552,1,3
67,46,0.0020193820005575455,0.0016626674395825304,5.246224547779665e-07,0.004003107545988552,1,3
68,43,0.0021131054793945554,0.0016886174894363308,5.335158017587866e-07,0.004003107545988552,1,3
69,44,0.001806360781426518,0.0016926701692892927,5.246224547779665e-07,0.004380218014019345,1,3
70,41,0.0024274493861577953,0.0016246979553995301,5.335158017587866e-07,0.004380218014019345,1,3
71,45,0.0022670738813512685,0.00173338281637851,5.246224547779665e-07,0.004380218014019345,1,3
72,48,0.0016470479612720852,0.0015540312072399175,1.9103302873422596e-07,0.004380218014019345,1,3
73,47,0.0019803375957816454,0.0017949130134183259,5.335158017587866e-07,0.005349648947660152,1,3
74,46,0.002231049632301607,0.0018910304176304664,5.335158017587866e-07,0.005349648947660152,1,3
75,45,0.0025240063757098175,0.002191222507360912,1.7550034665229898e-07,0.007739749364153131,1,3
76,47,0.002969353912777167,0.002426094261019978,1.676808218869012e-07,0.007739749364153131,1,3
77,46,0.004545991207846716,0.0026751171495790257,6.991974729096882e-07,0.0079802169368024,1,3
78,44,0.004781775175263531,0.003114552667658772,1.773829921217855e-07,0.008397653679374235,1,3
79,45,0.004627177902241127,0.003428824180694142,1.773829921217855e-07,0.0079802169368024,1,3
80,45,0.004270137760058874,0.0033925934945026,1.773829921217855e-07,0.008595666328357607,1,3
81,45,0.005021507556575703,0.0034696979758758384,1.773829921217855e-07,0.009096968279062083,1,3
82,45,0.004504371948110738,0.0036356402256383976,1.773829921217855e-07,0.00934045652588889,1,3
83,46,0.0049758240193624355,0.0037303128641401426,1.773829921217855e-07,0.009134477460910244,1,3
84,45,0.004334274086970787,0.003925656958703609,1.773829921217855e-07,0.009597905517592122,1,3
85,45,0.004406983545932855,0.0038998044043545375,1.773829921217855e-07,0.009597905517592122,1,3
86,44,0.0047472651796550665,0.004051223533617168,1.773829921217855e-07,0.009847621092210877,1,3
87,40,0.005609026600171822,0.0039574217890912585,1.773829921217855e-07,0.009847621092210877,1,3
88,47,0.004718692728181417,0.003838564779666479,1.773829921217855e-07,0.009847621092210877,1,3
89,47,0.005095236940089224,0.003818414725768663,1.7550034665229898e-07,0.009886071644941713,1,3
90,48,0.005501349473495387,0.003915129038194342,1.773829921217855e-07,0.011103955171807909,1,3
91,45,0.004997414878319553,0.00418188612550731,1.7550034665229898e-07,0.011103955171807909,1,3
92,42,0.005019059383729759,0.00424790483664326,1.773829921217855e-07,0.011554149592614756,1,3
93,45,0.006205522584757855,0.004763177734012155,1.773829921217855e-07,0.01299698636614089,1,3
94,46,0.005123051708187999,0.004671524440932501,1.773829921217855e-07,0.01299698636614089,1,3
95,48,0.005409908475799124,0.005143214600105609,1.7725517493883893e-07,0.01299698636614089,1,3
96,44,0.0065444192212345455,0.0049926861616626655,1.7725517493883893e-07,0.01299698636614089,1,3
97,45,0.006307397150406085,0.005179494866345824,1.7725517493883893e-07,0.01299698636614089,1,3
98,49,0.005632443911229663,0.005314008482313672,1.7725517493883893e-07,0.013227898583461137,1,3
99,43,0.006711809867375585,0.005366088153443623,1.7725517493883893e-07,0.013227898583461137,1,3
100,42,0.007992031787091678,0.004800636275529631,1.828161813790376e-07,0.013227898583461137,1,3
