gen,nevals,avg,stddev,min,max,run,wlasne_prawd
0,50,0.0,0.0,0.0,0.0,4,3
1,44,3.408860142327522e-13,5.466337170865304e-13,0.0,1.2174500508312578e-12,4,3
2,47,1.556853556269772e-10,2.98598925309151e-10,0.0,7.437258263850433e-10,4,3
3,49,8.868709217681448e-10,2.1509015950475102e-09,0.0,1.3748352374274058e-08,4,3
4,40,6.7635856842696036e-09,3.676403017841767e-08,0.0,2.635088244656978e-07,4,3
5,46,6.703004538382217e-07,4.249812952239414e-06,0.0,3.038059189813463e-05,4,3
6,47,1.395040481159576e-06,5.323561134259199e-06,0.0,3.038059189813463e-05,4,3
7,40,7.206965975480476e-06,1.610958085148387e-05,1.5894665419480412e-13,9.96649565867827e-05,4,3
8,47,1.937903649172881e-05,2.7136084913316625e-05,0.0,0.00010123754884735787,4,3
9,41,3.669459016030687e-05,3.814652423364818e-05,1.5894665419480412e-13,0.00010123754884735787,4,3
10,48,5.3884119057708246e-05,4.331840128113378e-05,0.0,0.0001026663825610069,4,3
11,47,7.241318736464939e-05,3.957749729042294e-05,0.0,0.00010123754884735787,4,3
12,45,7.543005121206337e-05,3.966505979608029e-05,1.5894665419480412e-13,0.00010123754884735787,4,3
13,44,6.804902670148689e-05,4.3962050438668294e-05,0.0,0.00010123754884735787,4,3
14,48,7.387775298147979e-05,4.163277951261047e-05,0.0,0.00010123754884735787,4,3
15,45,8.828973177752294e-05,2.6978328595432268e-05,1.8715112584432103e-05,0.00010123754884735787,4,3
16,48,7.553570949127179e-05,4.005234852085366e-05,0.0,0.00010123754884735787,4,3
17,44,7.450466347995295e-05,4.112874672303853e-05,6.364367095517312e-10,0.00012905521808445557,4,3
18,41,7.517154773129145e-05,4.1407524603224114e-05,0.0,0.00012905521808445557,4,3
19,47,7.507492257514812e-05,3.6474703164378466e-05,4.1342909366204874e-07,0.00011110018565778194,4,3
20,49,6.16065329840827e-05,4.234297024775119e-05,0.0,0.00011110018565778194,4,3
21,49,6.151538501145181e-05,4.218672622354573e-05,0.0,0.00011243483110056456,4,3
22,48,6.350155600793704e-05,4.7305284305074466e-05,0.0,0.00014043430886119236,4,3
23,43,6.767852984557505e-05,4.552368232956419e-05,6.364367095517312e-10,0.00014043430886119236,4,3
24,47,6.413741655905163e-05,4.4483004815677616e-05,0.0,0.00015795985016969872,4,3
25,46,8.87224511339851e-05,5.6294769626115645e-05,4.972114214291212e-12,0.00020286875006175458,4,3
26,46,0.00011586038770462876,6.614755018248741e-05,0.0,0.00024494170901888916,4,3
27,42,0.00012970404579528018,7.674742739261386e-05,0.0,0.0002586114749661457,4,3
28,46,0.00016769621489907206,8.514093408404078e-05,3.38219332904618e-12,0.0002744198026656317,4,3
29,42,0.00020979231028100823,9.828491895390114e-05,0.0,0.0004090457914991722,4,3
30,45,0.0001867954014726567,0.0001200440244433042,0.0,0.00029517344371863733,4,3
31,44,0.00020856661044476929,0.00011274515423706964,4.6010474042005527e-07,0.00029375718328696467,4,3
32,49,0.00018372381588897788,0.0001227031880766373,3.126142545862699e-12,0.00029387106804654634,4,3
33,42,0.00019967618679531937,0.00012319748509444776,0.0,0.00029421966192317065,4,3
34,46,0.0002016783971520768,0.000120033432663335,3.126143394202158e-12,0.00029758592491495724,4,3
35,44,0.00021402346868855488,0.000110366270776952,5.234720824065574e-07,0.0003110629526750115,4,3
36,45,0.0002363681353899187,0.00010734940694610934,0.0,0.0004261310530672642,4,3
37,43,0.00023062955157126538,0.00011376484522162868,1.4924259891488648e-06,0.0004261310530672642,4,3
38,47,0.0002371511043709543,0.00011975210000852761,0.0,0.0004762642339488621,4,3
39,40,0.00019476301334172858,0.00014493792463704075,0.0,0.0004762642339488621,4,3
40,49,0.0002834394383154176,0.0001439283737957634,0.0,0.0005389229167709927,4,3
41,44,0.00031430333307943924,0.00018373795186476348,4.178118238622979e-06,0.0005392170786404538,4,3
42,45,0.00032491107271491476,0.00020797195077657438,0.0,0.0005925997982066427,4,3
43,44,0.000257697532269249,0.0002301770526130022,0.0,0.0005925997982066427,4,3
44,43,0.0003430351278733455,0.0002289118172135663,3.126143394202158e-12,0.0006293699694684329,4,3
45,44,0.00033440089417633925,0.00027428710926827044,0.0,0.0008012236931323795,4,3
46,46,0.00037547084532759794,0.0002792741986199478,0.0,0.0008012236931323795,4,3
47,46,0.0004480113920404025,0.00024584212326460737,0.0,0.0008012236931323795,4,3
48,39,0.0005116685315448988,0.00028771513967629805,5.4958916816863796e-06,0.0008720952673262414,4,3
49,45,0.00044360887803950386,0.0003299140072295585,0.0,0.0008303868469610316,4,3
50,46,0.0004975765429062235,0.00030289355361564805,7.003423558034749e-06,0.000839756688542224,4,3
51,44,0.0005393083435676434,0.0003252145171004467,4.845363391378602e-06,0.0008303868469610316,4,3
52,49,0.00051537210145845,0.0003392528925703618,0.0,0.0008720952673262414,4,3
53,40,0.0005551012493939884,0.0003135300088200216,0.0,0.0008720952673262414,4,3
54,45,0.0005496365867352288,0.00033315639935962694,0.0,0.0008720952673262414,4,3
55,45,0.0005479184276486432,0.0003444311166637697,0.0,0.0008720952673262414,4,3
56,39,0.0006045505903336183,0.0003196011897205927,0.0,0.0008720952673262414,4,3
57,47,0.0005115189969005726,0.00033652858128142333,0.0,0.0008720952673262414,4,3
58,46,0.0005194153745592689,0.00032718529654271087,2.4562957235373547e-06,0.0008720952673262414,4,3
59,43,0.0005054203692545531,0.0003435409479131562,0.0,0.0008720952673262414,4,3
60,44,0.0005092679191329109,0.00033239490178463385,2.6462638078548973e-06,0.0008720952673262414,4,3
61,47,0.0004993002569424529,0.00031363716215241223,7.164594516860788e-06,0.0008720952673262414,4,3
62,37,0.0006508039676208174,0.0002972604279662027,0.0,0.0008740453323093485,4,3
63,46,0.000586624862635529,0.0003501769992516272,4.845363391378602e-06,0.0008740453323093485,4,3
64,43,0.0006914056294451136,0.00027507587246494985,2.684328380154816e-06,0.0008740453323093485,4,3
65,47,0.0005312032961279125,0.0003638655763049035,1.5763015449026347e-06,0.0008740453323093485,4,3
66,47,0.0007005976626338246,0.0002917737019958251,0.0,0.0008740453323093485,4,3
67,43,0.0005304740994092199,0.00037406621026297884,0.0,0.0008740453323093485,4,3
68,46,0.0005337551819975458,0.0003784058410523316,3.1261433898118496e-12,0.0008740453323093485,4,3
69,46,0.00054547042319058,0.0003630378530753891,1.3406876858645976e-07,0.0008740453323093485,4,3
70,46,0.0005502649436134957,0.00037350922530507755,3.1261433898118496e-12,0.0008740453323093485,4,3
71,44,0.0005788238997803284,0.0003755392199363601,0.0,0.0008767358778471458,4,3
72,44,0.0006034874024797316,0.0003630951341034013,3.1261433898118496e-12,0.0008767358778471458,4,3
73,42,0.0007011384757098491,0.0003027650789253666,1.9717879002135667e-06,0.0008767358778471458,4,3
74,41,0.0006839651911383492,0.0003278812762950437,0.0,0.0009140251143048756,4,3
75,40,0.0006265680294709271,0.0003530639657777431,0.0,0.0008767358778471458,4,3
76,42,0.0006130321226291383,0.00037266829712772915,0.0,0.0008767358778471458,4,3
77,46,0.0005154131822732958,0.00039138983802893055,0.0,0.0008767358778471458,4,3
78,46,0.00056310405608999,0.00034695663630943493,0.0,0.0008767358778471458,4,3
79,45,0.000521048506054979,0.00038925316411567184,2.2996088509890305e-06,0.0008767358778471458,4,3
80,46,0.0005852974503457598,0.00036262695541665113,5.051902171326202e-06,0.0008767358778471458,4,3
81,45,0.0006155432987546814,0.00032966005050511486,0.0,0.0008767358778471458,4,3
82,43,0.0006483124076149408,0.0003212547267781715,0.0,0.0008767358778471458,4,3
83,46,0.0005980623885218678,0.000352586800170613,0.0,0.0008767358778471458,4,3
84,46,0.0005940951419530843,0.0003435854165586988,3.1261433897491673e-12,0.0008767358778471458,4,3
85,43,0.0006565637844390984,0.0003305400905684619,0.0,0.0008767358778471458,4,3
86,46,0.0004763361930834674,0.0003920828825263578,0.0,0.0008767358778471458,4,3
87,44,0.0005966824437105769,0.0003232599239873591,0.0,0.0008767358778471458,4,3
88,43,0.00048612245634660993,0.00037372892373773174,0.0,0.0008767358778471458,4,3
89,42,0.000603119597504785,0.00034963392057770474,0.0,0.0008767358778471458,4,3
90,41,0.0006653624455458787,0.0003238325288514172,0.0,0.0008767358778471458,4,3
91,42,0.0006354584954861437,0.00033131539862119985,3.1261433897491673e-12,0.0009140251143048756,4,3
92,44,0.0006854239880208443,0.00032604722934558223,0.0,0.0009140251143048756,4,3
93,46,0.0005974793427274714,0.0003740543903447596,1.3715594702280573e-06,0.0009140251143048756,4,3
94,46,0.0006684592830222363,0.00032001725048642573,2.305148548878988e-06,0.0009140251143048756,4,3
95,47,0.0006531860774765648,0.0003487644426142537,0.0,0.0009140251143048756,4,3
96,46,0.0006257324094057328,0.000360752951534547,0.0,0.0009140251143048756,4,3
97,46,0.0006841258730869798,0.0003272417960299409,0.0,0.0009140251143048756,4,3
98,45,0.0006631849537477029,0.00034360188460204924,2.3824563859983475e-06,0.0009140251143048756,4,3
99,42,0.0006840301821245204,0.0003395234584553242,0.0,0.0009140251143048756,4,3
100,47,0.0006747062984069144,0.0003451063916471341,0.0,0.0009140251143048756,4,3
