gen,nevals,avg,stddev,min,max,run,wlasne_prawd
0,50,0.0,0.0,0.0,0.0,8,3
1,45,3.16537013216127e-13,5.340152826410137e-13,0.0,1.2174500508312578e-12,8,3
2,42,1.0484696870708095e-10,2.5777113497267814e-10,0.0,7.437258263850433e-10,8,3
3,45,8.446803128504281e-10,2.118281287073887e-09,0.0,1.3748352374274058e-08,8,3
4,44,2.382453501042374e-09,4.272613684802369e-09,0.0,1.6774023753514252e-08,8,3
5,46,4.457187285794319e-08,1.7145329541401978e-07,0.0,1.0625192633905625e-06,8,3
6,47,2.629422777826757e-07,6.920323679001258e-07,0.0,3.7810201434468156e-06,8,3
7,48,8.282306025960063e-07,9.946690238385736e-07,0.0,3.7810201434468156e-06,8,3
8,41,2.3147977633504915e-06,3.3102691719555764e-06,0.0,1.7481159233514904e-05,8,3
9,48,9.410279510257875e-06,3.636060732100698e-05,0.0,0.0002614926996393539,8,3
10,43,9.26522446106564e-06,1.6805421626639373e-05,0.0,0.00010939094774166798,8,3
11,46,3.515706227016953e-05,5.866307310473682e-05,0.0,0.000351332389384155,8,3
12,46,6.045309093016529e-05,7.075342683401998e-05,6.227391275700038e-18,0.000351332389384155,8,3
13,45,0.00010188228906004585,9.843892534875519e-05,0.0,0.000351332389384155,8,3
14,44,0.0001746131480074863,0.00012481682576800967,0.0,0.0004461721393342498,8,3
15,47,0.000217863052566321,0.00014664216073051836,0.0,0.0005083529243721747,8,3
16,39,0.0002878227401577315,0.00014333134437647375,0.0,0.0005083529243721747,8,3
17,40,0.00028216954601418046,0.00014692955701753506,0.0,0.0005083529243721747,8,3
18,44,0.0002418339798745468,0.00017594342831063795,0.0,0.0005083529243721747,8,3
19,48,0.00025439369244927116,0.0001729266864044242,0.0,0.0005083529243721747,8,3
20,45,0.0003037367075854182,0.0001701491025008068,2.0618701380370834e-08,0.0005083529243721747,8,3
21,47,0.0002571402767106061,0.00018731859616127747,0.0,0.0005083529243721747,8,3
22,48,0.00023717320285605848,0.00017919074155810496,0.0,0.0005083529243721747,8,3
23,47,0.00023817384635612057,0.00016992682318639154,0.0,0.0005083529243721747,8,3
24,45,0.00024156378056465092,0.00017668514975221263,0.0,0.0005083529243721747,8,3
25,47,0.0003048411754105541,0.0001746564556830059,0.0,0.0005083550994466496,8,3
26,43,0.00030710491096305097,0.00018945186983213206,0.0,0.0005083550994466496,8,3
27,47,0.00032394176276732874,0.000179004872263589,0.0,0.0005083550994466496,8,3
28,44,0.0003177530215477552,0.00019764909737487313,0.0,0.0005083529243721747,8,3
29,44,0.0003153397617945501,0.00018495760508688617,0.0,0.0005100995282250761,8,3
30,47,0.0003242303331535529,0.00016782461525918373,2.640753552029762e-10,0.0005083529243721747,8,3
31,42,0.00030590847930775025,0.0001808935460006177,0.0,0.0005083529243721747,8,3
32,48,0.000254053567145615,0.00017184630013150103,0.0,0.0005100995282250761,8,3
33,46,0.00030829802293564024,0.00017527393841613222,0.0,0.0005100995282250761,8,3
34,49,0.0002837060761611127,0.00020016822699761276,0.0,0.0005100995282250761,8,3
35,46,0.00033429453219455173,0.00016992059226917625,0.0,0.0005083529243721747,8,3
36,44,0.0003074480605401909,0.00018464425972869615,0.0,0.0005083529243721747,8,3
37,45,0.00026978622830923127,0.00019001639634610797,0.0,0.0005083529243721747,8,3
38,47,0.00030444681536414344,0.0001704833679710988,0.0,0.0005110324899478114,8,3
39,36,0.0003160261473595371,0.00019373754865760357,0.0,0.0005083544130199744,8,3
40,48,0.0003294752309629548,0.0001558695452195571,0.0,0.0005083544130199744,8,3
41,47,0.000318123709215346,0.00018984186672986832,0.0,0.0005083529243721747,8,3
42,48,0.00031889715771314295,0.00020550532612413356,0.0,0.0005083529243721747,8,3
43,46,0.00032153798945613627,0.00019584663172319555,0.0,0.0005126428848671889,8,3
44,38,0.00030968539374003957,0.0002053638641425622,0.0,0.0005126428848671889,8,3
45,47,0.0002484215210120393,0.00019515440802799367,0.0,0.0005109674382877318,8,3
46,44,0.0002968102810999622,0.0001764775377598023,2.640753552029762e-10,0.0005153697704620913,8,3
47,43,0.0002982645189497827,0.00017242184368412923,2.640753552029762e-10,0.0005153697704620913,8,3
48,43,0.0003418964359591393,0.0001748996681848129,0.0,0.0005153697704620913,8,3
49,45,0.00032208085479518335,0.0002008180990819678,0.0,0.0005153697704620913,8,3
50,45,0.0003553272648402609,0.0001996523547652478,0.0,0.0005340253810271306,8,3
51,43,0.00039067415334343255,0.00016667353942469168,0.0,0.0005340253810271306,8,3
52,48,0.00034018069075670524,0.00018894095543080865,0.0,0.0006217084925783793,8,3
53,42,0.0003765771284006448,0.00018118871650590622,0.0,0.0006217084925783793,8,3
54,40,0.0003592755540835369,0.00019916635217249293,2.6407535520034663e-10,0.0005938614905762434,8,3
55,45,0.0004346129057009001,0.00018172621365787086,0.0,0.0006051096711686714,8,3
56,42,0.0004640047449016961,0.00019081675591307607,8.558144702442194e-06,0.0006688013221797266,8,3
57,43,0.00039937809019614334,0.00024141799014213846,9.852774752280895e-11,0.0006688013221797266,8,3
58,43,0.0004269909168765043,0.00023479365804336593,0.0,0.0006688013221797266,8,3
59,46,0.0004844262476703038,0.00021360726884243726,2.05224891530761e-08,0.0006793944648377289,8,3
60,46,0.0004246148953125363,0.00023509530068075568,1.8463737011730028e-08,0.0006793944648377289,8,3
61,45,0.0004855266553797448,0.0002320889121878215,4.22372004917296e-08,0.0007262387649247167,8,3
62,47,0.0005059088121527938,0.00019556376573907542,7.84049063756542e-05,0.0007262387649247167,8,3
63,47,0.00042956870732372093,0.0002548500825796605,2.897525978261332e-11,0.0007262387649247167,8,3
64,46,0.0004929568276382116,0.00023492191484959308,2.244750531346945e-05,0.0007262387649247167,8,3
65,43,0.0005148141162875779,0.0002456655393675134,4.312971145635669e-06,0.0007262387649247167,8,3
66,41,0.00045705447336117673,0.00029188307328134415,7.381046567412335e-07,0.0009392754506209434,8,3
67,45,0.00044617930888878965,0.00031719461324251815,2.897525978261332e-11,0.0009392754506209434,8,3
68,48,0.00048055547481010754,0.00032007057134742054,3.294104093597602e-10,0.0009392754506209434,8,3
69,46,0.00043510851315410696,0.0003196749297588868,1.4603083684148541e-08,0.0009392754506209434,8,3
70,44,0.0005302225320132817,0.00034598384234266677,1.9082540189886245e-05,0.0009392754506209434,8,3
71,45,0.0005969410327200618,0.00034495199100906943,1.878219269472697e-06,0.0009949522991758693,8,3
72,45,0.0005807154913278184,0.0003532334232151763,1.878219269472697e-06,0.0010119413904903902,8,3
73,43,0.0005589146516627093,0.0003870988373373821,1.7975398442232549e-09,0.0010119413904903902,8,3
74,44,0.0006088632422545575,0.000336159605720873,8.897055446380592e-06,0.0010119413904903902,8,3
75,45,0.0005558743468889997,0.00039385063106181994,0.0,0.0010327680680131484,8,3
76,43,0.0005541755156280811,0.00041363703260296016,0.0,0.0010327680680131484,8,3
77,41,0.0007223976587639,0.0003487457839761969,1.176227082223607e-09,0.0010327680680131484,8,3
78,45,0.000508801377202438,0.0004153374260045472,0.0,0.0010327680680131484,8,3
79,46,0.0005419536560431865,0.00041080934895981747,0.0,0.0010607204983818785,8,3
80,46,0.000503246674956544,0.0004241215363042174,0.0,0.0010607204983818785,8,3
81,45,0.0005714320251212563,0.00042747636517683163,0.0,0.0010607204983818785,8,3
82,44,0.0006821431430958886,0.0004333121712924134,4.978516845672402e-07,0.0011092552459920388,8,3
83,48,0.0006378134325144627,0.00044653938886384935,0.0,0.0010789604349959979,8,3
84,47,0.0006448513167648096,0.0004554059315267592,2.0147988006412406e-08,0.0010789604349959979,8,3
85,49,0.0007156776067837973,0.0004234924084671642,0.0,0.001331259034312465,8,3
86,47,0.0007851180087729928,0.0004386406997939126,2.339111804845141e-06,0.001331259034312465,8,3
87,46,0.0008209966851672853,0.0004699860856177217,3.638608588005703e-06,0.001331259034312465,8,3
88,44,0.0008918036680278244,0.0005075363206145403,1.0434464673524764e-06,0.0014186910893510048,8,3
89,46,0.0009757210373158823,0.00048607859740109184,5.602484616612532e-05,0.0014956088304042816,8,3
90,44,0.0008629843594210631,0.0005956667376344094,5.292252503358208e-07,0.0019235890686895693,8,3
91,46,0.0008417502697348715,0.000616355137883931,8.396441084865955e-07,0.0019235890686895693,8,3
92,42,0.000973333810513303,0.000623221661368385,3.2130349208610666e-06,0.0019235890686895693,8,3
93,49,0.0008944645699809406,0.0006787801140889347,1.6697194859133939e-06,0.0019235890686895693,8,3
94,44,0.0012441928376649793,0.0006809130738833681,9.22227916639685e-06,0.0019235890686895693,8,3
95,48,0.0008837078922303185,0.00081967213266933,1.6799179916079004e-06,0.0019235890686895693,8,3
96,49,0.0010601112201629069,0.0007984179374783556,2.0147988006412406e-08,0.0019235890686895693,8,3
97,41,0.0012125903905914317,0.0007809888790081291,2.0147988006412406e-08,0.0019235890686895693,8,3
98,47,0.0010099076879948304,0.0008103614482679186,6.926575573558695e-06,0.0019235890686895693,8,3
99,48,0.0010952159265239922,0.000810474370244683,2.0147988006412406e-08,0.0019235890686895693,8,3
100,45,0.0010510680466063898,0.0008035685878518145,5.78103070538427e-07,0.0019235890686895693,8,3
