gen,nevals,avg,stddev,min,max,run,representation
0,50,-0.009999999999999724,0.0,-0.009999999999999724,-0.009999999999999724,3,4
1,46,-0.010466666666443008,0.0011566234376395197,-0.013333333331737479,-0.009999999999999724,3,4
2,45,-0.0102666666663302,0.0009043106632766289,-0.013333333331737479,-0.009999999999999724,3,4
3,47,-0.010133333333269235,0.0006531972644295126,-0.013333333331737479,-0.009999999999999724,3,4
4,47,-0.01013333393406835,0.0006532002077389624,-0.01333336337169326,-0.009999999999999724,3,4
5,47,-0.01042690125196609,0.001089620569737175,-0.013333339168098013,-0.009999999999999724,3,4
6,45,-0.010133333333269235,0.0006531972644295126,-0.013333333331737479,-0.009999999999999724,3,4
7,46,-0.010466669741283113,0.0011566310586764294,-0.013333457033786956,-0.009999999999999724,3,4
8,48,-0.010133333644310209,0.0006531987882280485,-0.01333336337169326,-0.009999999999999724,3,4
9,47,-0.010399999380727849,0.0010832034436233132,-0.013333333624918106,-0.009999999999999724,3,4
10,47,-0.010066666665545548,0.00046666665882075524,-0.013333333277290834,-0.009999999999999724,3,4
11,47,-0.01026666666741803,0.0009043106669656411,-0.01333333342621272,-0.009999999999999724,3,4
12,43,-0.010423399679736997,0.001086942131008127,-0.01333336337169326,-0.009999999999999724,3,4
13,46,-0.009572670034154752,0.005654822938088385,-0.013333561099180673,0.029377872405868508,3,4
14,48,-0.007294323022900288,0.009801213519394976,-0.013333333277290834,0.029377872405868508,3,4
15,47,0.013310648344012745,0.06946006012938133,-0.01500016105024874,0.3391705463818509,3,4
16,45,0.05196892930806896,0.10555942373574381,-0.016666666639221485,0.3439999224628823,3,4
17,47,0.10757651305487395,0.1272930145949337,-0.015999999725254493,0.3799706482536195,3,4
18,45,0.24348293598434034,0.12073195937520996,-0.015000135936921169,0.48378215498395655,3,4
19,45,0.2632549375965242,0.13937612471528796,-0.015000158968721738,0.48378215498395655,3,4
20,48,0.2845137138886017,0.15870311363897557,-0.016000000008960125,0.6089821841150035,3,4
21,39,0.3629284704837073,0.15316936335061646,-0.014999999207365682,0.6116231204528729,3,4
22,45,0.36853362828878206,0.17014760300779702,-0.01599999999156881,0.6092045602981391,3,4
23,47,0.40846322387012224,0.16989909639518722,-0.015000113045139719,0.6885602677813943,3,4
24,45,0.43402369347935293,0.1723807336157344,-0.01500011306070486,0.6799407218876647,3,4
25,43,0.44497758067430354,0.20438358390551847,-0.015000104319474369,0.6797275480299685,3,4
26,46,0.41845541862086194,0.23947558984500678,-0.01666666667350757,0.7237815134593972,3,4
27,43,0.5030010976191994,0.20565592523047208,-0.015000000042894623,0.7468418774885864,3,4
28,46,0.5159802091422375,0.21002234926946436,-0.009999999999999724,0.7788959125651495,3,4
29,46,0.5971200239135988,0.22229480550142441,-0.013333333624918106,0.879737569947468,3,4
30,49,0.6331761204631816,0.20144860401454331,-0.013333333327402892,0.956432288495234,3,4
31,47,0.5784997182458815,0.3076989349271812,-0.018181818197306892,1.0883691768428918,3,4
32,46,0.7317326870619891,0.24188291635303194,-0.015000012952456211,1.0809744599384523,3,4
33,48,0.7007649533161934,0.23587198065073986,0.16423884112714426,1.0819112969956748,3,4
34,47,0.7493884748110397,0.29929146261197337,-0.0033692233850814274,1.1250102511728557,3,4
35,43,0.7618921317678133,0.33271919701015834,-0.013333363371693259,1.1250102511728557,3,4
36,46,0.8818839764329721,0.23890442811387871,-0.01333330717483376,1.1421334510779975,3,4
37,46,0.8165146178577612,0.30639625514101065,0.02201006674694323,1.1263221270981192,3,4
38,45,0.7898368890166519,0.33924857746186454,-0.014999997853910287,1.1263221270981192,3,4
39,47,0.9403863613270294,0.2611666362856127,-0.002340152813886621,1.1548615159028284,3,4
40,46,0.8986442950208379,0.31514745891893575,-0.0024349001448922417,1.1739606405185896,3,4
41,49,0.9181912789195927,0.25939428591501174,0.10392609433653138,1.1731089764510803,3,4
42,47,0.886106717904521,0.3572973710023592,-0.014999941100459293,1.1873761667224743,3,4
43,49,0.9748006730374392,0.25547797029195385,0.059959912880504465,1.188592670281044,3,4
44,45,0.8690391573243774,0.32977373655749725,-0.015000013998930797,1.188592670281044,3,4
45,49,0.771309558169562,0.3932876328275493,-0.016666667395445055,1.215595702480145,3,4
46,46,0.8544465946655948,0.38106136463403584,-0.015000017034594413,1.2064836291739347,3,4
47,46,0.8168520696746857,0.42270857608929335,-0.014999728168151349,1.2385335218455855,3,4
48,46,0.9249744731957291,0.36432308614065595,-0.013333321383902967,1.2111051553826961,3,4
49,46,0.92798306405444,0.3347096925683277,0.01789048122987159,1.2111051553826964,3,4
50,47,0.9534195788234014,0.3129716822940692,0.18434791299276065,1.23835672192176,3,4
51,47,0.8961677286765152,0.33142743437357336,-0.009999999999999724,1.23835672192176,3,4
52,42,0.9543711234627617,0.31650424477813943,0.33404886100222225,1.23835672192176,3,4
53,49,0.8687499733641831,0.3997776529617065,-0.01333336337169326,1.2387554343326472,3,4
54,47,0.9934932602491352,0.3696887214671303,0.04610272622610923,1.2425542448987468,3,4
55,47,0.9937095534571799,0.3303471095388068,0.18716687599882767,1.2459092790391495,3,4
56,43,1.0195450575962708,0.3173833353871083,-0.009999999999999724,1.255666645747546,3,4
57,47,1.000603645372158,0.3503104096583764,-0.015999997233717023,1.255666645747546,3,4
58,44,0.9844165029638229,0.3597898990914971,0.023238666869823274,1.338087614898191,3,4
59,46,0.9977084789877485,0.32346028781397856,-0.015000017693070902,1.3537914299210694,3,4
60,47,0.8333190755361802,0.44640165201477816,-0.016000019143268103,1.3537914299210694,3,4
61,45,1.0186632930752626,0.40301353113648525,0.0006190200611734327,1.3610393189570822,3,4
62,45,1.1185341083117044,0.32658189520017394,-0.014999999964553609,1.3804337937703983,3,4
63,44,1.0375374893230285,0.39202472950947503,0.004289230993142482,1.3804337937703983,3,4
64,41,1.1238660067391257,0.31156404811731336,0.21662904516195844,1.4150826338585245,3,4
65,43,1.1467038517962316,0.316703488787118,0.29596296166103025,1.4125657914197987,3,4
66,46,1.1156855571261997,0.4077785728269652,-0.009999999999999724,1.435524516154877,3,4
67,44,1.208878091098201,0.3133642005707238,0.085331327803896,1.4458333540608717,3,4
68,43,1.2401327676340053,0.30674560203014667,-0.015000000615544405,1.4458333540608717,3,4
69,46,1.2174516371333093,0.3564032511581657,0.030862874175442277,1.4553830232682996,3,4
70,45,1.2238556804329037,0.3186873885568417,0.045081988368264186,1.456617449239404,3,4
71,45,1.154298945163154,0.3637343231182234,0.04932719282405492,1.4590468880584355,3,4
72,47,1.1188198277615653,0.40494727776194184,-0.015000000391566473,1.4590468880584355,3,4
73,46,1.1618665123786078,0.3793278721383667,-0.015000001564133555,1.4590468880584355,3,4
74,46,1.1892382636600913,0.3712127708597705,-0.014999997704801309,1.460110165841258,3,4
75,45,1.09990110921952,0.453678513128061,-0.009999999999999724,1.460110165841258,3,4
76,47,0.9942770292344695,0.5353876697122556,-0.013333333333750884,1.4657626438088207,3,4
77,45,1.1619772603582255,0.4006874605344147,0.06632429943632141,1.466492413908782,3,4
78,50,1.055555095939438,0.45175456994209523,-0.013333316809472995,1.4662449293334905,3,4
79,46,1.081227242486228,0.4438138753566001,0.09011586978735688,1.4716495067740054,3,4
80,47,1.0152262258704374,0.4538300741765317,0.005817474106922408,1.4716495067740054,3,4
81,42,1.0786251457648255,0.4475318434366413,-0.013333337450089806,1.4731962111347068,3,4
82,49,1.2009808142088083,0.34365604124448906,0.3443821072107191,1.4726064391778968,3,4
83,44,1.130739316081934,0.4603314092318656,-0.01333334801641193,1.4724241580481359,3,4
84,46,1.192274635472033,0.3817436034405791,0.023162239178865278,1.4749442252443181,3,4
85,47,1.0674736070156507,0.41592528073443075,0.02508447959677953,1.476355414233683,3,4
86,46,1.1854238207750447,0.40753224419350703,-0.016666694578246048,1.476734196985794,3,4
87,46,1.1635200805115646,0.43685627846261116,0.02595558916781607,1.476734196985794,3,4
88,46,1.1648904067652701,0.42222806332008755,0.037558604550696,1.4786909923764124,3,4
89,47,1.1691808672639366,0.4340999743670525,-0.013333338186428597,1.481559306519568,3,4
90,44,1.2358947380432823,0.384411084547391,0.04509578149045903,1.481559306519568,3,4
91,47,1.1385615173114498,0.4919972854935059,-0.013333337611155746,1.4882256219750851,3,4
92,45,1.2060618684913487,0.47927812841010875,0.0003522188228124044,1.4882256219750851,3,4
93,44,1.2317999470301662,0.46301787358990815,-0.013333337967247973,1.4882256219750851,3,4
94,44,1.2707591732971473,0.35429629581647926,-0.018333333104876167,1.4883754653653851,3,4
95,43,1.174587981901204,0.507591955049799,-0.014999983021478668,1.4890605013382554,3,4
96,43,1.1711039079483216,0.4821180358639404,-0.015000006284002446,1.489088356468289,3,4
97,42,1.2765530877667288,0.43605708272023097,-0.013333338156868407,1.489088356468289,3,4
98,48,1.2400976001009014,0.42038232371562023,0.00142330114036117,1.4891162155971718,3,4
99,44,1.2068814356265585,0.46750895374304485,-0.013333338156779076,1.4896974931077753,3,4
100,45,1.2222680499034686,0.43828416622889893,0.00034434417261042705,1.4896974931077753,3,4
