gen,nevals,avg,stddev,min,max,run,representation
0,50,-0.009999999999999724,0.0,-0.009999999999999724,-0.009999999999999724,1,4
1,47,-0.01046666666644301,0.0011566234376395197,-0.013333333331737479,-0.009999999999999724,1,4
2,43,-0.01046666786804124,0.001156626415786403,-0.01333336337169326,-0.009999999999999724,1,4
3,47,-0.0105333306178351,0.001222013963506134,-0.01333336337169326,-0.009999999999999724,1,4
4,47,-0.010333333333252214,0.0009999999997574722,-0.013333333335673245,-0.009999999999999724,1,4
5,46,-0.010266666928146486,0.0009043115511515369,-0.01333336337169326,-0.009999999999999724,1,4
6,44,-0.010400000600627853,0.0010832067471337355,-0.01333336337169326,-0.009999999999999724,1,4
7,45,-0.010333333337948178,0.0010000000138453658,-0.013333333624918106,-0.009999999999999724,1,4
8,46,-0.01040000273027674,0.001083212514461071,-0.013333494819687736,-0.009999999999999724,1,4
9,48,-0.010200000005296193,0.0007916228267665568,-0.013333333624918106,-0.009999999999999724,1,4
10,48,-0.009999999999999724,0.0,-0.009999999999999724,-0.009999999999999724,1,4
11,44,-0.010333329971343,0.0009999899143681747,-0.013333361823999575,-0.009999999999999724,1,4
12,49,-0.01043058497102102,0.0010930254871134467,-0.013333361823999575,-0.009999999999999724,1,4
13,47,-0.010400000225675648,0.0010832057317801804,-0.013333380376864875,-0.009999999999999724,1,4
14,48,-0.010133333333269235,0.0006531972644295126,-0.013333333331737479,-0.009999999999999724,1,4
15,45,-0.010066666666634479,0.00046666666644328567,-0.013333333331737479,-0.009999999999999724,1,4
16,50,-0.01013333393406835,0.0006532002077389624,-0.01333336337169326,-0.009999999999999724,1,4
17,44,-0.010200000001793491,0.0007916228129024744,-0.01333333342621272,-0.009999999999999724,1,4
18,46,-0.01013333393387567,0.0006532002067950279,-0.01333336337169326,-0.009999999999999724,1,4
19,44,-0.01013333393406835,0.0006532002077389623,-0.013333363371693259,-0.009999999999999724,1,4
20,42,-0.009999999999999724,0.0,-0.009999999999999724,-0.009999999999999724,1,4
21,44,-0.010333335114347496,0.0010000053430540858,-0.013333365890774912,-0.009999999999999724,1,4
22,47,-0.010333333924316708,0.001000001772958235,-0.01333336337169326,-0.009999999999999724,1,4
23,47,-0.010200000656507658,0.0007916254043619546,-0.013333380496855651,-0.009999999999999724,1,4
24,46,-0.010066666666634479,0.0004666666664432856,-0.013333333331737479,-0.009999999999999724,1,4
25,46,-0.010133333333269235,0.0006531972644295126,-0.013333333331737479,-0.009999999999999724,1,4
26,42,-0.010133333333269235,0.0006531972644295126,-0.013333333331737479,-0.009999999999999724,1,4
27,43,-0.0023082058584105846,0.05647268848840077,-0.015000000042894623,0.3929230295466868,1,4
28,45,0.004317784285852352,0.06427572765786321,-0.015000000042894623,0.3929230295466868,1,4
29,45,0.022331426661948237,0.08893065614881467,-0.013333333331737479,0.3929230295466868,1,4
30,44,0.12612444702298092,0.1312350991581438,-0.015999999984102425,0.3929230295466868,1,4
31,46,0.22855919117499934,0.12066695098996284,-0.015999999984102425,0.39568895430969353,1,4
32,47,0.2760546076017333,0.17517637692126375,-0.013333330795385703,0.8698659883096772,1,4
33,46,0.2961851393452611,0.20852543590000283,-0.015999999984102425,0.8698659883096772,1,4
34,46,0.43977466162775314,0.21260525713670667,-0.009999999999999724,1.2825901671658078,1,4
35,48,0.4997377452592676,0.2564066428157758,-0.01666666723662593,1.0931991719903957,1,4
36,45,0.6189068452331971,0.28341136941416695,-0.016666666568058357,1.1190066222436685,1,4
37,45,0.7222971062506645,0.33021627224852956,-0.01714286071139376,1.1425436840684162,1,4
38,47,0.6536723241518686,0.42467939538364596,-0.015000001022973634,1.1923890827095605,1,4
39,48,0.6812368566216469,0.4418972383967454,-0.014999998970378485,1.2911310859087843,1,4
40,46,0.7893962241979007,0.36550354364002974,-0.015000136506694144,1.2952572543150602,1,4
41,45,0.7945148590594487,0.39877941482470985,-0.013333335469290736,1.2952572543150602,1,4
42,48,0.7575185638997799,0.43926846552659937,-0.015000032570588859,1.2991946616700252,1,4
43,45,0.8248607130777882,0.4645303772095997,-0.013333333014780527,1.338041356930544,1,4
44,48,0.7256875708507354,0.4764354888005698,-0.013333322225751829,1.338041356930544,1,4
45,46,0.7785211159893356,0.47163595833171856,-0.013333333788851326,1.3380324061568991,1,4
46,45,0.8800177832884902,0.4490036823822484,-0.013333323602302907,1.3298483390396578,1,4
47,48,0.8443467719497965,0.47080069714738937,-0.016666666569363234,1.3369775662815597,1,4
48,47,0.8387128567265854,0.4389618969498849,0.047254068583386585,1.3803949057074274,1,4
49,45,0.8409618941929804,0.4394067104100064,0.09989785703603075,1.3803949057074274,1,4
50,47,0.8530149477512421,0.4767377632725633,-0.01333334574701039,1.380395023278699,1,4
51,49,0.8480152055982779,0.5285235372387795,-0.015000031822104819,1.3919969233622653,1,4
52,47,0.9068840983920435,0.5015936182383421,-0.013333333160310101,1.3871500497014124,1,4
53,48,0.8440582880654187,0.47554868216456603,-0.013333145617139766,1.392449271686106,1,4
54,47,0.9180307137131534,0.49721859715459515,-0.013333344279113726,1.3924092508729573,1,4
55,45,0.8621653446411744,0.4749787150652865,-0.009999999999999724,1.3931622016334062,1,4
56,45,0.8512934046687203,0.47787488414548773,0.10435008651057376,1.4120500822775126,1,4
57,47,0.8445696677682851,0.4718182208325307,-0.013333162773983272,1.3934550378479396,1,4
58,45,0.7808200042192466,0.5020760057779509,-0.013333368655011535,1.4136348606607094,1,4
59,46,0.8905385383272116,0.5427835288311378,-0.01666663033179687,1.4136348606607094,1,4
60,48,1.085652202887529,0.46118369870968895,-0.013333140119055897,1.4309214659677303,1,4
61,44,0.9111049438478438,0.5158050008508017,-0.015000022847849778,1.4346960862589897,1,4
62,49,0.8392093649151036,0.5330919529621436,-0.013333488664867207,1.4651513213699778,1,4
63,47,0.8888588825587235,0.5120635945447283,-0.013333452151858686,1.4651513213699778,1,4
64,49,0.8961349278185576,0.5397963140572881,-0.013333332999398371,1.4651513213699778,1,4
65,45,0.8680874465990118,0.5259751975403132,-0.013333333213896572,1.4651513213699778,1,4
66,45,1.0417515566817561,0.46731062533215145,0.2186757462222009,1.4651728986177173,1,4
67,42,1.0476367845836976,0.5114296814721394,-0.01500003532103477,1.4651728986177173,1,4
68,48,0.9200664755681727,0.5512709250901383,-0.009999999999999724,1.4736414107064266,1,4
69,44,1.096168772142917,0.4743102375532791,0.10017675759542771,1.4736414107064266,1,4
70,46,0.9552913771308499,0.5327307193071755,-0.015000128261621452,1.4736414107064266,1,4
71,48,0.924579216904227,0.5067112081616403,-0.013333335472957364,1.477466611327194,1,4
72,49,0.8871588855353,0.5250072369400356,-0.015000299131234516,1.477466611327194,1,4
73,47,1.0042795570857113,0.5607954278889936,-0.01599999232533067,1.477466611327194,1,4
74,45,0.9579955868443978,0.5249157049241268,-0.013333332233142403,1.477466611327194,1,4
75,47,0.8887284502443064,0.5405244347983391,-0.015000020695832672,1.4797094565031303,1,4
76,48,0.8600795665950736,0.5082160192908156,-0.014999996157405247,1.4797094565031303,1,4
77,46,1.008294476548731,0.5436054189290721,-0.017142865877194758,1.4801179988640027,1,4
78,41,1.0458145075786225,0.48526495220028687,0.14318570238995493,1.4813984187196212,1,4
79,44,0.812561164876087,0.5352678049203274,-0.01499999615082515,1.4815203711150313,1,4
80,47,0.9445862025225962,0.5184959484043824,-0.017142871065105366,1.481446993340026,1,4
81,44,1.0515035704614488,0.47237409583018775,0.23613480962254038,1.4822394711199758,1,4
82,46,0.9175619258456994,0.5204678555919553,-0.015000122377673796,1.4822394711199758,1,4
83,45,0.966551134415283,0.5006464684048362,-0.01500000824717795,1.48224477430442,1,4
84,46,0.961522492659047,0.5781114415875217,-0.014999995607196283,1.4824017777307401,1,4
85,45,0.9849955011123812,0.5321280170369899,-0.01500002089339437,1.4838734420158293,1,4
86,50,1.1252536903499126,0.45096405542189016,0.2831062651982528,1.4848847075829692,1,4
87,49,0.8666133809668368,0.5150917655216345,-0.016000037078961832,1.4838936284411046,1,4
88,46,0.9541487085612202,0.5249563381045581,-0.015000003702495426,1.4838936284411046,1,4
89,45,0.9061541846927298,0.5254289266308215,-0.01714287075712832,1.4838936284411046,1,4
90,43,1.1258746165727183,0.5215569294174923,-0.017142775343876576,1.4995631144565753,1,4
91,48,1.0860313996514743,0.49557912945079335,-0.01499997346449023,1.5030980771682514,1,4
92,45,0.870551485884453,0.5415997652908269,-0.015000022400481918,1.4995631144565753,1,4
93,47,1.087451390991182,0.4704029213793372,-0.01666661223273124,1.5047792310427206,1,4
94,44,1.0797380615382521,0.5425408079814329,-0.01333334955309607,1.50572784012702,1,4
95,45,0.9407558583372604,0.5549336059015224,-0.015000017275948286,1.50572784012702,1,4
96,48,0.9124779777289155,0.5183899792672899,-0.015000001107555349,1.505743989179134,1,4
97,49,0.9415485008366912,0.5601698428883242,-0.015000021169666007,1.5120874056660485,1,4
98,49,0.9906049420921306,0.5631269292531256,-0.01499993635761035,1.5121877517895927,1,4
99,44,1.2103390409214303,0.48597656375965304,-0.009999999999999724,1.5121877517895927,1,4
100,43,1.0990103669524571,0.5386075116287853,-0.014999951475987436,1.5126766323708765,1,4
