gen,nevals,avg,stddev,min,max,run,representation
0,50,-0.009999999999999724,0.0,-0.009999999999999724,-0.009999999999999724,8,4
1,47,-0.010333333333173498,0.0009999999995213263,-0.013333333331737479,-0.009999999999999724,8,4
2,48,-0.010466666665166015,0.001156623434474522,-0.013333333332761673,-0.009999999999999724,8,4
3,45,-0.010533333332889704,0.0012220201843057108,-0.013333333332761673,-0.009999999999999724,8,4
4,46,-0.010266666644566842,0.0009043105894734994,-0.013333333331737479,-0.009999999999999724,8,4
5,42,-0.010200000591047198,0.0007916251452435546,-0.01333336337169326,-0.009999999999999724,8,4
6,46,-0.010333333332251164,0.000999999996754325,-0.013333333332761673,-0.009999999999999724,8,4
7,45,-0.010199993191436295,0.0007915958577080806,-0.013333333331737479,-0.009999999999999724,8,4
8,42,-0.010266667267358342,0.0009043127014697087,-0.01333336337169326,-0.009999999999999724,8,4
9,44,-0.010200000600494561,0.0007916251826371722,-0.01333336337169326,-0.009999999999999724,8,4
10,45,-0.010333327264945995,0.0009999817955753149,-0.013333333335673245,-0.009999999999999724,8,4
11,47,-0.010266658731012436,0.0009042837537879792,-0.013333339168098013,-0.009999999999999724,8,4
12,47,-0.010199999999695446,0.0007916228045981617,-0.013333333331737479,-0.009999999999999724,8,4
13,49,-0.01033333333270209,0.0009999999981070997,-0.013333333331737479,-0.009999999999999724,8,4
14,44,-0.010400000600356882,0.001083206746399946,-0.01333336337169326,-0.009999999999999724,8,4
15,43,-0.010066666666634479,0.00046666666644328567,-0.013333333331737479,-0.009999999999999724,8,4
16,48,-0.010399995391354,0.0010831926407909006,-0.01333336337169326,-0.009999999999999724,8,4
17,44,-0.010366666661519745,0.0011200198287384705,-0.015000000042894623,-0.009999999999999724,8,4
18,43,-0.010498041173141966,0.0011648036264925534,-0.013333637534874604,-0.009999999999999724,8,4
19,42,-0.010266664041146767,0.0009043017609896264,-0.01333333341512548,-0.009999999999999724,8,4
20,46,-0.0103333393495617,0.0010000180492752853,-0.013333609206676846,-0.009999999999999724,8,4
21,42,-0.010366672225330087,0.0011200428349680178,-0.015000277872011558,-0.009999999999999724,8,4
22,45,-0.01026665388381167,0.0009042673167280221,-0.01333332597627032,-0.009999999999999724,8,4
23,45,-0.010266666340991151,0.0009043095600004214,-0.013333333331737479,-0.009999999999999724,8,4
24,48,-0.010127123338011303,0.0006558912750167819,-0.013333333335673245,-0.009689630176089656,8,4
25,47,-0.010322507107261021,0.0010050644593533385,-0.013333645558849272,-0.009689630176089656,8,4
26,47,-0.010216586648926749,0.0009269981559574287,-0.013333454398748518,-0.009431827572552329,8,4
27,48,-0.010679498552570586,0.0035393209540115858,-0.0149999999903723,0.011294309603126478,8,4
28,49,-0.007835831061897025,0.00964876046281358,-0.015000142433605142,0.03091373630917499,8,4
29,41,0.007529266382898782,0.04416054426184601,-0.015000309593622344,0.21391563683914233,8,4
30,49,0.04308582186093049,0.06851833520545189,-0.01600005300384312,0.21391563683914233,8,4
31,46,0.08426705222855521,0.09190817389402382,-0.016000008629160657,0.27316299532826216,8,4
32,48,0.11184904781860325,0.08973055602088402,-0.015999983825696718,0.24268258010878627,8,4
33,47,0.13029808242802118,0.0947283992304083,-0.01599999892797774,0.27316299532826216,8,4
34,48,0.1461606570810612,0.09536177400709438,-0.015999682029542616,0.2754809141901017,8,4
35,45,0.14991116812202715,0.1040374535277631,-0.01600008749424673,0.31458161637038595,8,4
36,48,0.14200116877560195,0.11400905153903142,-0.016000004534410774,0.320125577257714,8,4
37,44,0.16825976283198102,0.12696624140446533,-0.01599999941247319,0.3316562001492266,8,4
38,49,0.1866556119279325,0.133319223018106,-0.015000042752825515,0.5071961774074919,8,4
39,44,0.26081308772362877,0.12448982577557273,-0.014999999914650834,0.5982896415571987,8,4
40,48,0.3309957779999624,0.12268551747790252,-0.015000000249104806,0.5983160763152183,8,4
41,43,0.4028009082010542,0.15298530891280218,-0.015999920646239126,0.6325429448794025,8,4
42,48,0.47574328790704334,0.11824202495730166,0.09782478076577368,0.8059487248667352,8,4
43,47,0.513174422203312,0.11644676825935743,0.28773909240420437,0.8059487248667352,8,4
44,48,0.5127906793046297,0.15259465205300682,0.1427940809320823,0.8250855196341182,8,4
45,45,0.505681467384926,0.1792284800532268,0.1745035357426359,0.8290236657985588,8,4
46,46,0.5455646501194711,0.20907965834275216,0.045786014429358556,0.8290236657985588,8,4
47,40,0.6013889865203196,0.20271306112109172,0.15024896783527705,0.872566424482617,8,4
48,46,0.650718031963646,0.21192146896309424,0.07309201019337304,0.8767997587153635,8,4
49,46,0.5959328937289711,0.24888361482639723,-0.013333309422713506,0.8771164577412693,8,4
50,48,0.5497398770526124,0.21867033485613704,-0.013333352186711857,0.9064514100307006,8,4
51,43,0.6784217053790974,0.23178365923806804,-0.009999999999999724,0.9409555987167476,8,4
52,48,0.6109593543332418,0.2589079275262201,0.1752692846378033,0.9064514100307006,8,4
53,46,0.6996731185065282,0.2228119771250082,0.24424704037083939,0.9099645310805101,8,4
54,46,0.709244417983327,0.23658439876532142,0.2873715383279552,0.925493278717499,8,4
55,41,0.7085413368161304,0.21111999926514557,0.28863538424344554,0.925493278717499,8,4
56,44,0.7123261943717982,0.25583704205272817,-0.013333360227413773,0.9339424954298285,8,4
57,49,0.6879100275342599,0.24279989344877012,-0.013333333667547706,0.9577009817780834,8,4
58,45,0.7308995119775957,0.22066739104146038,0.17412817649003495,0.9580055745227135,8,4
59,46,0.7210357492202895,0.23764828096992735,0.1943782247026001,0.9615377519887818,8,4
60,46,0.7161920602764164,0.21838047116173315,0.29437564251341103,0.9791504201926886,8,4
61,47,0.6776299227546108,0.2662673818726906,-0.014999995231491607,1.00255151241663,8,4
62,43,0.6786729493640746,0.2506613270076095,0.25526792790315433,1.00255151241663,8,4
63,49,0.693988344869394,0.2754606900461007,0.14763382698587782,1.012217727899204,8,4
64,45,0.6924596841834042,0.2996762367056744,0.1218324069356405,1.0204358625980157,8,4
65,44,0.657340075688123,0.29447955536286025,0.09791398359625537,1.0258533796043545,8,4
66,46,0.7511854058541664,0.2974460112210899,0.1762806834346442,1.1008734327022967,8,4
67,44,0.7281495474707058,0.33198133389040874,-0.015999999948123605,1.1014836310904572,8,4
68,47,0.6802408743657383,0.31845805332749505,0.11220801716674748,1.1014836310904572,8,4
69,45,0.7139741779640792,0.32226535077501617,-0.013333319837758721,1.105465100590473,8,4
70,47,0.8048144091733884,0.29989209408055256,0.1885309634834099,1.1107837285910565,8,4
71,44,0.7796539246776389,0.3175798454918986,0.17043104577023166,1.1107837285910565,8,4
72,43,0.7936017784428067,0.3473283932095757,0.2506934963525474,1.1107837285910565,8,4
73,48,0.7863829090404388,0.32453145507367015,0.14332485699411343,1.1107837285910565,8,4
74,44,0.784685386918629,0.3469380130535426,0.12268797862349204,1.1219796043538646,8,4
75,48,0.7330473050701568,0.3400863851928964,-0.01333334622489745,1.1225408024581471,8,4
76,45,0.7172744765086072,0.366397958007257,-0.009999999999999724,1.1309195699325554,8,4
77,47,0.8276961155781853,0.3132723916053374,0.1124103596422156,1.1309195699325554,8,4
78,48,0.7719522439893717,0.34837473744848013,-0.013333325398962375,1.132977867507081,8,4
79,45,0.8083981501177965,0.30318969086900766,0.3297207002710469,1.132977867507081,8,4
80,45,0.8534085767019962,0.31941124311213115,-0.013333338885329329,1.1403889585725802,8,4
81,43,0.8314442476428199,0.29941493217567094,0.25990777167917134,1.1403889585725802,8,4
82,39,0.8998948223320232,0.30746569925523326,0.1445870144372031,1.1476117220205573,8,4
83,47,0.7941301408360879,0.33166908873118567,-0.013333339162077212,1.1476162814684068,8,4
84,44,0.8012645090033397,0.3147763061835268,-0.014999999729274516,1.1544541986506505,8,4
85,43,0.8423781187973752,0.32131465860334385,0.14936209322981445,1.1683752659012394,8,4
86,48,0.8491937744090455,0.3201895158068019,0.19608971464870548,1.17972768897442,8,4
87,46,0.8259997599389309,0.30011136589485643,0.2946700619569455,1.17972768897442,8,4
88,49,0.8179920888093108,0.34797750346398704,-0.014999998316421254,1.2095893545593324,8,4
89,48,0.8739070895300775,0.2975406718546769,0.3252858399069418,1.1941907493129174,8,4
90,45,0.8506882117404261,0.28922663577716046,0.2737523239830345,1.1941907493129174,8,4
91,46,0.9355097045877911,0.3164023770761886,-0.014999999729274516,1.2110599596418727,8,4
92,45,0.8461084208262483,0.3397422692243885,-0.01499988582327446,1.1949001588684018,8,4
93,45,0.8638028211544087,0.32165162943805786,0.31282555410351454,1.2162419535938143,8,4
94,49,0.8390452323152313,0.31802970532066543,0.3462102393778704,1.2162419535938143,8,4
95,47,0.8967898792183697,0.2855688606847728,0.3748883064394174,1.2165624202848249,8,4
96,46,0.9435791005595088,0.282927201406814,0.3862100710489698,1.2165624202848249,8,4
97,46,0.9193928554392058,0.3185339394814802,0.3575582940048761,1.2205049181740968,8,4
98,48,0.9003875563073224,0.3568328806580157,-0.013333333331737479,1.2273946730865875,8,4
99,46,0.8697286416172268,0.3104071907041317,0.38631601422789014,1.2279758826821308,8,4
100,48,0.9346422074374142,0.3295127153947607,-0.01333333592714142,1.23086456076664,8,4
