gen,nevals,avg,stddev,min,max,run,representation
0,50,-0.009999999999999724,0.0,-0.009999999999999724,-0.009999999999999724,7,1
1,42,-0.010399999999808254,0.0010832051200996263,-0.013333333331737479,-0.009999999999999724,7,1
2,45,-0.010800000042682525,0.0014236105095588086,-0.013333335485024562,-0.009999999999999724,7,1
3,50,-0.010466665872747406,0.0011566214704871174,-0.013333333331737479,-0.009999999999999724,7,1
4,45,-0.01053333363838616,0.0012220208842949468,-0.013333363371864906,-0.009999999999999724,7,1
5,46,-0.010466666792487811,0.0011566237500520093,-0.013333363371864906,-0.009999999999999724,7,1
6,46,-0.010666666376782099,0.001333332753569495,-0.013333337423010306,-0.009999999999999724,7,1
7,44,-0.010333336068349385,0.0010000082052787165,-0.013333494883244324,-0.009999999999999724,7,1
8,43,-0.01093333849218093,0.0014966712276490842,-0.013333578114831513,-0.009999999999999724,7,1
9,44,-0.010533333555305866,0.0012220206939260445,-0.01333334446479493,-0.009999999999999724,7,1
10,43,-0.01060000101211551,0.001280627007727928,-0.013333363371864906,-0.009999999999999724,7,1
11,47,-0.010600000602370185,0.0012806261331771303,-0.013333363371864906,-0.009999999999999724,7,1
12,46,-0.010619431390604428,0.001396459092094407,-0.013333363371864906,-0.0076381815182567266,7,1
13,45,-0.010752756368169678,0.0014871246873281215,-0.013333333335673245,-0.0076381815182567266,7,1
14,46,-0.006001169284247693,0.023504590875398284,-0.014762621594446614,0.10890933200656275,7,1
15,48,-0.0041431340676943125,0.02768089739666646,-0.014983309314139553,0.10890933200656275,7,1
16,49,0.021135619169198257,0.05255788050223653,-0.015000000042894623,0.15190110532604997,7,1
17,45,0.07003589040557628,0.0565708413567728,-0.015000001529622213,0.1556864697185668,7,1
18,42,0.08377311373735784,0.05961544305130741,-0.016666666282048333,0.19006285939621043,7,1
19,47,0.0939178657019511,0.0693251009610514,-0.016666666489761256,0.2290473603641157,7,1
20,46,0.14069055925931603,0.06117182095517131,-0.016666668700542193,0.27930230228352254,7,1
21,47,0.1720020662846057,0.09024697833460142,-0.01714285792005138,0.4444717395719178,7,1
22,45,0.20436175822171823,0.09026944400857412,0.023094560866791354,0.4444717395719178,7,1
23,48,0.2437201635246391,0.09790249845167891,-0.016000004134773184,0.4444717395719178,7,1
24,46,0.24099267662378968,0.15121467134674807,-0.017142856881060757,0.45989630471356907,7,1
25,45,0.2617718636471688,0.14295580916405917,-0.016666669620652007,0.45989630471356907,7,1
26,45,0.2999330302525145,0.13653087106820644,-0.01599998647980576,0.5466224524169289,7,1
27,44,0.3805352896929191,0.144586943964778,-0.005653525631333191,0.687193925775311,7,1
28,49,0.376104475643938,0.17686849425805512,-0.016000002434169422,0.6871939257753112,7,1
29,46,0.4619085496812357,0.16094438378138565,-0.01777777807499352,0.8050340449497154,7,1
30,46,0.4820147922838251,0.23203903492505945,-0.017142856964023873,0.8152665975214514,7,1
31,43,0.5333848253645394,0.24984514721214546,-0.01666666818964888,0.8152665975214514,7,1
32,47,0.439603749249387,0.26657933382751176,-0.017142856804405453,0.8172535732492934,7,1
33,46,0.4880256135660975,0.26242127847369967,-0.017142855917387123,0.9453315216466821,7,1
34,48,0.5111110806925189,0.23339277380653786,-0.017142857314478285,0.8165560021561094,7,1
35,47,0.5337128751954512,0.25436245361576215,-0.017142853324094653,0.823254758857806,7,1
36,47,0.5652255575724235,0.25146122917144326,-0.017142856804405453,0.8345759502355277,7,1
37,45,0.5790675707427969,0.26941088507639627,-0.01714285679779284,0.8362461099938769,7,1
38,44,0.5762837034061603,0.2580162228328071,-0.01666666818964888,0.8366251575813705,7,1
39,46,0.5593216834492486,0.28256273350719574,-0.01750000302262507,0.9748745904149176,7,1
40,47,0.5695925084691769,0.29389660337981904,-0.017142856887415285,0.986331306258143,7,1
41,47,0.6475907691013201,0.278749321948598,-0.017142857868903072,0.986331306258143,7,1
42,47,0.5937115778196135,0.3049683211599387,-0.016666666133260826,0.9882190802744857,7,1
43,47,0.5447375551709136,0.3021203659165539,-0.017499999669612937,0.9882190802744857,7,1
44,46,0.55602231798941,0.2864687974135379,0.016505023615767715,0.9882190802744857,7,1
45,45,0.6514757827603905,0.2858464654489901,-0.015999999992694827,0.9882190802744857,7,1
46,50,0.6089139125382973,0.2945291033597627,-0.014999999996408562,0.9912426241568947,7,1
47,45,0.5802958569378092,0.3388384100713106,-0.016666666530358712,0.9912426241568947,7,1
48,44,0.5949253112740019,0.3167912805601054,0.029412588549668054,0.9943502078852758,7,1
49,43,0.690210681691283,0.33138338423842123,-0.016666669181186932,1.0033217179378542,7,1
50,45,0.5356077876444649,0.3786490903284394,-0.01666666704477144,1.0033217179378542,7,1
51,46,0.6029021263223848,0.3290899833959805,-0.01666666666406415,1.0936853872494638,7,1
52,47,0.6097310536985971,0.34396515662687954,-0.01666666646328716,1.0936853872494638,7,1
53,42,0.6376167057217664,0.3128781085546921,-0.016000004372376198,1.0909345144271845,7,1
54,44,0.6353300429911546,0.36029416544176507,-0.01600000475171249,1.0964467276864318,7,1
55,48,0.5794042253852898,0.374884703515648,0.024815895861362874,1.1002797093538328,7,1
56,47,0.7568220742173417,0.3714448624344503,-0.016666667041281245,1.1002797093538328,7,1
57,47,0.7138821078183837,0.37253754935331584,-0.01666666704477144,1.0980749779498151,7,1
58,45,0.6590766482314868,0.43903868979292476,-0.01666666709545335,1.0980749779498151,7,1
59,45,0.6824731021995983,0.4117308690268991,-0.016666666449020703,1.1530114055505387,7,1
60,48,0.7359190076847658,0.36805273734995586,-0.016666666449020703,1.1547372074829625,7,1
61,47,0.7366572392830315,0.4113673730338466,-0.01600000475171249,1.1547372074829625,7,1
62,42,0.8005638993014991,0.39631759157718643,-0.01600000064701512,1.154737207482963,7,1
63,46,0.6315515303918605,0.4228750615153987,-0.016666666328983382,1.154737207482963,7,1
64,48,0.5550356571387447,0.4158579221181529,-0.016666666606513825,1.1547372074829643,7,1
65,47,0.633621381547884,0.40360055046240556,-0.016666666606513825,1.1560289277458304,7,1
66,49,0.6649196264184823,0.41985157980305293,-0.016666666606513825,1.1822854475118987,7,1
67,46,0.7651743848797452,0.4082401764473263,-0.01666666660553846,1.1825310398744973,7,1
68,46,0.6756297570964194,0.42626063265840736,-0.016666666735073055,1.1825310398744973,7,1
69,46,0.7204344683688535,0.4274279587588403,-0.01666666673464963,1.196025511967784,7,1
70,44,0.7099156388528255,0.43403458797444594,-0.016666666611099678,1.196025511967785,7,1
71,46,0.780954866340301,0.4247454228510187,-0.016666666735073055,1.196025511967785,7,1
72,48,0.686329246892853,0.42940815761278317,-0.01600000094706796,1.2351341874598951,7,1
73,48,0.7707825101931652,0.36467677148333155,0.23851154088745785,1.2351341874598951,7,1
74,45,0.6871264103261097,0.43891429417408084,-0.016666666860971267,1.2415317817651592,7,1
75,47,0.810364751393182,0.42623624463274334,-0.01600000034068436,1.2353173078968538,7,1
76,44,0.8265969001923921,0.43481051401285853,-0.016666666777440848,1.2415317817651592,7,1
77,45,0.7360264740044584,0.4511199818556798,-0.01666666674075881,1.255043940159883,7,1
78,45,0.72925127078198,0.4565177586400473,-0.016000000913016107,1.255043940159883,7,1
79,48,0.6960961838702849,0.44663449951151285,-0.016000000898875398,1.2551279175089967,7,1
80,46,0.8232878466433678,0.45561686689336406,-0.016666666777295534,1.2551279175089967,7,1
81,47,0.7709290771941322,0.45234146955138593,-0.016666666771316833,1.2551279175089967,7,1
82,47,0.7564904605278642,0.4305151304633132,-0.016000000799986168,1.2649375721108556,7,1
83,45,0.669659609110385,0.4868002423870715,-0.016666666741554335,1.257460195077302,7,1
84,44,0.8766792819734079,0.45071276018250106,-0.016666665608457056,1.2551279175089967,7,1
85,47,0.7953231113476381,0.4649242770637366,-0.016666666661539545,1.2551279175089967,7,1
86,48,0.7398140637949185,0.42181869657023363,-0.016666666421774362,1.2551279175089967,7,1
87,44,0.8118876670506225,0.472572385040879,-0.016666666421774362,1.263337838756167,7,1
88,44,0.897953608908842,0.4350043090049729,-0.0160000008771246,1.263337838756167,7,1
89,47,0.7257075258632913,0.40603065773421193,0.14791558386986053,1.268391203528451,7,1
90,47,0.807372612072728,0.48487209397828346,-0.016666666769297813,1.2691166156123053,7,1
91,48,0.6133562893612863,0.45298658336161085,-0.0166666660397754,1.268391203528451,7,1
92,44,0.61239025805317,0.40562309948401115,-0.01666666677451021,1.268391203528451,7,1
93,50,0.6779076763830025,0.4304207132405944,-0.017142857129076657,1.2666754209477011,7,1
94,46,0.7982907537277621,0.4595744126186232,-0.016666666658871943,1.2666754209477011,7,1
95,45,0.8528474160452312,0.469505790117654,-0.016666666696949918,1.2666757267230577,7,1
96,46,0.7197678624165796,0.4680174670787343,-0.016666666691248173,1.2666757267230577,7,1
97,48,0.6504087898769907,0.4324997441874642,-0.016666666771189064,1.266675966830931,7,1
98,46,0.7550729533556877,0.4274915364296011,0.029847035487249984,1.2697088979888818,7,1
99,48,0.7234068140025047,0.4388000710298111,0.019496077256072268,1.2697088979888818,7,1
100,44,0.753011365289426,0.43002095783373356,-0.016000000832932803,1.2697088979888818,7,1
