gen,nevals,avg,stddev,min,max,run,representation
0,50,-0.009999999999999724,0.0,-0.009999999999999724,-0.009999999999999724,8,1
1,49,-0.010666666666347272,0.0013333333326951019,-0.013333333331737479,-0.009999999999999724,8,1
2,46,-0.010466667267245558,0.0011566249267225845,-0.013333363371864906,-0.009999999999999724,8,1
3,44,-0.010533333333077764,0.0012220201847366083,-0.013333333331737479,-0.009999999999999724,8,1
4,45,-0.01033333397704179,0.0010000019311331946,-0.013333363371864906,-0.009999999999999724,8,1
5,42,-0.010533328520251042,0.0012220091575753506,-0.013333333331737479,-0.009999999999999724,8,1
6,43,-0.010299995681212116,0.0010376128682063768,-0.014999999955227931,-0.009999999999999724,8,1
7,48,-0.01063333337591247,0.0013699149241669184,-0.015000000042894623,-0.009999999999999724,8,1
8,48,-0.010600007864428997,0.001280641633618221,-0.013333578552229736,-0.009999999999999724,8,1
9,47,-0.010933334089314224,0.0014966641669836884,-0.013333363371864906,-0.009999999999999724,8,1
10,44,-0.010266665671472825,0.0009043072895579776,-0.013333333335673245,-0.009999999999999724,8,1
11,49,-0.010766667313842255,0.0014609749380092947,-0.015000000042894623,-0.009999999999999724,8,1
12,46,-0.010600003280991683,0.0012806318504937904,-0.013333474988984718,-0.009999999999999724,8,1
13,46,-0.010733336694969066,0.0013808273417356973,-0.013333494883244324,-0.009999999999999724,8,1
14,47,-0.010666667267019996,0.0013333345340466349,-0.013333363371864906,-0.009999999999999724,8,1
15,45,-0.010599999999791235,0.0012806248470415762,-0.013333333335673245,-0.009999999999999724,8,1
16,47,-0.010533333933880314,0.001222021561354648,-0.013333363371864906,-0.009999999999999724,8,1
17,48,-0.010533332892395988,0.0012220191750112895,-0.013333333335673245,-0.009999999999999724,8,1
18,46,-0.010733333180234984,0.0013808207235401092,-0.013333333331737479,-0.009999999999999724,8,1
19,46,-0.010266666889199891,0.0009043114190655542,-0.01333334446479493,-0.009999999999999724,8,1
20,47,-0.010666673226845775,0.0013333464540149938,-0.013333499805155719,-0.009999999999999724,8,1
21,47,-0.010933336209477968,0.001496667566926317,-0.01333347506248075,-0.009999999999999724,8,1
22,46,-0.010533354219055093,0.001222068045808875,-0.013334205893200763,-0.009999999999999724,8,1
23,49,-0.010733332234805876,0.0013808189434152327,-0.013333363371864906,-0.009999999999999724,8,1
24,46,-0.010774670947244023,0.0013891659840582998,-0.013333738590734607,-0.009999999999999724,8,1
25,49,-0.0107966967064011,0.0014179084476349318,-0.01333336165899242,-0.009999999999999724,8,1
26,49,-0.010566667858111375,0.001316985213911481,-0.01499998524778845,-0.009999999999999724,8,1
27,47,-0.010600003539586386,0.0012806324028001009,-0.013333578114831513,-0.009999999999999724,8,1
28,46,-0.010666666961555686,0.0013333339231335211,-0.013333380534099444,-0.009999999999999724,8,1
29,41,-0.010866667131341476,0.001462114932234905,-0.013333578552229736,-0.009999999999999724,8,1
30,47,-0.010699987962668309,0.001417719158198929,-0.014999865085273888,-0.009999999999999724,8,1
31,47,-0.01066666033054418,0.0013333206614567325,-0.013333341313229994,-0.009999999999999724,8,1
32,49,-0.01059999908177647,0.0012806228876629043,-0.013333339168078316,-0.009999999999999724,8,1
33,45,-0.010400002398502705,0.001083211616107426,-0.013333494883244324,-0.009999999999999724,8,1
34,44,-0.01066666096322973,0.0013333219272976904,-0.013333494883244324,-0.009999999999999724,8,1
35,45,-0.010600002318106823,0.001280629795286916,-0.01333343713812469,-0.009999999999999724,8,1
36,49,-0.010733324999795521,0.0013808053211793914,-0.013333363371864906,-0.009999999999999724,8,1
37,45,-0.01080000778083285,0.0014236242800947253,-0.013333515673510897,-0.009999999999999724,8,1
38,47,-0.01066666715235859,0.001333334304727971,-0.013333348710330248,-0.009999999999999724,8,1
39,46,-0.010866662825126447,0.0014621076660815276,-0.013333363371864906,-0.009999999999999724,8,1
40,47,-0.010733330964299608,0.001380816551090787,-0.013333348710330248,-0.009999999999999724,8,1
41,46,-0.010333333180634997,0.0009999995419062856,-0.013333333331737479,-0.009999999999999724,8,1
42,47,-0.010633339882780764,0.0013699277490243475,-0.015000000042894623,-0.009999999999999724,8,1
43,46,-0.010733333375037553,0.0013808210903408671,-0.013333335485024562,-0.009999999999999724,8,1
44,45,-0.010400001201413352,0.0010832083740727196,-0.013333363371864906,-0.009999999999999724,8,1
45,47,-0.010800008002955887,0.0014236246758489819,-0.01333370437846565,-0.009999999999999724,8,1
46,45,-0.01040000060833016,0.0010832067679907684,-0.01333336165899242,-0.009999999999999724,8,1
47,45,-0.01106666659646719,0.0015549204029657291,-0.013333348710330244,-0.009999999999999724,8,1
48,48,-0.010999992799050198,0.00152751423266902,-0.013333368924554282,-0.009999999999999724,8,1
49,44,-0.010633334320684158,0.0013699167862484623,-0.015000000042894623,-0.009999999999999724,8,1
50,48,-0.010168811030421556,0.0042837545647331395,-0.013333578582683069,0.018226380013625608,8,1
51,48,-0.010566666995086689,0.0013169834008959767,-0.01499998524778845,-0.009999999999999724,8,1
52,47,-0.010866658172696698,0.0014620998203405844,-0.01333379914523781,-0.009999999999999724,8,1
53,48,-0.01099997798350179,0.001527491603249074,-0.013333348710330248,-0.009999999999999724,8,1
54,46,-0.0107666710441932,0.0014609814919220683,-0.015000000042894623,-0.009999999999999724,8,1
55,46,-0.010733354734510023,0.0013808613101363245,-0.013333646317257843,-0.009999999999999724,8,1
56,46,-0.010316051559107036,0.0009544342401087204,-0.013333363371864906,-0.009999999999999724,8,1
57,47,-0.01100000227662729,0.001527528709334779,-0.013333437134215075,-0.009999999999999724,8,1
58,47,-0.010733338015996751,0.0013808298291453054,-0.013333495007228581,-0.009999999999999724,8,1
59,47,-0.010466673677304878,0.001156640814630329,-0.013333645762270228,-0.009999999999999724,8,1
60,43,-0.010868092553107495,0.0015004158828528353,-0.014999665378693442,-0.009999999999999724,8,1
61,46,-0.010866669498497994,0.0014621189242571145,-0.013333494883244324,-0.009999999999999724,8,1
62,47,-0.010552764616697513,0.0013438830250231324,-0.013333363371864906,-0.0076381815182567266,8,1
63,44,-0.010714688668543694,0.0015088727409809648,-0.014762621594446614,-0.0076381815182567266,8,1
64,47,-0.00827457719882941,0.016805447525245525,-0.01500000720281084,0.10890933200656275,8,1
65,48,0.0003685055253288802,0.03128057967058421,-0.013333348710330248,0.10890933200656285,8,1
66,47,0.02311408493554591,0.04700776936391816,-0.015999999955495642,0.15190110532604997,8,1
67,45,0.06865975949689224,0.051036649921158826,-0.016000001249343723,0.15190110532604997,8,1
68,48,0.0901380981335778,0.05996095071566632,-0.016666669680736056,0.1830427509400009,8,1
69,42,0.13700534640231557,0.07776005055609492,-0.016000005841692373,0.5245578707188369,8,1
70,46,0.1584634618062409,0.1143219081313791,-0.01600000447524823,0.5245578707188369,8,1
71,44,0.19204498614468732,0.13635736370892618,-0.016000005482656746,0.5245578707188369,8,1
72,43,0.2693866299142613,0.15520162625810638,-0.013333336068297851,0.5827568913012852,8,1
73,47,0.34152749087674505,0.15238281274719512,-0.016666665526037266,0.6575592803492832,8,1
74,44,0.3554171498274923,0.20377386682061413,-0.01714285725077591,0.657559280349284,8,1
75,49,0.3619378929083665,0.2220360325726263,-0.016666667092133786,0.657559280349284,8,1
76,48,0.3511367944501764,0.24231219350794725,-0.016000001149844074,0.6576594078580943,8,1
77,45,0.3910181953532836,0.24882418734225284,-0.009075720493941343,0.6947845246505729,8,1
78,48,0.42948853273391996,0.23629768583057367,-0.016666665813119586,0.6947857848671412,8,1
79,47,0.4124539888689721,0.2432542287875748,-0.016000000289264512,0.694785784867141,8,1
80,46,0.3976327870463141,0.25559867951657755,-0.016000000308195476,0.6947857848671412,8,1
81,49,0.42139315016074386,0.2652451658491894,-0.01499999889906855,0.7203537010490239,8,1
82,47,0.38043335036489107,0.2722143258697751,-0.016000001671795803,0.7261839033947532,8,1
83,47,0.4174899113054573,0.264606115495606,-0.016000002343520295,0.7746290358341241,8,1
84,45,0.5112060077324151,0.22691068338993797,-0.017142857745309333,0.8054617696121028,8,1
85,47,0.5141460005248407,0.22185829524616715,-0.017777777968166802,0.8054699517558227,8,1
86,46,0.4331363339593539,0.26445041555386317,-0.017777775907968762,0.8054699517558227,8,1
87,48,0.5008630193359823,0.23280388025580867,-0.016666665868022776,0.8054699517558227,8,1
88,47,0.5615524800889505,0.21634275116525697,0.13471815361284092,0.8272438176587456,8,1
89,47,0.5690365172814124,0.2677726020741014,-0.017499999886505357,0.8683402544952596,8,1
90,47,0.556601145129181,0.2334224152775116,-0.016666667355919765,0.9282906869463156,8,1
91,45,0.5879592530646601,0.2590046280056521,0.05040387986384421,0.975627179971234,8,1
92,47,0.5830561399930313,0.2507320900720946,-0.017142857653084462,0.904730288590634,8,1
93,43,0.5947117182146993,0.2723940887990902,-0.01714285867942767,0.975627179971234,8,1
94,47,0.6094279230453981,0.3201571782295172,-0.01749999982451707,0.975627179971234,8,1
95,48,0.5516003389396755,0.32956728484219683,-0.017142856990995842,1.028619307544481,8,1
96,44,0.5994730640566054,0.3508743214265576,-0.017142861414654903,1.04012694483893,8,1
97,46,0.5747502171684769,0.37663861843887975,0.030792051033744012,1.1836357212595539,8,1
98,45,0.6862153675067494,0.3634180249465348,-0.010042437265771711,1.183635721259552,8,1
99,49,0.5459735122224031,0.3798051929126287,-0.0016816067804702592,1.2830932744667458,8,1
100,47,0.6929711743871216,0.4177036074188424,-0.017142855194904924,1.204422384275353,8,1
