gen,nevals,avg,stddev,min,max,run,representation
0,50,-0.009999999999999724,0.0,-0.009999999999999724,-0.009999999999999724,9,4
1,45,-0.010466666666443008,0.0011566234376395197,-0.013333333331737479,-0.009999999999999724,9,4
2,47,-0.010600000600511634,0.0012806261292102915,-0.01333336337169326,-0.009999999999999724,9,4
3,45,-0.010533333932887143,0.0012220215590790205,-0.01333336337169326,-0.009999999999999724,9,4
4,48,-0.010133332833978716,0.0006531948184202814,-0.013333333331737479,-0.009999999999999724,9,4
5,48,-0.01059999977788142,0.0012806243734052774,-0.013333339168098013,-0.009999999999999724,9,4
6,45,-0.01046668114177459,0.001156659315394088,-0.013333632538635802,-0.009999999999999724,9,4
7,44,-0.01039999966110088,0.001083204202877941,-0.01333333342621272,-0.009999999999999724,9,4
8,41,-0.010366719417387704,0.0010160524010956187,-0.013333373444904697,-0.009999999999999724,9,4
9,47,-0.010266664799419477,0.0009043043324131882,-0.01333336337169326,-0.009999999999999724,9,4
10,42,-0.010200005024433984,0.0007916426934499164,-0.013333554518281585,-0.009999999999999724,9,4
11,48,-0.010266666669409537,0.0009043106737191641,-0.01333333342621272,-0.009999999999999724,9,4
12,48,-0.01053333342886071,0.001222020404207165,-0.013333345075237497,-0.009999999999999724,9,4
13,48,-0.010333334719629734,0.001000004158928332,-0.013333402547234982,-0.009999999999999724,9,4
14,42,-0.010400000857728423,0.0010832074433749454,-0.01333336337169326,-0.009999999999999724,9,4
15,45,-0.010533346277071906,0.0012220498438787976,-0.013333580162036333,-0.009999999999999724,9,4
16,45,-0.010199999706214314,0.0007916216429681842,-0.013333333331737479,-0.009999999999999724,9,4
17,45,-0.010400003460695084,0.0010832144923743135,-0.013333475496016422,-0.009999999999999724,9,4
18,47,-0.010133333267273545,0.0006531969411487341,-0.013333363371693259,-0.009999999999999724,9,4
19,46,-0.01009970622018252,0.0005165863893807578,-0.013333333348010339,-0.009999999999999724,9,4
20,46,-0.010399999845371093,0.0010832047018819924,-0.01333333342621272,-0.009999999999999724,9,4
21,48,-0.010199995450356998,0.0007916047984066286,-0.013333360249424959,-0.009999999999999724,9,4
22,45,-0.010133337451512537,0.0006532174397220877,-0.01333349432314843,-0.009999999999999724,9,4
23,45,-0.010199994341689311,0.000791600409734579,-0.013333333331737479,-0.009999999999999724,9,4
24,45,-0.010400004229273487,0.0010832165748181466,-0.013333682500590286,-0.009999999999999724,9,4
25,47,-0.010400001999146941,0.0010832105343573514,-0.013333381435202818,-0.009999999999999724,9,4
26,47,-0.010200003402989957,0.0007916362753634366,-0.013333473456507334,-0.009999999999999724,9,4
27,47,-0.010266659944944342,0.0009042878709046125,-0.013333335852170591,-0.009999999999999724,9,4
28,47,-0.010199999955429305,0.0007916226293889376,-0.013333339168098013,-0.009999999999999724,9,4
29,45,-0.010133333173156268,0.0006531964800398761,-0.013333333331737479,-0.009999999999999724,9,4
30,45,-0.010199999647574494,0.0007916214109064729,-0.013333365560011577,-0.009999999999999724,9,4
31,44,-0.01031999494867044,0.0011332414699470944,-0.016000000037031864,-0.009999999999999724,9,4
32,48,-0.010333333043987522,0.0009999991319659277,-0.013333335852170591,-0.009999999999999724,9,4
33,44,-0.010199999833374789,0.0007916221462829213,-0.013333334509401731,-0.009999999999999724,9,4
34,43,-0.010133332998078986,0.0006531956223415051,-0.013333333321310327,-0.009999999999999724,9,4
35,48,-0.010066666599773143,0.00046666619841392474,-0.013333329988670616,-0.009999999999999724,9,4
36,45,-0.010199996079710963,0.000791607289176174,-0.013333333335673245,-0.009999999999999724,9,4
37,46,-0.010155930826799033,0.0006675759665859114,-0.013333333321310327,-0.009999999999999724,9,4
38,44,-0.010200002884750502,0.0007916342242183932,-0.01333349432314843,-0.009999999999999724,9,4
39,46,-0.010066666666425937,0.0004666666649834842,-0.013333333321310327,-0.009999999999999724,9,4
40,46,-0.010266661637294837,0.0009042936093941389,-0.013333333331737479,-0.009999999999999724,9,4
41,50,-0.010200000940976237,0.0007916265303135148,-0.013333380382760914,-0.009999999999999724,9,4
42,43,-0.010199991542670423,0.0007915893316853206,-0.013333333677949338,-0.009999999999999724,9,4
43,47,-0.01013333343124378,0.0006531977444268372,-0.013333362603264266,-0.009999999999999724,9,4
44,48,-0.01033333173233382,0.000999995197731959,-0.013333477819807342,-0.009999999999999724,9,4
45,47,-0.010266664543446116,0.000904303464882606,-0.013333490200336189,-0.009999999999999724,9,4
46,47,-0.010199993077674187,0.0007915954077994007,-0.01333336337169326,-0.009999999999999724,9,4
47,43,-0.01006666691113264,0.00046666837793041624,-0.013333345556645554,-0.009999999999999724,9,4
48,46,-0.010200000000152363,0.0007916228064066941,-0.0133333333484908,-0.009999999999999724,9,4
49,44,-0.010199994156606449,0.0007915996785673625,-0.013333415419949481,-0.009999999999999724,9,4
50,44,-0.010266671163126575,0.0009043259127940258,-0.013333459909500996,-0.009999999999999724,9,4
51,43,-0.010133335896061312,0.0006532098196210582,-0.013333461481768569,-0.009999999999999724,9,4
52,47,-0.009591110991674048,0.0038700727318538345,-0.013333333335673245,0.017111080406940454,9,4
53,47,-0.009324162265817773,0.004272089338074938,-0.013333333330288043,0.017111080406940454,9,4
54,44,-0.006822496217984113,0.008609493892852732,-0.013333104888830539,0.031401540644604584,9,4
55,45,0.024602652004579097,0.08982098288042487,-0.01799999985908841,0.41041185658316537,9,4
56,45,0.11596182814322095,0.15202983555787777,-0.01866666622794124,0.4926919551286026,9,4
57,46,0.23121151440142365,0.14581903169053728,-0.013333322696924242,0.4926919551286026,9,4
58,48,0.2939058829439844,0.16310792042359093,-0.01333337169861528,0.6894359233216867,9,4
59,46,0.3015712797083243,0.21163513234235523,-0.016666669739865518,0.8155935103076822,9,4
60,45,0.4109849887324128,0.2746792255044812,-0.0184301814647007,0.8661230059239208,9,4
61,45,0.5138119949672054,0.2537405034683876,-0.019230765996683066,0.8651072657769142,9,4
62,44,0.5877190324081222,0.26026759702057156,-0.013333333333567333,0.8778132544016025,9,4
63,49,0.7195165886291136,0.22968988960640327,-0.009999999999999724,0.9780707065355931,9,4
64,47,0.7742799993739764,0.2544838701463724,-0.009999999999999724,1.0163790558829686,9,4
65,48,0.7034158802977121,0.3662368980224484,-0.018000000773884393,1.0300828949085554,9,4
66,47,0.72145185248616,0.3727684882233886,-0.009999999999999724,1.0363044871685274,9,4
67,47,0.6755223637873943,0.4320502460042003,-0.009999999999999724,1.0471417302093304,9,4
68,46,0.7972728891848759,0.36905457196059593,-0.0133333870382475,1.0873691004921529,9,4
69,49,0.8081542618926697,0.33751442502565177,-0.009999999999999724,1.0873691004921529,9,4
70,47,0.8598736489761003,0.3398699949803437,-0.017999999976450357,1.0873691004921529,9,4
71,43,0.91222213988554,0.3090255768264975,-0.019230766938734958,1.1453991028031838,9,4
72,42,0.892173105678895,0.3703842537842581,-0.018888888891300967,1.172727384121214,9,4
73,48,0.9108148827565081,0.3512706909537023,-0.019090914892773057,1.1919809272683821,9,4
74,48,0.9407228066375624,0.30808347907876177,-0.01909091491171258,1.1919809272683821,9,4
75,44,0.934356281724792,0.38556864273597846,-0.019090909092877032,1.205181513217728,9,4
76,46,0.796717292508819,0.45327482632324456,-0.01909090909287897,1.205181513217728,9,4
77,47,0.8971570416470357,0.4056561203931169,-0.019090909843622657,1.2254758286330467,9,4
78,47,0.8647315149081279,0.422050370811305,-0.019090909092877032,1.2277576916585111,9,4
79,46,1.0612510642997632,0.251285690907033,0.054208461350719286,1.3066915957794174,9,4
80,45,0.9682887674099945,0.34965382197705824,-0.016666770547456022,1.3066915957794174,9,4
81,45,0.9235932123318228,0.3837282800784594,-0.01799999999901013,1.3066915957794174,9,4
82,45,0.9208845830946973,0.43187183851130717,-0.019090909092877105,1.3072706544008705,9,4
83,47,0.981320537805406,0.40056545567757323,-0.019285714285471746,1.307863880331602,9,4
84,49,0.8543111027916814,0.48588773197571183,-0.01923076922075694,1.33798598386876,9,4
85,44,0.9583453095670164,0.4358204895209715,-0.018888897403236855,1.33798598386876,9,4
86,49,0.9788114571183766,0.4373359561972809,-0.01923076923150566,1.3504043388573816,9,4
87,46,1.0476985763731028,0.44646112546682093,-0.019333333333972674,1.3525607236673014,9,4
88,48,0.9593559993881099,0.4526961198415735,-0.009999999999999724,1.3525607236673014,9,4
89,46,0.9431516636637515,0.4859725185465954,-0.019230769227899628,1.3564826146323463,9,4
90,46,1.0995398939593821,0.3900143404560899,-0.019230769232198,1.3780635024152639,9,4
91,45,1.1077306440640269,0.3678959471147618,-0.019230769231276645,1.378063502415264,9,4
92,47,1.0650667313079996,0.48321752434665166,-0.01909090909144637,1.3788686225294116,9,4
93,48,1.1334367369215321,0.35643975095149766,-0.009999999999999724,1.3864582128614191,9,4
94,45,1.063881815078233,0.47257794609391607,-0.01923076923168404,1.3801019935021102,9,4
95,47,1.132071645252474,0.37034999318806816,-0.009999999999999724,1.381876740127198,9,4
96,46,0.8227899323041777,0.5439794510352495,-0.019230769231644993,1.3811902229885207,9,4
97,46,0.988279511681557,0.45488002527201377,-0.018333333335279825,1.3811902229885207,9,4
98,48,1.096399514849802,0.37756674625981795,-0.013333268494641583,1.385263204069647,9,4
99,47,0.9695539851284459,0.49693964985771605,-0.015000000003207729,1.3858289126384786,9,4
100,47,1.2147521032668027,0.2924782469037078,-0.009999999999999724,1.3870683392785654,9,4
