gen,nevals,avg,stddev,min,max,run,representation
0,50,-0.009999999999999724,0.0,-0.009999999999999724,-0.009999999999999724,4,9
1,43,-0.010999992746776644,0.0015275141524034416,-0.013333355876822602,-0.009999999999999724,4,9
2,47,-0.011266671392427575,0.0016179608505321348,-0.013333654907337664,-0.009999999999999724,4,9
3,47,-0.011433346777073227,0.0017000149645051952,-0.014999996708593913,-0.009999999999999724,4,9
4,43,-0.011066661335655845,0.001554912734434545,-0.013333398333863284,-0.009999999999999724,4,9
5,48,-0.01166667510894227,0.0016666751098268367,-0.013333654907337664,-0.009999999999999724,4,9
6,47,-0.011200006193810747,0.0016000082587922767,-0.013333442017808783,-0.009999999999999724,4,9
7,47,-0.011400026291333621,0.001645225923149153,-0.01333376261180791,-0.009999999999999724,4,9
8,47,-0.011000007607516704,0.0015275368532622921,-0.013333709658771781,-0.009999999999999724,4,9
9,45,-0.011500017279545078,0.0017078436245679702,-0.014999997156278286,-0.009999999999999724,4,9
10,48,-0.011833347745234155,0.0017078378408162899,-0.01500000270637586,-0.009999999999999724,4,9
11,49,-0.011333336409989715,0.0016329969310351579,-0.013333654907337664,-0.009999999999999724,4,9
12,48,-0.01126668519663761,0.0016179784851801378,-0.01333376261180791,-0.009999999999999724,4,9
13,45,-0.011866680127942533,0.0016546350858186768,-0.013333654907337664,-0.009999999999999724,4,9
14,48,-0.011533328143889488,0.0016613191505451454,-0.013333442017808783,-0.009999999999999724,4,9
15,45,-0.011499997552942048,0.0017078224770240007,-0.014999998719224946,-0.009999999999999724,4,9
16,45,-0.011533360243653543,0.0017588153434597866,-0.015000014202512216,-0.009999999999999724,4,9
17,46,-0.01106666599700503,0.0015549195301116875,-0.013333654907337664,-0.009999999999999724,4,9
18,49,-0.011333345272593578,0.001633007786769342,-0.01333376261180791,-0.009999999999999724,4,9
19,49,-0.011066677852089401,0.0015549368126237019,-0.01333376261180791,-0.009999999999999724,4,9
20,50,-0.011133338410458094,0.0015790363125978352,-0.013333709658771781,-0.009999999999999724,4,9
21,45,-0.011266676490294322,0.0016179673630657046,-0.013333709658771781,-0.009999999999999724,4,9
22,45,-0.01136729067751582,0.0019612926963679454,-0.014999995975590347,-0.005030742489105187,4,9
23,44,-0.006247150103352634,0.034451540026745685,-0.014999996708593913,0.23441647947312416,4,9
24,44,-0.0059478100653332635,0.03441737283457532,-0.015000076694819137,0.23445580293907656,4,9
25,47,0.021891693596100624,0.08802722148910534,-0.015999992480935817,0.41253305438635873,4,9
26,48,0.09063153251996063,0.12213128445010102,-0.016666629276191072,0.35171335664527187,4,9
27,47,0.16932353804502942,0.12417893158504967,-0.01999999999999945,0.41328243282383664,4,9
28,48,0.257062397180586,0.10185526383184557,-0.013333333572855313,0.5760934698065693,4,9
29,47,0.23890930010992092,0.1414635675048362,-0.019999991237187893,0.5969254537972657,4,9
30,42,0.29106411736891785,0.1424263538164743,-0.020000007667763907,0.5993439884361442,4,9
31,46,0.2657197099811069,0.17822480713423314,-0.02000001272746799,0.5993439884361442,4,9
32,46,0.2875140186769462,0.1675769898967463,-0.015999988216200585,0.5987587265100313,4,9
33,45,0.33307960628553906,0.15673535990195037,-0.0174999797422044,0.5987587265100313,4,9
34,46,0.2934920281016522,0.20660214236898483,-0.01999999934028986,0.805742315403311,4,9
35,45,0.35655691930754685,0.1931366297793784,-0.01600008319191747,0.805742315403311,4,9
36,48,0.33626542581288027,0.2043312663590437,-0.020000041632797456,0.7905959364687323,4,9
37,47,0.40116045521237387,0.18099121535837154,-0.015999955267971343,0.8123082668511129,4,9
38,47,0.3271119198937478,0.2024774682960938,-0.01714289269921098,0.6985577994311126,4,9
39,48,0.3753016746386227,0.20052025987444852,-0.019999999448066692,0.8188057481911859,4,9
40,48,0.3287513567696202,0.22497705282189442,-0.017142888916626135,0.8188057481911859,4,9
41,45,0.37433846704590573,0.19100175979444137,-0.017500045472051078,0.8112474589130203,4,9
42,45,0.29784771092079665,0.24966014625797686,-0.017500011864864645,0.8112474589130203,4,9
43,48,0.3241148760220958,0.23006811482330003,-0.017142878110053328,0.8137079032944232,4,9
44,47,0.3567515926223701,0.21894381971683513,-0.017142946611025812,0.8137079032944232,4,9
45,46,0.30083778246227744,0.23636420729446503,-0.01666666556357277,0.8137079032944232,4,9
46,49,0.27745093686122385,0.23136226403141086,-0.017142877956423264,0.8137079032944232,4,9
47,45,0.33899971271926177,0.23651303608540583,-0.016666606375903503,0.8123082668511129,4,9
48,50,0.26022541270698896,0.19879157794649183,-0.017142862143592164,0.7075365903586784,4,9
49,46,0.32038614932220055,0.18706057491931605,-0.016666621840975494,0.7059840837857206,4,9
50,45,0.3186865258173539,0.210483761934203,-0.019999989060754616,0.7832898214201636,4,9
51,44,0.317765560507791,0.2130573945276202,-0.019999988401641928,0.7832898214201636,4,9
52,48,0.3444619055529574,0.21572814309865979,-0.009999999999999724,0.8129768196504336,4,9
53,45,0.37530670397311133,0.19932632680106377,-0.016666680011400342,0.7318363189810516,4,9
54,46,0.3591939273019991,0.20850996471376304,-0.01666680037506665,0.7292621632072068,4,9
55,45,0.3949546946583133,0.18623207611942574,-0.013333420189165739,0.729866799744041,4,9
56,45,0.40760654657550416,0.17661882177721777,-0.013333316754764618,0.7823539640283754,4,9
57,46,0.34754340110284976,0.1987606186514822,-0.016666680011400342,0.7286583596218186,4,9
58,47,0.33042918887537637,0.21270252420603344,-0.01714286289398896,0.6951572486942057,4,9
59,45,0.3660473235132084,0.2192383653861776,-0.015999999811255022,0.7294667750572326,4,9
60,46,0.3909395834416171,0.21295004587439087,-0.01749998867117418,0.7294667750572326,4,9
61,48,0.44130537654779756,0.22524392928525422,-0.017142844725842748,0.7294667750572326,4,9
62,42,0.45914042058723964,0.2331361141578851,-0.01999999999999945,0.8322642830643945,4,9
63,45,0.4204865127090237,0.2503965947526706,-0.015997662261294586,0.8404679075342477,4,9
64,47,0.3373629785890554,0.22599399564212272,-0.016000023243254745,0.8322642830643945,4,9
65,46,0.3330474019132854,0.24456620765270815,-0.015000206147766176,0.8322642830643945,4,9
66,45,0.3642672464728751,0.2305215442823662,-0.01999999999999945,0.8322642830643945,4,9
67,45,0.42895925394412765,0.21649661191157438,-0.016666602939035158,0.8322642830643945,4,9
68,43,0.4127738137086954,0.22830161406501148,-0.01666669146405725,0.7911303684922959,4,9
69,45,0.4747847694294005,0.22550473463118992,0.07441797930996712,0.8121275949419146,4,9
70,45,0.42817781360337004,0.23804820722607034,-0.019999963960975465,0.8155385096748199,4,9
71,44,0.48916196512202426,0.23106128879143079,-0.01999995077083658,0.9759490686351819,4,9
72,47,0.41328860102692355,0.24497254449342468,-0.013333332730552058,0.905861962564498,4,9
73,45,0.45733522686507533,0.23924906830335224,-0.014999998448795173,0.9769358164937361,4,9
74,46,0.44619027294927277,0.23578025653668447,0.07291707467614189,0.8589590839440187,4,9
75,44,0.4820825252868343,0.235609353030133,-0.01600001463208814,0.8879676963299333,4,9
76,48,0.46525077685726257,0.2502100997067865,-0.01666669264692911,0.8334873999266572,4,9
77,49,0.368338688283241,0.22501327459350648,-0.019999979623591565,0.767764976462725,4,9
78,44,0.4211573264223064,0.25300334312123673,-0.019999988352721376,0.8542434907258339,4,9
79,47,0.43257915307735123,0.25341787420057826,-0.0183333124839761,0.8316537156871671,4,9
80,43,0.3746232688048056,0.2761755022008572,-0.016666602939035158,0.8881360054600069,4,9
81,45,0.3861413281525202,0.25806911068066046,-0.01714283422013955,0.8881360054600069,4,9
82,46,0.42066268931008033,0.24010759097809278,-0.016666546907782707,0.8881360054600069,4,9
83,47,0.4729494512563937,0.21977070294023013,-0.015000000766174455,0.8894830202940078,4,9
84,48,0.3562587825131366,0.23168873739480944,-0.01333376261180791,0.8881360054600069,4,9
85,46,0.4086603296546814,0.22063014135187223,-0.015999992136637543,0.8881360054600069,4,9
86,47,0.3829584431318553,0.25204745826208064,-0.017142884728284995,0.8881360054600069,4,9
87,46,0.4225207195647572,0.2346568540603389,0.04646599265404732,0.9051288137058391,4,9
88,46,0.39759372003466176,0.24406441316217187,-0.015999763686349595,0.8977644783885694,4,9
89,49,0.3971821359577784,0.24934764202644139,-0.01500000148821716,0.8271101335508719,4,9
90,43,0.42238451118001663,0.2602468934041995,-0.01666667187802238,0.8271101335508719,4,9
91,45,0.43240334661527313,0.2600429420883155,-0.01666664961657554,0.9034566951593455,4,9
92,43,0.4114074693382401,0.2791499340447684,-0.015999966063293947,0.9034566951593455,4,9
93,47,0.4278595369699903,0.27278148735932733,-0.01714283422013955,0.8396483629049039,4,9
94,49,0.36343442200190224,0.2565132764991626,-0.016000033694528945,0.8222103383661175,4,9
95,49,0.4231378097478148,0.22988712374210274,-0.016666651141674066,0.8973333152658551,4,9
96,47,0.34145556550703576,0.24392044561850368,-0.0199999859995389,0.8328225798189287,4,9
97,42,0.4439906677955371,0.2130485018737786,0.0673996610883899,0.8328225798189287,4,9
98,48,0.4047806392579944,0.2253537201911758,-0.01749999704832703,0.757832070077889,4,9
99,48,0.43370575712428844,0.2381872823837724,-0.01333333283630947,0.8285371892908748,4,9
100,48,0.4231565637971764,0.2532578609357599,-0.017142932591725394,0.9034566951593455,4,9
