gen,nevals,avg,stddev,min,max,run,representation
0,50,-0.009999999999999724,0.0,-0.009999999999999724,-0.009999999999999724,7,4
1,45,-0.010333333333173498,0.0009999999995213263,-0.013333333331737479,-0.009999999999999724,7,4
2,43,-0.010266667267337859,0.0009043127014002447,-0.01333336337169326,-0.009999999999999724,7,4
3,49,-0.0103333333331735,0.0009999999995213263,-0.013333333331737479,-0.009999999999999724,7,4
4,47,-0.0102666660501061,0.0009043085735669145,-0.013333333331737479,-0.009999999999999724,7,4
5,42,-0.010333333933972615,0.0010000018019258926,-0.01333336337169326,-0.009999999999999724,7,4
6,48,-0.010266667267082752,0.0009043127005351341,-0.013333363371693259,-0.009999999999999724,7,4
7,44,-0.010266666666330202,0.0009043106632766288,-0.013333333331737479,-0.009999999999999724,7,4
8,43,-0.010400000362935305,0.0010832061034614755,-0.01333336337169326,-0.009999999999999724,7,4
9,45,-0.010199999660625072,0.0007916214625213793,-0.013333333332761673,-0.009999999999999724,7,4
10,46,-0.010266666666538743,0.0009043106639838328,-0.013333333331737479,-0.009999999999999724,7,4
11,49,-0.01019999999990399,0.0007916228054235989,-0.013333333331737479,-0.009999999999999724,7,4
12,50,-0.010133333333269235,0.0006531972644295126,-0.013333333331737479,-0.009999999999999724,7,4
13,49,-0.01046666598763566,0.00115662175523346,-0.013333333331737479,-0.009999999999999724,7,4
14,46,-0.010266665084757346,0.0009043053000267207,-0.01333336337169326,-0.009999999999999724,7,4
15,46,-0.010133328822870465,0.0006531751684677229,-0.013333333321310327,-0.009999999999999724,7,4
16,42,-0.010266666527916933,0.0009043101938947997,-0.013333333331737479,-0.009999999999999724,7,4
17,47,-0.010366666705434102,0.001120019945057199,-0.015000000042894623,-0.009999999999999724,7,4
18,47,-0.010733327275945998,0.001380809607147577,-0.013333475496016422,-0.009999999999999724,7,4
19,46,-0.01039999986545995,0.001083204756282837,-0.013333333331737479,-0.009999999999999724,7,4
20,43,-0.010159492398288816,0.0006732162198230951,-0.013333333331737479,-0.009999999999999724,7,4
21,47,-0.010266666327230776,0.0009043095133369126,-0.013333333331737479,-0.009999999999999724,7,4
22,43,-0.010466665910119586,0.0011566215637967012,-0.01333344216508288,-0.009999999999999724,7,4
23,46,-0.010226666695862602,0.0012045102326640974,-0.018000001471833095,-0.009999999999999724,7,4
24,48,-0.009999999999999724,0.0,-0.009999999999999724,-0.009999999999999724,7,4
25,46,-0.010133330808857916,0.000653184897620309,-0.013333356901172488,-0.009999999999999724,7,4
26,47,-0.010133333333269235,0.0006531972644295126,-0.013333333331737479,-0.009999999999999724,7,4
27,45,-0.010400001893015615,0.0010832102469721394,-0.013333401880544906,-0.009999999999999724,7,4
28,42,-0.009102238513774816,0.00628433040357436,-0.009999999999999724,0.034888074311245694,7,4
29,43,-0.0015600989068381998,0.025755374366564745,-0.015000000042894623,0.10806037241274853,7,4
30,49,0.033795907659958296,0.06444314697395813,-0.013333038050344817,0.2237284881371482,7,4
31,45,0.0944322107870841,0.0836836447271121,-0.01735591362421823,0.2237284881371482,7,4
32,47,0.15031282588116424,0.07030246211348691,-0.013333401592589372,0.26770242211002826,7,4
33,48,0.20098395739820465,0.057140385044041245,-0.0007067540632989677,0.3580551818435232,7,4
34,48,0.21427492935597484,0.0869181500583496,-0.015052755611092214,0.36304742055963335,7,4
35,43,0.2756843475433673,0.11348859726902177,-0.013333202766899043,0.5314943075637137,7,4
36,45,0.28046891531950735,0.14618820714251737,-0.013333381801134367,0.5314943075637139,7,4
37,47,0.3362693225442427,0.15160120236987754,-0.018181818947278654,0.5580815828837717,7,4
38,43,0.38461962719852366,0.1542590757442201,-0.018181809720715283,0.586187188357973,7,4
39,47,0.38821125186088706,0.179991087388659,-0.013333342862417876,0.586187188357973,7,4
40,45,0.3879921412453294,0.18831042079285326,-0.01333334281379069,0.598620221918079,7,4
41,42,0.4706984998683882,0.15728073598844194,-0.013333362398595843,0.7983839935990984,7,4
42,47,0.43133317800977555,0.20921589097548188,-0.008110045689015355,0.7983839935990986,7,4
43,46,0.44150810560903364,0.215115906420632,-0.01382147458086298,0.7605497300052297,7,4
44,44,0.440577488372845,0.22341611349014132,-0.014999986664013545,0.7605497300052297,7,4
45,45,0.5698076467896666,0.2197306118916126,-0.015000000190143813,0.8304549422385374,7,4
46,50,0.6225238207200853,0.22431989789684847,-0.015000002013471922,0.8304549422385374,7,4
47,44,0.6057260504741468,0.25305463972599873,-0.014999997757691069,0.9073710714708504,7,4
48,46,0.6241421965871219,0.2813486063684869,-0.01882353120898173,0.9399022283813007,7,4
49,47,0.6916918643652735,0.2237742404680461,0.05236300642351305,0.9220357014993315,7,4
50,44,0.6980774142554693,0.24059294110374782,-0.016666694877775817,0.9632182820618659,7,4
51,44,0.731655577356974,0.24522954071381586,-0.0034517275823064183,0.9675510829486937,7,4
52,42,0.771483760551154,0.24559212003608963,-0.016000075842845504,0.9632182820618659,7,4
53,46,0.7115015195663839,0.3133189611934133,-0.016666629899982327,0.971212956885436,7,4
54,46,0.7008288576416377,0.3283907271200001,-0.016666660367786787,1.0023013762685715,7,4
55,45,0.7630613318670689,0.29935875399927314,-0.01500005136457734,1.105877799730766,7,4
56,45,0.6826804172083564,0.3640903168105354,-0.018333336760563992,1.0846595037409723,7,4
57,47,0.7472600066514703,0.3111279005977275,-0.015999970943785125,1.0911485869578057,7,4
58,47,0.711503205574378,0.31283233302863356,-0.009999999999999724,1.0911485869578057,7,4
59,47,0.6532895150639763,0.3805424007900043,-0.01714285718946719,1.0993578693019515,7,4
60,45,0.6468540432679741,0.3843453960671799,-0.01714283873719215,1.103088148068141,7,4
61,43,0.824981085057751,0.30616948573176395,0.022604038820314712,1.1865373775702477,7,4
62,43,0.8022871859132704,0.3825636884219287,-0.014999959219398423,1.193490279972199,7,4
63,49,0.720827324068885,0.344072512572866,0.016438335749942464,1.2030551195196524,7,4
64,44,0.703620833944915,0.4083343663246556,-0.01666667345274283,1.209895944563006,7,4
65,46,0.7645825437077305,0.4228810850943214,-0.009999999999999724,1.2382136781400441,7,4
66,44,0.7908118991957761,0.4595492344392737,-0.009999999999999724,1.2624104187435288,7,4
67,47,0.9155873513537222,0.41560936604363286,-0.01714286333992689,1.2738430875615818,7,4
68,49,0.8764099639698201,0.4399201988582669,-0.019090907916003288,1.3103479114301049,7,4
69,45,0.874960586974533,0.44456359338206464,-0.01714286334100232,1.3433353965509716,7,4
70,46,0.8953660675514094,0.46122748275953446,-0.019259258485806244,1.3433353965509716,7,4
71,47,0.8406757412271343,0.5135618470558938,-0.01923077840033296,1.4241711581994407,7,4
72,44,0.9749443855021,0.46564782228168095,-0.019230780239229257,1.4268980710359163,7,4
73,48,0.8636149017677104,0.5554678711988134,-0.019230765091374977,1.4379620551315322,7,4
74,45,1.1847551101362268,0.367982331392662,-0.014999985390653725,1.43895841385232,7,4
75,45,0.991339008092021,0.5397489327780358,-0.019230767904777294,1.4458890956610946,7,4
76,46,1.123074498312252,0.4675542912541925,-0.019230769589992612,1.4458890956610946,7,4
77,44,0.9798828630408457,0.5559192575963341,-0.019230767904777298,1.4462476837934148,7,4
78,42,1.2348174903810119,0.3374860756255935,-0.009999999999999724,1.4530327554484581,7,4
79,42,1.1941448098128704,0.35220949293384174,0.093952395156597,1.455652501391045,7,4
80,45,1.0978841436813538,0.4218549669782818,-0.009999999999999724,1.455652501391045,7,4
81,42,1.0625811485316208,0.5205709358601555,-0.01923077740952124,1.455652501391045,7,4
82,44,1.0485659088498434,0.5696990217591548,-0.019230772758578502,1.455652501391045,7,4
83,46,1.0808982020555753,0.5072519991572301,-0.019230766318951195,1.4601952248512395,7,4
84,43,1.0102675343410636,0.5311874268060427,-0.019230766147601774,1.4601952248512395,7,4
85,49,1.0334642074335694,0.5277376497239745,-0.019090907814147334,1.4601959991783509,7,4
86,46,1.0301507683495534,0.546629711452835,-0.019230774994300925,1.4601959991783509,7,4
87,39,1.1109449500409923,0.5203694113441819,-0.019230775013543797,1.4617282257949633,7,4
88,45,1.1239625168226153,0.5053350197358166,-0.018571430486534597,1.4617282257949633,7,4
89,45,1.135241214975578,0.4258268633693574,-0.01923076580990865,1.4617282257949633,7,4
90,49,1.0896603324878213,0.48525160992438926,-0.019230775009379194,1.461971256135121,7,4
91,46,1.1610919248253717,0.41688848577802046,-0.009999999999999724,1.4632234563352384,7,4
92,49,1.254408403498459,0.3810232360946127,0.11089510920567838,1.4632234563352384,7,4
93,47,1.12728260669785,0.5164853251513079,-0.019230765746408734,1.5023551395561512,7,4
94,45,1.250240587138727,0.4103856822399271,-0.019259268658565868,1.5023551395561512,7,4
95,45,1.140605359027347,0.4675343648168065,-0.019259255301868672,1.5039702538580613,7,4
96,46,1.2816692151186986,0.37941765382063936,-0.013333337301066447,1.5039702538580613,7,4
97,47,1.1850865076062223,0.5415348655860397,-0.019259233968544363,1.5055899335553262,7,4
98,45,1.2419883030636851,0.4424816851334206,-0.019285716235126222,1.5055899335553262,7,4
99,44,1.247909116089937,0.43433978849861704,-0.019259264306191785,1.5062922498355995,7,4
100,49,1.2452818741288303,0.5010530699261763,-0.01925926306777374,1.5170655412499159,7,4
