gen,nevals,avg,stddev,min,max,run,representation
0,50,-0.009999999999999724,0.0,-0.009999999999999724,-0.009999999999999724,6,0
1,47,-0.010133332408300989,0.00065319273302911,-0.013333311671023194,-0.009999999999999724,6,0
2,47,-0.010466669984953101,0.0011566316633771449,-0.013333589929303375,-0.009999999999999724,6,0
3,46,-0.010133334058511684,0.000653200817383859,-0.013333365987345098,-0.009999999999999724,6,0
4,49,-0.010199990770188228,0.0007915862734601852,-0.01333330398152702,-0.009999999999999724,6,0
5,48,-0.01033333754366148,0.001000012631913778,-0.013333576451097019,-0.009999999999999724,6,0
6,42,-0.010133330933189468,0.0006531855065711687,-0.013333325453647613,-0.009999999999999724,6,0
7,44,-0.01026666805482483,0.0009043153719639338,-0.013333410782079181,-0.009999999999999724,6,0
8,49,-0.010066667037168344,0.000466669260180347,-0.013333351858430775,-0.009999999999999724,6,0
9,46,-0.0099999999999993,2.9777222599095813e-15,-0.009999999999999724,-0.009999999999978455,6,0
10,40,-0.010266673025216689,0.0009043322231010994,-0.013333578835151164,-0.009999999999978118,6,0
11,45,-0.009999999991206397,6.152926342710371e-11,-0.01000000000002572,-0.009999999560501559,6,0
12,45,-0.010266685613640344,0.0009043750657537252,-0.0133341580714103,-0.009999999560501559,6,0
13,47,-0.010066667178518002,0.0004666710786836908,-0.013333364729303576,-0.009999999558517157,6,0
14,41,-0.010200001530266683,0.0007916300081060415,-0.013333601530506615,-0.009999998828314309,6,0
15,46,-0.010199997575039128,0.0007916146860535235,-0.01333341392769249,-0.009999998828314309,6,0
16,44,-0.010066673035256575,0.0004667147805798334,-0.013333676499313848,-0.009999998826245002,6,0
17,47,-0.010399994708256954,0.0010831928751304713,-0.013333574970821462,-0.009999998817676426,6,0
18,48,-0.010200006543329055,0.0007916515457841812,-0.013333509787229084,-0.009999998811826838,6,0
19,48,-0.010266674159376245,0.0009043380219265347,-0.013333613613222554,-0.009999998811826838,6,0
20,43,-0.01013332980603111,0.0006531833642164267,-0.013333365743249235,-0.009999998808318325,6,0
21,43,-0.010333328222902142,0.000999986726217971,-0.013333428061473997,-0.009999998807545443,6,0
22,42,-0.010399626894453031,0.0010821995413885577,-0.01333352558572862,-0.009999998776234588,6,0
23,46,-0.010066589468741878,0.000466131733485325,-0.013329511603136822,-0.009999998776234588,6,0
24,46,-0.010399994385027214,0.0010831918163572898,-0.013333700053998618,-0.009999998776234588,6,0
25,47,-0.010266653820401433,0.0009042695463212119,-0.013333441287250048,-0.009999998776234588,6,0
26,49,-0.01019999686090662,0.0007916136096009854,-0.01333337616533935,-0.009999998757224555,6,0
27,44,-0.010333324172904692,0.0009999745573496415,-0.013333442000696973,-0.009999998757224555,6,0
28,44,-0.010333337854512148,0.0010000146582582591,-0.01333362129361531,-0.0099999987524552,6,0
29,47,-0.010200000514519051,0.0007916278624920384,-0.013333628197330808,-0.0099999987524552,6,0
30,46,-0.010200006663206371,0.000791651856777249,-0.013333493621353838,-0.0099999987524552,6,0
31,47,-0.010266667993225422,0.0009043176186843444,-0.01333355345285265,-0.0099999987524552,6,0
32,41,-0.010199997037717283,0.0007916142157225364,-0.013333390904295809,-0.009999998717464759,6,0
33,48,-0.010333347910197108,0.0010000458734635573,-0.013333964480079117,-0.009999998717464759,6,0
34,49,-0.010266665319722913,0.0009043088388374073,-0.013333639172019383,-0.009999998717464759,6,0
35,48,-0.010199994624910447,0.0007916045518110205,-0.01333337659615953,-0.009999998714027568,6,0
36,46,-0.010199993867291179,0.00079160094145531,-0.013333475839096581,-0.009999998266451697,6,0
37,47,-0.01006666647979685,0.0004666723769235488,-0.013333373118258265,-0.009999998266451697,6,0
38,45,-0.01026666227791543,0.0009042988248279654,-0.013333463124791316,-0.009999997765801778,6,0
39,45,-0.010466673317396945,0.0011566422364142003,-0.013333587234069582,-0.009999997337600177,6,0
40,43,-0.010133255488649693,0.0006528224079046941,-0.013333440159599851,-0.009999997337600177,6,0
41,48,-0.010133330952440692,0.0006531926653154655,-0.013333316238344875,-0.009999997170268506,6,0
42,46,-0.010199998799394771,0.0007916238661620229,-0.01333336453395618,-0.009999996274140732,6,0
43,43,-0.010133329276460679,0.0006531846146112189,-0.013333326453556421,-0.009999996274140732,6,0
44,47,-0.010400003035436369,0.001083219629393202,-0.013333457608104877,-0.00999999618696811,6,0
45,46,-0.010199997345339813,0.0007916214776484928,-0.013333489831822684,-0.009999996166721268,6,0
46,44,-0.010200003892468158,0.0007916487753624814,-0.013333668857273941,-0.009999993780074944,6,0
47,47,-0.010399995262766996,0.0010831999725876434,-0.013333537699853506,-0.009999993780074944,6,0
48,47,-0.010199998377115584,0.0007916305249076079,-0.013333437863315869,-0.009999993567588388,6,0
49,42,-0.010200004037246642,0.0007916538717900342,-0.013333492990527543,-0.009999993530970043,6,0
50,44,-0.010266669336758849,0.0009043332435817355,-0.013333592496976701,-0.009999993530663172,6,0
51,47,-0.010400001520933615,0.0010832209076051366,-0.013333479343715954,-0.009999992041758554,6,0
52,46,-0.010266663473323718,0.0009043111286168935,-0.0133335561516225,-0.009999992041758554,6,0
53,47,-0.010399995023939736,0.0010832025526820396,-0.01333365964796695,-0.009999991985025826,6,0
54,41,-0.010333315544811938,0.0009999616079572583,-0.013333475780425713,-0.009999991985025826,6,0
55,45,-0.010066664466295552,0.0004666868212907847,-0.013333472215233663,-0.009999991938293736,6,0
56,46,-0.010199834856993247,0.0007909868898546648,-0.013333564836279132,-0.009999991938293736,6,0
57,44,-0.010266671538107397,0.0009043394775787102,-0.013333571808454688,-0.009999991392796186,6,0
58,45,-0.009999994704502056,3.662462639575479e-09,-0.010000000592616163,-0.009999991392796186,6,0
59,46,-0.010466663450012742,0.0011566264875840248,-0.013333535724154397,-0.009999991386051937,6,0
60,46,-0.01013332727816458,0.0006531927705929979,-0.013333476554101885,-0.009999991386051937,6,0
61,44,-0.010400008721500533,0.0010832431764106203,-0.013333662995740885,-0.009999991392796186,6,0
62,44,-0.010399972169901423,0.0010831434663008278,-0.01333331999564445,-0.009999991392796186,6,0
63,48,-0.010266666574868749,0.0009043260742604054,-0.013333604067839303,-0.00999999137949072,6,0
64,45,-0.010266666295820341,0.0009043267583391987,-0.013333729983256205,-0.00999999133076755,6,0
65,48,-0.010333337251268946,0.0010000213212803827,-0.013333608842078112,-0.009999991325447603,6,0
66,49,-0.010476153583930945,0.001166340768898406,-0.013333461362812438,-0.009999991325447603,6,0
67,45,-0.010332095831833832,0.0009963254146904273,-0.013333203440986804,-0.009999991325447603,6,0
68,47,-0.010200004889626984,0.0007916583157087627,-0.01333363980368575,-0.009999991325447603,6,0
69,45,-0.010199964723752201,0.0007915009546390655,-0.013333321152298577,-0.009999991325447603,6,0
70,48,-0.010333337007224932,0.0010000218393738996,-0.013333647697637991,-0.009999991313170253,6,0
71,48,-0.010333171618310412,0.000999527002834967,-0.013333329922562854,-0.009999991296838382,6,0
72,45,-0.01020000027848081,0.0007916420250087282,-0.013333512562742436,-0.009999991296838382,6,0
73,44,-0.010199449201702094,0.0007916306773161852,-0.013333642320205749,-0.00997438128846554,6,0
74,48,-0.010265125083798931,0.0009047828246362271,-0.01333350273824611,-0.009974347572398939,6,0
75,46,-0.010394924592504613,0.0010850920477714376,-0.013333379048210537,-0.009974307856685702,6,0
76,48,-0.010320464980368234,0.0010019033261121403,-0.013333391299782517,-0.009972539425486473,6,0
77,48,-0.010250072287759777,0.000909300852285519,-0.013333604180573963,-0.009972539425486473,6,0
78,45,-0.010180616369843845,0.000796557123725174,-0.013333284580492545,-0.009972407402192057,6,0
79,47,-0.01018038409301081,0.0007949033295218037,-0.01333348938188464,-0.009959908033967483,6,0
80,45,-0.010582885687757932,0.001288619399691951,-0.013333431928851565,-0.009959908033967483,6,0
81,50,-0.01031484128192904,0.0010034727413141284,-0.013333444806940238,-0.009959908033967483,6,0
82,46,-0.010239123357848736,0.0009125602932130582,-0.01333358129672441,-0.00995934237520207,6,0
83,46,-0.010170271591333968,0.000799239998777745,-0.01333334229196413,-0.00995934237520207,6,0
84,47,-0.010172194204895537,0.0007984740120002931,-0.013333299214465336,-0.009958968979647901,6,0
85,47,-0.010106456308853564,0.0006587321906262357,-0.01333342030185182,-0.009958968979647901,6,0
86,44,-0.010172093828939976,0.0007988897107299279,-0.01333369369301104,-0.009958792156325351,6,0
87,48,-0.01043990411780782,0.001167079447858733,-0.013333648823965169,-0.009958792156325351,6,0
88,49,-0.010229162002016592,0.0008796440562484605,-0.013333205148727302,-0.009958792156325351,6,0
89,47,-0.010305156293770214,0.0010094710173923554,-0.013333386622790397,-0.009958752517902195,6,0
90,48,-0.010241109568309316,0.000912025148151881,-0.01333362346576337,-0.009958792156325351,6,0
91,42,-0.01037199587019106,0.0010936118234834654,-0.013333509314154508,-0.009958792156325351,6,0
92,47,-0.010243288760360103,0.0009112299647940581,-0.013333702797457866,-0.009954347657357929,6,0
93,45,-0.010171305317956821,0.0007991138879923419,-0.013334075356544099,-0.009954347657357929,6,0
94,46,-0.010238039570733526,0.0009128697839452444,-0.01333323836110237,-0.009954071062800093,6,0
95,48,-0.01037084047320372,0.0010940865233985823,-0.013333546760451526,-0.009954071062800093,6,0
96,46,-0.010169524745924686,0.0007995460059859983,-0.013333437441662923,-0.009954071062800093,6,0
97,46,-0.010436548907662834,0.0011689016857018206,-0.013333560196906532,-0.009954071062800093,6,0
98,47,-0.010235673496182058,0.000913606379102265,-0.013333428422341352,-0.009954071062800093,6,0
99,48,-0.01037122212354655,0.0010940111968256953,-0.013333669102790267,-0.009954071062800093,6,0
100,45,-0.010170929831900759,0.0007991824288691953,-0.013333237874173015,-0.009954071062800093,6,0
