gen,nevals,avg,stddev,min,max,run,representation
0,50,-0.009999999999999724,0.0,-0.009999999999999724,-0.009999999999999724,9,9
1,44,-0.011133328540304122,0.0015790225599073213,-0.013333355876822602,-0.009999999999999724,9,9
2,44,-0.01146666323461768,0.0016546192832581144,-0.01333376261180791,-0.009999999999999724,9,9
3,48,-0.011299993556992915,0.0016762979287558773,-0.015000014202512216,-0.009999999999999724,9,9
4,48,-0.011133330892504718,0.001579025837179504,-0.013333420189165739,-0.009999999999999724,9,9
5,43,-0.011466685905760365,0.0016546448592340084,-0.013333654907337664,-0.009999999999999724,9,9
6,44,-0.011633336544073445,0.0017156174312998136,-0.014999983712493645,-0.009999999999999724,9,9
7,44,-0.01084351389442341,0.0014846569034523277,-0.013333442017808783,-0.008842192285917656,9,9
8,48,-0.01142137568563505,0.001708861094782324,-0.01333376261180791,-0.008842192285917656,9,9
9,50,-0.00503127132128697,0.035032399133536445,-0.015999989275568918,0.18241958269641553,9,9
10,47,-0.003505838493044384,0.041870374199361966,-0.015999989275568918,0.21884933955490943,9,9
11,47,0.015954947810251155,0.07039575608908101,-0.01333376261180791,0.23445113132993511,9,9
12,42,0.0728111227874913,0.1019555263581325,-0.016000120148411262,0.23446948607976423,9,9
13,47,0.12035771256661457,0.11115355894950868,-0.01999999999999945,0.3643684335335911,9,9
14,46,0.14610197112510442,0.11918562008169324,-0.0166667376922011,0.515856477322355,9,9
15,42,0.1703943859886707,0.13294630107368555,-0.01999999999999945,0.515856477322355,9,9
16,43,0.20321522774895023,0.14178797080600467,-0.017499996558649294,0.516016364128706,9,9
17,47,0.22012647017017628,0.12618033364331155,-0.016000014422940426,0.515856477322355,9,9
18,47,0.256683520201197,0.15965437952640538,-0.01666668021163616,0.7022919423578969,9,9
19,45,0.2967804033075437,0.18067831257274153,-0.020000039391158148,0.7065960111063435,9,9
20,47,0.2999335953813991,0.1836330650716506,-0.017500000375898928,0.7065960111063435,9,9
21,48,0.3065327304193102,0.1844066343023158,-0.016666672356347043,0.7027999042846393,9,9
22,46,0.303443681715,0.21171679447777944,-0.017142739059332782,0.7065960111063435,9,9
23,47,0.3656368693986957,0.20687541251602665,-0.016666689187931648,0.7065387302127304,9,9
24,42,0.3257131666275974,0.22408224016042927,-0.017142857927344105,0.7260948068665519,9,9
25,44,0.2998602741554436,0.231711122190495,-0.016666661453890775,0.7301529964462609,9,9
26,47,0.31079049682759524,0.26727782578063747,-0.020000008464080045,0.8354937206416356,9,9
27,50,0.3442229752820154,0.21723245011592046,-0.016666687655182127,0.7065387302127304,9,9
28,44,0.3859886562668728,0.21873579545856675,-0.015000124295682779,0.7065387302127304,9,9
29,46,0.37934644583960386,0.24586011194181184,-0.020000008464080045,0.8269170658231937,9,9
30,47,0.3233076510782784,0.21928712207240375,-0.020000008464080045,0.8320992859523898,9,9
31,48,0.3214522837612307,0.21451223103843864,-0.016666687655182127,0.8320992859523898,9,9
32,48,0.36350543409122354,0.1902254146924726,0.09907628676630513,0.8269170658231937,9,9
33,47,0.3540911890473059,0.18619787938667434,0.0903781151001435,0.750308843469996,9,9
34,49,0.3213027476340413,0.22278750626403226,-0.017142797109770597,0.8312323964330304,9,9
35,43,0.3698575522911308,0.2358508404433964,-0.01750005641137951,0.8312323964330304,9,9
36,46,0.3376972965923354,0.2254244535614765,-0.020000008464080045,0.70628542558673,9,9
37,48,0.32195919383837657,0.1802820146674889,-0.017142832427281714,0.70628542558673,9,9
38,49,0.3989950420257566,0.21646606155116635,0.07807686650686266,0.7065387302127304,9,9
39,48,0.35776018211659993,0.2185848514560289,-0.016666687655182127,0.7415355745043413,9,9
40,46,0.3557795381214966,0.18904076597072925,-0.013333327678987218,0.706107192257667,9,9
41,49,0.3517597160806536,0.2244945208153682,-0.017500039556319177,0.7032076199831718,9,9
42,47,0.3049146026212089,0.22381175992661925,-0.017142841136525512,0.7065960111063435,9,9
43,45,0.3220843455692364,0.21026723242765388,-0.020000001778579145,0.706515024522051,9,9
44,44,0.38087132782544947,0.22734634018270525,-0.017499837006238937,0.7313040746175158,9,9
45,48,0.34098317495870945,0.22071291712901017,-0.019999997469505083,0.7065960111063435,9,9
46,45,0.3193729972586806,0.22233995122196734,-0.01999999999999945,0.706515024522051,9,9
47,46,0.3324528856741727,0.2375180889362819,-0.016666687655182127,0.706515024522051,9,9
48,49,0.2645548732389532,0.21838396559117562,-0.017142883306821524,0.6909303685049273,9,9
49,45,0.36074513925292284,0.20589894218870328,-0.01666670088867381,0.7230273951673519,9,9
50,46,0.2908839804269592,0.1987311946949101,-0.02000000947837213,0.730348373470397,9,9
51,45,0.3232019891492978,0.19437853337441924,-0.0175000075541672,0.7522008415346112,9,9
52,48,0.34158714745904456,0.19828981260443254,-0.02000005472386679,0.7578507165793521,9,9
53,47,0.33420585036249906,0.21138289429849716,-0.01750010516968463,0.7578507165793521,9,9
54,45,0.3573694400994757,0.18472703601203835,-0.016000098650252544,0.7522008415346112,9,9
55,48,0.36959233539756814,0.22678939173605722,-0.017142881151757196,0.7566037748009651,9,9
56,44,0.4039426017108746,0.21528988284277925,-0.015999944667159396,0.7549406741294097,9,9
57,49,0.32775574319335055,0.21742029234825508,-0.017499979699333187,0.834783560905274,9,9
58,47,0.38477754264795005,0.2266150847362343,-0.009999999999999724,0.8356186335826971,9,9
59,46,0.40943686668312185,0.23347703322771104,-0.019999985071479952,0.8889563582619083,9,9
60,44,0.44555638268835496,0.2626444373532507,-0.017142846558196614,0.8889563582619083,9,9
61,45,0.43024704604034525,0.2906001707994747,-0.01999996929197671,0.9063020672030104,9,9
62,48,0.4008068188916403,0.2795191310860004,-0.018181890954935408,0.9063020672030104,9,9
63,41,0.5032841509319342,0.24335425113383424,-0.015000019704884878,0.9063020672030104,9,9
64,47,0.4064040083034967,0.23014293292687685,-0.017499993937155126,0.9063020672030104,9,9
65,46,0.4225494789414656,0.23819004471167132,-0.01333333283630947,0.834783560905274,9,9
66,47,0.4489353873002627,0.25581381830384103,-0.015999944667159396,0.834783560905274,9,9
67,43,0.4244341000526352,0.2821946330121019,-0.01777776930561107,0.9036265603665257,9,9
68,47,0.4004860358339824,0.28250094202684917,-0.01777776930561107,0.9796080386625469,9,9
69,46,0.3581683672786351,0.26433777156995975,-0.01999996143976193,0.9796080386625469,9,9
70,46,0.405676213994414,0.2410033541455465,0.062193957605379595,0.9796080386625469,9,9
71,45,0.39687861607171376,0.27502746398678873,-0.017142900360220623,0.9796080386625469,9,9
72,49,0.4210703470119156,0.2541218085806348,-0.015000122784522788,0.887105431516269,9,9
73,40,0.4796377290543175,0.25111561198483057,-0.01599999308737867,0.887105431516269,9,9
74,46,0.4563509060724859,0.2427625268236719,-0.01749999951822633,0.887105431516269,9,9
75,44,0.4668776156974219,0.23932376036316486,-0.016666632720089364,0.887105431516269,9,9
76,45,0.4840227548811262,0.2353295367640833,-0.017142903177372132,0.8909760633632106,9,9
77,46,0.46809332330183273,0.22631490268773083,0.15161098390952313,0.8909760633632106,9,9
78,44,0.5308069032026779,0.22149744154978968,-0.013333442017808783,0.887105431516269,9,9
79,45,0.5212724689870094,0.24957029555332888,0.0664822794078883,0.887105431516269,9,9
80,48,0.4396199906809568,0.25224651145455534,-0.013333420189165739,0.8679271664157981,9,9
81,46,0.4733553708129791,0.2507371491218018,-0.016000012794622917,0.8465729159627051,9,9
82,47,0.43838524791815053,0.2117069245869117,0.06563203259276668,0.8824733749146617,9,9
83,44,0.4632863592296704,0.2234576927713529,-0.009999999999999724,0.8467568792192047,9,9
84,45,0.4889727903393648,0.24326877977357222,0.1568623057466749,1.0215094744195212,9,9
85,48,0.5380778626098972,0.24503425649107988,-0.017142911839755106,0.9396715677252505,9,9
86,45,0.5336383535835354,0.2298283839115542,0.14508257514726927,0.9040269101165382,9,9
87,44,0.5062563652143148,0.2310903372552031,0.13408423971979888,0.9040269101165382,9,9
88,45,0.5167052507076201,0.2215834917012085,0.19482100940052927,0.8992432899736966,9,9
89,45,0.4985850710214407,0.2592518653514318,-0.01333333283630947,0.8992432899736966,9,9
90,46,0.5645583880995139,0.23108340577725586,0.10937959544861621,0.8998860754821068,9,9
91,47,0.5764346174033502,0.22050844944898335,0.0647329010688233,0.9103039853892427,9,9
92,48,0.5339872955233439,0.2341796542632978,0.11840063065409948,0.9065184526331748,9,9
93,47,0.5642756304688789,0.21752024225189767,0.15662767924912557,0.8544362743804477,9,9
94,48,0.5927719517874115,0.21810962246362314,0.1683013701203455,0.9118529099516549,9,9
95,39,0.6075165482408655,0.25572666149125045,0.1319867437889063,0.9127373126894676,9,9
96,47,0.5831852909294972,0.2681281666329776,0.07545847337101004,0.9125676254373822,9,9
97,47,0.5051312086605529,0.31009316953958305,-0.014999999554456042,0.9805574430488777,9,9
98,45,0.543544626990593,0.2683129912754265,-0.018000017756244418,0.9805574430488777,9,9
99,47,0.5885211471523032,0.23860579033763904,0.11122325185777772,0.9590239835587523,9,9
100,48,0.45954647413302024,0.2622795358010387,-0.019999985811052074,0.9125676254373822,9,9
