gen,nevals,avg,stddev,min,max,run,representation
0,50,-0.009999999999999724,0.0,-0.009999999999999724,-0.009999999999999724,3,0
1,47,-0.010333320304431499,0.0009999609137136469,-0.01333333081785964,-0.009999999999999724,3,0
2,44,-0.010333332382088034,0.0009999971469023807,-0.013333445179216977,-0.009999999999999724,3,0
3,48,-0.010066665872738953,0.00046666110917460447,-0.013333293636961185,-0.009999999999999724,3,0
4,43,-0.010266660706244704,0.0009042904518219665,-0.013333335892602756,-0.009999999999999724,3,0
5,47,-0.01020000211440402,0.0007916311749958172,-0.01333345111081202,-0.009999999999999724,3,0
6,49,-0.010333319042743823,0.000999957128844427,-0.013333389330689064,-0.009999999999999605,3,0
7,45,-0.010399996104071744,0.0010831945707684939,-0.013333368692821548,-0.009999999999999605,3,0
8,49,-0.010133326619204271,0.0006531643730926665,-0.013333318523397872,-0.00999999999987838,3,0
9,47,-0.010399937015076553,0.0010832319189874073,-0.013333563154197736,-0.009996794763196907,3,0
10,48,-0.010264680144559285,0.0008987567745601773,-0.013333137610618048,-0.009996786748957312,3,0
11,48,-0.010132396472487674,0.0006533900673455694,-0.0133333963986262,-0.009996571115956086,3,0
12,43,-0.010239071546552405,0.0008331146911390773,-0.013333540705564913,-0.009996555317481486,3,0
13,45,-0.010198081612257404,0.0007921551004959169,-0.01333365602297414,-0.009996567623864982,3,0
14,47,-0.01019774274813623,0.0007918336733505004,-0.013333533675389026,-0.009996336092993949,3,0
15,47,-0.010197608052576858,0.0007922362035304564,-0.013333444856818581,-0.009996335997125917,3,0
16,46,-0.01013125483833366,0.0006536654938515514,-0.013333756309100935,-0.009996333597856632,3,0
17,46,-0.010197689880795183,0.0007922533492164077,-0.013333721740075665,-0.009996333517017675,3,0
18,45,-0.010264386006464572,0.0009049708257912818,-0.013333467894603422,-0.009996333517017675,3,0
19,47,-0.010330924269998022,0.0010008591166537904,-0.01333362132806025,-0.009996333122143248,3,0
20,46,-0.010130987802844198,0.0006537203024434614,-0.013333553424121123,-0.009996333122143248,3,0
21,46,-0.010130634309811728,0.0006537397686378184,-0.013333321174092572,-0.009996333122143248,3,0
22,47,-0.010130740957482953,0.0006536915376967295,-0.013333161745755143,-0.009996145420491088,3,0
23,42,-0.010064133185066694,0.00046703644528526053,-0.013333369153090788,-0.009996145420491088,3,0
24,44,-0.01026468035699377,0.0009049281256024501,-0.013333552779687426,-0.009996145420491088,3,0
25,47,-0.010064323219071332,0.00046701580047624924,-0.013333412215470705,-0.009995372944782898,3,0
26,48,-0.010130799758417519,0.0006537568466467713,-0.013333661725898949,-0.009995372944782898,3,0
27,45,-0.010196901985012741,0.0007904616294424709,-0.013333379443876456,-0.009995372900261878,3,0
28,48,-0.010112640340368038,0.000573388796921854,-0.013333500340028906,-0.009995372900261878,3,0
29,44,-0.010397540118439883,0.0010841216466035708,-0.01333356494255939,-0.00999537288542154,3,0
30,45,-0.010263881124673009,0.0009051219864870532,-0.01333354686946777,-0.009995371600509942,3,0
31,46,-0.010196385270336991,0.0007925726409313256,-0.013333549461455133,-0.009995371600509942,3,0
32,47,-0.01026390731411716,0.0009048269137465481,-0.013333446560834324,-0.009995363058220018,3,0
33,48,-0.010197045168025014,0.0007923893090656471,-0.013333628624466928,-0.009995363058220018,3,0
34,44,-0.01033011271575257,0.0010010907367962315,-0.013333584335623374,-0.009995363058220018,3,0
35,47,-0.010463674849419602,0.0011578791279630116,-0.013333639759716357,-0.009995363058220018,3,0
36,47,-0.010263028276583106,0.000905446477470682,-0.01333360382862642,-0.009995303106057427,3,0
37,43,-0.010263450115368633,0.0009050586837299371,-0.013333323769680078,-0.009995303106057427,3,0
38,49,-0.010263850617781527,0.0009051749809835481,-0.013333623562492966,-0.009995303106057427,3,0
39,44,-0.010330668327455687,0.0010008535822622288,-0.013333598942858418,-0.009995303106057427,3,0
40,47,-0.010129923757245099,0.0006539194497272627,-0.013333454539830645,-0.009995303106057427,3,0
41,48,-0.010263771394451521,0.0009051603438524058,-0.013333531646836832,-0.009995296118369105,3,0
42,49,-0.010196799648856315,0.0007923809947973019,-0.013333179939892569,-0.0099949671240986,3,0
43,46,-0.010463870769994254,0.0011577719078709062,-0.013333570218439663,-0.0099949671240986,3,0
44,46,-0.010196678822190108,0.0007924539950465245,-0.013333511514971355,-0.009995294838191615,3,0
45,46,-0.010196146851633265,0.0007922807483434364,-0.013333519687496085,-0.009968636058861034,3,0
46,48,-0.010262290466344666,0.0009056805945058826,-0.013333627328537037,-0.009968636058861034,3,0
47,41,-0.010257419042592121,0.0009071363528371394,-0.013333809028110542,-0.009968631215429185,3,0
48,44,-0.010381725150986724,0.0010899731735065454,-0.013333628831670202,-0.009968631215429185,3,0
49,47,-0.010176846499041674,0.0007975665430123268,-0.013333494655380758,-0.009968607148746006,3,0
50,46,-0.010109437862075141,0.0006581504442596187,-0.013333426722011543,-0.009968586789611671,3,0
51,46,-0.010178822567569414,0.0007970938938273581,-0.0133335035692741,-0.009968586789611671,3,0
52,42,-0.010111911186562808,0.0006576934934684404,-0.01333344434938334,-0.009968560083668402,3,0
53,47,-0.01071765271542033,0.001388378176769505,-0.013333633989780169,-0.009968560083668402,3,0
54,47,-0.010046423100901704,0.000469844440384146,-0.013333793556020459,-0.009968555371899591,3,0
55,50,-0.010246022355441569,0.0009104933982830881,-0.01333360689476417,-0.009968555371899591,3,0
56,47,-0.01065177523343216,0.0013407759918361735,-0.013333632622837786,-0.009968560083668402,3,0
57,45,-0.010113548708946946,0.0006573116736369574,-0.013332944103144138,-0.009968560083668402,3,0
58,44,-0.010109998963422719,0.0006580563842781706,-0.013333517876257849,-0.009968560083668402,3,0
59,49,-0.010243309428350899,0.0009112087957707048,-0.013333576133133832,-0.009968550246138316,3,0
60,46,-0.01011069325993778,0.0006579136700994451,-0.013333358319771284,-0.009968547582909784,3,0
61,45,-0.010110238076887186,0.000658069434576222,-0.01333358531410429,-0.009963708020025858,3,0
62,45,-0.010244999681736294,0.0009107841713807985,-0.01333346674383304,-0.009963708020025858,3,0
63,48,-0.01017827642150312,0.0007951432293774441,-0.01333315693529773,-0.009963708020025858,3,0
64,47,-0.010106616917739054,0.0006576703807590523,-0.013333136408106194,-0.009963704391354276,3,0
65,46,-0.01044222203921421,0.0011659830726453615,-0.013333455416648038,-0.009963704391354276,3,0
66,48,-0.01017386860191434,0.0007983076252712275,-0.01333332626757595,-0.009963704391354276,3,0
67,46,-0.010240079078975797,0.0009122088108847418,-0.013333343620006786,-0.009963704391354276,3,0
68,47,-0.010243989835205474,0.000911075526061206,-0.013333295786641537,-0.009963704391354276,3,0
69,48,-0.010443347866345369,0.001166055505932002,-0.013333568002860728,-0.009963666223131322,3,0
70,49,-0.01038070403513784,0.001090238459572018,-0.01333336283555405,-0.009963666223131322,3,0
71,47,-0.010309100134663619,0.0010081423302026882,-0.013333444167304854,-0.009963666223131322,3,0
72,48,-0.010108307267784788,0.0006581253640030035,-0.013332247415309752,-0.009963666223131322,3,0
73,48,-0.01024244072872858,0.0009115576905042617,-0.013333388569189844,-0.009963666223131322,3,0
74,49,-0.0101772977334072,0.0007974429451669024,-0.013333216143071229,-0.009963666223131322,3,0
75,46,-0.010108076451911512,0.0006584974371282378,-0.013333330540777975,-0.009963666223131322,3,0
76,47,-0.010243514041201511,0.0009110828240899221,-0.013333258958367242,-0.009963666223131322,3,0
77,45,-0.010109794270374912,0.00065818332157802,-0.013333401961616266,-0.009963666223131322,3,0
78,49,-0.010376811547581638,0.0010918337119887656,-0.013333653399534566,-0.009963666223131322,3,0
79,48,-0.01024683527781703,0.000910301131173879,-0.013333567210838854,-0.009959819034549268,3,0
80,44,-0.010307914014521507,0.0010084914567547551,-0.013333408589970947,-0.00995273071818915,3,0
81,47,-0.010176569568930472,0.0007976992295631308,-0.01333327951457307,-0.00995273071818915,3,0
82,49,-0.010169373007050075,0.0007995272699110451,-0.013333477754595402,-0.009952660368325298,3,0
83,45,-0.010372582879356263,0.0010934917846194517,-0.013333683023826036,-0.009952686361394524,3,0
84,45,-0.010098348560527022,0.0006605714123593318,-0.013333408041541235,-0.00995269564788597,3,0
85,47,-0.010147551315593736,0.0008200508696016389,-0.013333533886051394,-0.00885509040263536,3,0
86,49,-0.010034551163510076,0.0007209197538239401,-0.013333581288181233,-0.008854221206043074,3,0
87,45,-0.010068449421804387,0.0020103552448707727,-0.01333355307918492,0.0007403320567987285,3,0
88,45,-0.009182302799110968,0.0029153887553023078,-0.013333426189604845,0.0007403320567987285,3,0
89,45,-0.004030145443134333,0.02236954275486338,-0.016181441701530845,0.14395372695487815,3,0
90,45,0.014831349968671999,0.04355703549521296,-0.01613779695248401,0.14395372695487815,3,0
91,47,0.061834458693081,0.07324387258867812,-0.01999999999999945,0.29791877857983307,3,0
92,45,0.13323897022761633,0.05928854896335324,0.008421564708896543,0.29791877857983307,3,0
93,46,0.18104191196412323,0.06437598930601997,-0.013333332452548365,0.307478844287048,3,0
94,50,0.2357774346404164,0.09019103306800519,-0.01333333793698496,0.5321037073701147,3,0
95,46,0.2735791456552855,0.1229341361121089,-0.0048122742638039015,0.5321037073701147,3,0
96,44,0.3515634727312733,0.16699114992631997,-0.016662140899904285,0.5417292938777165,3,0
97,48,0.4267127843736247,0.13502801646077595,-0.016662140899904285,0.5417292938777165,3,0
98,48,0.5015088945470881,0.0839146555139698,0.19306828325343614,0.5689588064209837,3,0
99,48,0.49542654330418406,0.1068931980700257,0.07576890349941999,0.5689588064209837,3,0
100,42,0.5107123114487195,0.10712899658309377,0.027988114816140983,0.5689663544276293,3,0
