gen,nevals,avg,stddev,min,max,run,representation
0,50,-0.009999999999999724,0.0,-0.009999999999999724,-0.009999999999999724,7,9
1,45,-0.01086666102889322,0.0014621046355922872,-0.013333355876822602,-0.009999999999999724,7,9
2,44,-0.011266672050050282,0.0016179616906761309,-0.013333654907337664,-0.009999999999999724,7,9
3,44,-0.011766695443933413,0.0017130461518378116,-0.014999887368140872,-0.009999999999999724,7,9
4,48,-0.01140001533873086,0.0017435765025080137,-0.01500000357320637,-0.009999999999999724,7,9
5,44,-0.011366688832713873,0.0016895371313005276,-0.015000061211986535,-0.009999999999999724,7,9
6,46,-0.011333337490898652,0.0016329982546813959,-0.013333654907337664,-0.009999999999999724,7,9
7,46,-0.01099999758720059,0.0015275215463060878,-0.013333442017808783,-0.009999999999999724,7,9
8,47,-0.011733360352928511,0.0017625981283536552,-0.014999998038246158,-0.009999999999999724,7,9
9,48,-0.011233336457989225,0.0016603248684184167,-0.014999983068065421,-0.009999999999999724,7,9
10,48,-0.011299987843572895,0.0016762907108169326,-0.014999999720483447,-0.009999999999999724,7,9
11,40,-0.010800003654772435,0.0014236169385982184,-0.013333709658771781,-0.009999999999999724,7,9
12,48,-0.011833341667184053,0.0017078325185576192,-0.01500000357320637,-0.009999999999999724,7,9
13,45,-0.011833359983190399,0.0017078485319802297,-0.014999999720483447,-0.009999999999999724,7,9
14,46,-0.008479240527831233,0.02237679689719169,-0.014999999723218436,0.1477058148942605,7,9
15,44,-0.011199997651133282,0.0017009774440084299,-0.01500001456451058,-0.009999999999999724,7,9
16,49,-0.011433335280925192,0.0017000023010813048,-0.015000006261916497,-0.009999999999999724,7,9
17,46,-0.011366679414474992,0.0016895248024863768,-0.014999991975379809,-0.009999999999999724,7,9
18,42,-0.011133972762844828,0.0018670611385018779,-0.014999991975379809,-0.005030742489105187,7,9
19,44,-0.011034677083148614,0.0019080941946244487,-0.013333654907337664,-0.005030742489105187,7,9
20,46,-0.0024282509987958324,0.04502707201044161,-0.01600010305670294,0.2183692722588085,7,9
21,47,0.03448267995394701,0.08969862852785569,-0.015999992480935817,0.23506453720902695,7,9
22,46,0.09571033379889418,0.12043344835920165,-0.016000019029147827,0.3565165905973955,7,9
23,48,0.12525478668579643,0.10992381057840578,-0.01600010305670294,0.3541455183467753,7,9
24,46,0.14669754569533178,0.11632679158746632,-0.019999971094941015,0.43744627339678566,7,9
25,47,0.2288153065532995,0.14184813217774334,-0.016666724827833365,0.6895328270059418,7,9
26,49,0.23462890368759048,0.13262464106825114,-0.01999999999999945,0.5832250096568227,7,9
27,47,0.26231706252124243,0.11838915576117823,-0.01666664961657554,0.5950545841574697,7,9
28,47,0.28676297057732947,0.14342473789914803,-0.01666668339381123,0.5983064335845791,7,9
29,45,0.2923457457892675,0.1808186035236286,-0.020000001085488946,0.603657825423283,7,9
30,46,0.3115534142219756,0.1560242584250438,-0.01750003788996828,0.603657825423283,7,9
31,45,0.34717216125721473,0.17536394035251798,-0.017499940567163547,0.603657825423283,7,9
32,44,0.2856666862954811,0.18570859274014773,-0.017500018218551273,0.603657825423283,7,9
33,46,0.29670347179568785,0.18661441993164443,-0.017142884728284995,0.5994615492599253,7,9
34,48,0.3542386117068941,0.17445134649720917,-0.016666788938216468,0.6529949529585676,7,9
35,46,0.31383357658934635,0.19103737333894516,-0.01666667392770638,0.6893697139138004,7,9
36,45,0.32422229831290944,0.16781872707130036,-0.016666622034850784,0.6895328270059418,7,9
37,46,0.35266403938732793,0.20717168021992044,-0.015000076694819137,0.813363989682939,7,9
38,48,0.31620540806561964,0.2285913996023495,-0.02000001113158232,0.8992146167661377,7,9
39,45,0.3836280441271361,0.26072803445760595,-0.01666663321600113,0.8992146167661377,7,9
40,47,0.4014501595766694,0.23109455068325427,-0.01749996118324444,0.9831102676223964,7,9
41,44,0.4053884045219502,0.2411510825692018,-0.01999999999999945,0.9830518344057145,7,9
42,44,0.42607944692175354,0.24716774124100538,-0.015999931416166187,0.9830518344057145,7,9
43,48,0.48322915511101067,0.23136090398823808,0.09882014792919268,0.9830518344057145,7,9
44,46,0.45864593925885266,0.2274896204144732,0.06496848808970411,0.9015654537547049,7,9
45,47,0.45921299827835954,0.213634182166411,-0.016000001016447375,0.8344801618720985,7,9
46,49,0.4696359371300012,0.23385902566489727,-0.015000178200489619,0.8376111384427353,7,9
47,45,0.44271494967394937,0.23987706582629734,-0.017142848538968598,0.9040936604976699,7,9
48,46,0.4139090890795207,0.27719437351988735,0.06632274215814576,0.9040936604976699,7,9
49,41,0.47956886805160404,0.28777046227113634,-0.017499989819230184,0.9040936604976699,7,9
50,46,0.49541873236448913,0.32035908016518844,-0.017777756009126865,0.9203722401019436,7,9
51,45,0.4060669184716168,0.2843656059203141,-0.016000050175289906,0.9203722401019436,7,9
52,45,0.5066521372167746,0.2646195359133557,-0.016000223064863754,0.9040936604976699,7,9
53,46,0.4453714425453312,0.2642188925185164,-0.016000127047737647,0.9685471603087188,7,9
54,43,0.4464386365651729,0.2430180410325125,-0.0177777533336351,0.9685471603087188,7,9
55,46,0.3821137441220736,0.22853309683877,-0.009999999999999724,0.7301133464135335,7,9
56,44,0.4165654401060578,0.22344352436814235,-0.009999999999999724,0.827160838372672,7,9
57,47,0.4426997706482665,0.23012986396228471,-0.017142872486381574,0.838977641048073,7,9
58,47,0.4399065395828174,0.21851440040923875,0.07494862707690131,0.7808706429135105,7,9
59,49,0.4397710205647728,0.23608240602426178,-0.022857143016491874,0.8990690545354657,7,9
60,46,0.4133728836381521,0.22761520000736857,-0.017142865199103626,0.8508215392315102,7,9
61,46,0.48941302373546547,0.22460430697781109,0.09558099398825216,0.9040936604976699,7,9
62,43,0.3880998480319036,0.2442386652388717,-0.016666666098008237,0.8436617040116391,7,9
63,47,0.42015444410519687,0.24005810314503778,0.08916638384911763,0.8638449477746466,7,9
64,47,0.428129843253214,0.23423782383619127,-0.009999999999999724,0.7812804545302127,7,9
65,45,0.4288090910083931,0.21052192961223856,0.10403636592750579,0.8502912011029256,7,9
66,47,0.43169791534192475,0.22163667322315403,-0.016000003633575965,0.9027771330939458,7,9
67,46,0.4947233756138043,0.2454501842967201,-0.01598923383635953,0.9349053218404199,7,9
68,46,0.44233006679359926,0.22470559059816578,0.09730903748272252,0.9135508525789581,7,9
69,49,0.42001495375220343,0.2418329133059414,-0.017142835209547687,0.7896790882285522,7,9
70,44,0.48070134132218334,0.2605206919914498,-0.016666637091630646,0.8774906429725267,7,9
71,45,0.5213198659876721,0.2427537337929674,0.08510845714488458,0.8774906429725267,7,9
72,45,0.4677974727062499,0.251676829409129,-0.013333398333863284,0.8774906429725267,7,9
73,45,0.41821421761710936,0.24111971227264783,0.08730142285681705,0.8610108024925092,7,9
74,50,0.4314578586296976,0.2412005975793801,-0.01666662223651175,0.8605923097811147,7,9
75,47,0.481149128696764,0.22713879135680293,-0.017142872071387205,0.862386982474908,7,9
76,50,0.4742226237290222,0.23248987920132022,0.10445528447255606,0.8838802285698525,7,9
77,48,0.48743669602262074,0.24156049606188668,-0.01750001473828937,0.862386982474908,7,9
78,46,0.5109845654378158,0.20740284871964076,0.09312326252606094,0.8774906429725267,7,9
79,47,0.48470003970978537,0.2247322435475083,0.12490988798022527,0.9945751356375487,7,9
80,49,0.42873939641793885,0.20647918198220672,0.10051793898911528,0.9943767949785055,7,9
81,48,0.40709656277648926,0.23652288111972525,-0.016000094418311423,1.018965195424744,7,9
82,48,0.43918754056077475,0.24765035915389824,-0.013333398333863284,1.016357236615885,7,9
83,49,0.34837900841836017,0.21322875918967374,-0.02000000063591243,0.8859925358587459,7,9
84,47,0.32032280374960914,0.2171592852335808,-0.016666677236182512,0.8662205138682592,7,9
85,46,0.37464252063876147,0.21430788897253153,-0.016000033694528945,0.8643202142665508,7,9
86,49,0.36197265599143585,0.1890237168097539,-0.016666680011400342,0.7443918551081804,7,9
87,46,0.41843084852246504,0.18425010978028394,0.07505263171449465,0.7618628038870996,7,9
88,46,0.3714075866639077,0.2186631711865495,-0.017142862143592164,0.875024831131905,7,9
89,47,0.3610771983483682,0.19061184956961316,-0.017142906337378524,0.875024831131905,7,9
90,47,0.3899717979243744,0.19950145118317156,-0.016666666565537763,0.8764105099769318,7,9
91,46,0.4090530670819518,0.2051283170991386,-0.013333326495783001,0.8792495651087993,7,9
92,47,0.40102097752100463,0.19095284584703542,-0.013333316754764618,0.7704021259662183,7,9
93,45,0.4504181080988743,0.1807693481682956,-0.01666668894966258,0.7851747400559071,7,9
94,48,0.471665699420438,0.16933042297397927,-0.013333347231316645,0.7454402831360892,7,9
95,47,0.4251423099058171,0.18222723409897046,0.12133838585223673,0.8046898000145072,7,9
96,47,0.4480466510386997,0.2141427901710939,-0.013333347231316645,0.810930253947546,7,9
97,44,0.5066563463709252,0.22804558935310817,-0.01666638775189025,0.8705430011440388,7,9
98,47,0.5050815947557102,0.2573406176271051,-0.015999993520475375,0.828518700268657,7,9
99,47,0.44796352070418344,0.21692554429113445,0.11222709786307335,0.8580766216331766,7,9
100,45,0.44408800445286595,0.24863292410727617,0.12189258153239375,0.8580766216331766,7,9
