gen,nevals,avg,stddev,min,max,run,representation
0,50,-0.009999999999999724,0.0,-0.009999999999999724,-0.009999999999999724,4,1
1,45,-0.010466666666443008,0.0011566234376395197,-0.013333333331737479,-0.009999999999999724,4,1
2,48,-0.010600000128909744,0.0012806251226289353,-0.013333335485024562,-0.009999999999999724,4,1
3,47,-0.010933334156220163,0.0014966642742706075,-0.013333363371864906,-0.009999999999999724,4,1
4,46,-0.01073333364997847,0.0013808216080387033,-0.013333347093146184,-0.009999999999999724,4,1
5,47,-0.010466666666492734,0.001156623437762766,-0.013333333335673245,-0.009999999999999724,4,1
6,45,-0.010800000081290194,0.0014236105782711114,-0.013333360237067103,-0.009999999999999724,4,1
7,48,-0.010466666665224247,0.0011566234346188473,-0.013333333335673245,-0.009999999999999724,4,1
8,45,-0.010600000449503157,0.0012806258068975842,-0.013333351581018517,-0.009999999999999724,4,1
9,45,-0.01019999257338135,0.0007915934114921713,-0.01333333342621272,-0.009999999999999724,4,1
10,48,-0.01053333116051546,0.0012220152073530628,-0.013333476442900064,-0.009999999999999724,4,1
11,43,-0.010666668510854545,0.0013333370218785853,-0.013333474988984718,-0.009999999999999724,4,1
12,46,-0.011000002862123603,0.0015275296036333043,-0.013333363371864906,-0.009999999999999724,4,1
13,46,-0.010666668898763967,0.0013333377976730632,-0.013333474988984718,-0.009999999999999724,4,1
14,45,-0.010266669616410505,0.0009043206676478155,-0.013333474988984718,-0.009999999999999724,4,1
15,48,-0.010666673288015762,0.0013333465763240152,-0.01333349077889723,-0.009999999999999724,4,1
16,48,-0.010333336888525644,0.0010000106657786444,-0.013333495007228578,-0.009999999999999724,4,1
17,44,-0.010907223727046117,0.0014656399168746675,-0.01333375050121451,-0.009999999999999724,4,1
18,46,-0.010656735028361676,0.0013151581757302043,-0.013333359696323606,-0.009999999999999724,4,1
19,44,-0.010666684860944107,0.001333369727034468,-0.013334209386864962,-0.009999999999999724,4,1
20,49,-0.010625342706675303,0.0012810353761014259,-0.013333353870932606,-0.009999999999999724,4,1
21,47,-0.010686563705999302,0.0013099569428010236,-0.013333543878619193,-0.009999999999999724,4,1
22,45,-0.010640658511811315,0.0012931410456633672,-0.013333353870932606,-0.009999999999999724,4,1
23,44,-0.010574779906359277,0.0012382613451091388,-0.013333625446206475,-0.009999999999999724,4,1
24,45,-0.01053333305274891,0.0012220195424237428,-0.01333333342621272,-0.009999999999999724,4,1
25,48,-0.01130731791524314,0.00161112391365816,-0.013333348710330248,-0.009999999999999724,4,1
26,47,-0.01070325946352047,0.001347121428372985,-0.013333348710330248,-0.009757139750855511,4,1
27,48,-0.010707359342383524,0.0013606325395742287,-0.013333636734605659,-0.009756829237201812,4,1
28,47,-0.011310044599375513,0.0016220944189818348,-0.013333644315478012,-0.009756304103026105,4,1
29,46,-0.010421753859478307,0.0011820058128465026,-0.013333379607327975,-0.009214573565600867,4,1
30,45,-0.010809118011435095,0.0015984442384357049,-0.015000014127966978,-0.009214573565600867,4,1
31,46,-0.01043072392149217,0.0023775860481075194,-0.013333391312487322,0.0027090187202632263,4,1
32,48,-0.007187363305920611,0.01544033574630977,-0.014999941225322746,0.06721411361753878,4,1
33,44,0.00844417734476489,0.03722158373349924,-0.016000277818445336,0.13527059228321625,4,1
34,46,0.050770307172776905,0.06903929646921998,-0.016666776678750474,0.3742444905858161,4,1
35,45,0.10397706215929946,0.10137029953486243,-0.016000001508544963,0.3742444905858161,4,1
36,47,0.13579761837382837,0.10399687028798672,-0.016666665923506546,0.3846537479317838,4,1
37,47,0.2097348854133779,0.1482300503810661,-0.017499997412571626,0.582845646797896,4,1
38,45,0.2998375969343891,0.150260229370442,-0.017142857677621835,0.5828481013198917,4,1
39,47,0.3229995240248663,0.1987188743173392,-0.01714285579491166,0.7003608906613864,4,1
40,46,0.36020206419366013,0.21913417280856196,-0.01714286413458763,0.7003608906613864,4,1
41,44,0.3686542934441418,0.20172582161191047,-0.017142857052911974,0.7178712001185905,4,1
42,47,0.44529859033352365,0.23195062799421595,-0.01750000158097322,0.8109830093210414,4,1
43,42,0.39832589193421064,0.26988306721913846,-0.01749999978931927,0.8109830093210414,4,1
44,45,0.43345311060414005,0.27368599451556486,-0.01749999986995984,0.8109830093210423,4,1
45,45,0.47270810263312396,0.2516115115068315,-0.017500000380127136,0.8409397647470731,4,1
46,47,0.42231209590965557,0.2699862161493657,-0.017142856710692295,0.8409394238734023,4,1
47,45,0.4219901834253478,0.27006141428025765,-0.017142857384044877,0.8302408859591355,4,1
48,46,0.5067975754346976,0.2917380117573779,-0.017142857515993377,0.8302408859591355,4,1
49,43,0.4919033814188349,0.27638890960204504,-0.01714285795857034,0.8302408859591355,4,1
50,49,0.5412056195494078,0.28885263496191205,-0.01714285819688698,0.950344678297034,4,1
51,43,0.5775514476922242,0.2825896080250326,-0.01714285697128727,0.967542171753231,4,1
52,46,0.5957132831463073,0.3128249155664614,-0.017499999882518623,0.9913289209205554,4,1
53,45,0.606124466133719,0.3360821028457,-0.012637680287175527,0.9917723593762339,4,1
54,48,0.5853868049871649,0.3516113888273793,-0.016666666650092612,1.0916150734382668,4,1
55,44,0.5147172125292636,0.3816908053209147,-0.017499999883215333,1.016794245696015,4,1
56,46,0.6241171206889001,0.3483311251732031,-0.016666652323331817,1.1612138504897784,4,1
57,45,0.675788684213104,0.3706970681428744,-0.017142856124491648,1.1612138504897784,4,1
58,46,0.6502145851420933,0.3517192648950278,-0.01666666643027218,1.029271130240814,4,1
59,46,0.6692254615074755,0.37595201488263874,-0.01714285249128553,1.029271130240814,4,1
60,49,0.607028021283402,0.3724856780050161,-0.017142859174482186,1.0302714696224096,4,1
61,46,0.7219984764333763,0.34924665978914987,0.06698583038687651,1.1058451177903599,4,1
62,46,0.7044286551569524,0.363506496394771,0.06588324360736739,1.1058451177903599,4,1
63,49,0.6577829550250535,0.3941638083993125,-0.017142859461877522,1.125348441776385,4,1
64,48,0.6900291171348829,0.4124787310423483,-0.01666666623451287,1.3127154745698237,4,1
65,45,0.6912917197351496,0.4363409028025853,-0.017777777818661786,1.3127154745698237,4,1
66,47,0.7651907579280759,0.41237701335452154,-0.0171428571495462,1.3127154745698237,4,1
67,45,0.8471541280232934,0.3891006954094823,-0.017142878400512766,1.1476623631464191,4,1
68,48,0.7813083782097844,0.41241831120986455,-0.01749999995367565,1.1939832577683525,4,1
69,48,0.7630111924523773,0.4059583423709461,-0.01666666496441874,1.1939832577683525,4,1
70,45,0.7188174972934084,0.4279708027992693,-0.01714285758608511,1.1939832577683525,4,1
71,47,0.6832269526523382,0.450142981592107,-0.017777777406976638,1.2282589813933742,4,1
72,45,0.6928792885809679,0.4600229938271971,-0.017499999919651506,1.2310116620104983,4,1
73,44,0.6876164966617712,0.48502265976675935,-0.01750000131383476,1.2291956951192586,4,1
74,44,0.7468529628372305,0.4749540799687487,-0.01714285717855158,1.2325433818561162,4,1
75,44,0.7719950470194261,0.4679279890616093,-0.017142857132917983,1.2325433818561162,4,1
76,47,0.8726550067542249,0.45268807913947817,-0.017142857160349332,1.2643906340622855,4,1
77,46,0.8602982145276309,0.4333663074488868,-0.017142857201912543,1.2643906340622855,4,1
78,47,0.8530462939937449,0.4222326219988195,0.02327644393836875,1.2643906340622855,4,1
79,48,0.7238269378729472,0.46427523670633947,-0.017499999986840004,1.3010632514448044,4,1
80,44,0.8775486621445949,0.4353633045457551,0.027411953915906537,1.3010633727707082,4,1
81,48,0.8319232395756098,0.47090971430702705,-0.01714285722843233,1.3011116431590972,4,1
82,48,0.9309984009469542,0.46682020652759076,-0.016666666730816636,1.3255678176339347,4,1
83,48,0.7395891011488159,0.5017430623298418,-0.01714285717449021,1.3255992563675703,4,1
84,48,0.766544965121239,0.5168680868551552,-0.01714285702186484,1.3255992563675703,4,1
85,49,0.7933048646604154,0.49818602203646395,-0.016666666662097717,1.3201656531338093,4,1
86,47,0.871033324486895,0.4877935750182213,-0.017142857474890052,1.324048745960415,4,1
87,44,0.8328597072180328,0.4799135726220867,-0.016666666870933284,1.3292838466979588,4,1
88,46,0.9265944478129154,0.48866527775077134,-0.017142856917719388,1.3338310643740863,4,1
89,46,0.7878250960158943,0.4874142073280107,-0.017142856917719388,1.3496293819048335,4,1
90,45,0.7476560637280149,0.5197418730625528,-0.017777778235158356,1.3496293819048335,4,1
91,47,0.7241075594821352,0.47467330217127646,-0.017142857061120457,1.3496293819048335,4,1
92,46,0.8782131551797256,0.4504170811589275,-0.016666666711814892,1.3496415115897045,4,1
93,46,0.9575669207977383,0.4661878536220964,-0.017142857103206382,1.3496293819048335,4,1
94,45,1.0226551408263076,0.42532821189133113,0.1182345493930203,1.3496293819048335,4,1
95,44,0.886864176553079,0.5012316411639764,-0.017500000504367518,1.3498599126277695,4,1
96,43,0.8149019861205998,0.5120347101286429,-0.017142856734828064,1.3748394527380716,4,1
97,47,0.8733037372869827,0.5110675946280309,-0.016666666711814892,1.3627788611182658,4,1
98,46,0.9019269180720668,0.46388651091757493,0.13889471408867124,1.3627788611182658,4,1
99,45,0.785836761613045,0.5316699922316783,-0.017142857684395416,1.3627788611182658,4,1
100,47,0.7536880217049449,0.5383850131124945,-0.017142856734828064,1.3685040964009627,4,1
