gen,nevals,avg,stddev,min,max,run,representation
0,50,-0.009999999999999724,0.0,-0.009999999999999724,-0.009999999999999724,8,9
1,46,-0.011199988911955092,0.0015999852162561809,-0.013333355876822602,-0.009999999999999724,8,9
2,46,-0.01150000584599685,0.0017078311567209135,-0.014999987267297163,-0.009999999999999724,8,9
3,46,-0.011366663791885667,0.0016895066976301372,-0.014999996153273503,-0.009999999999999724,8,9
4,46,-0.01126667956647761,0.001617971292312867,-0.013333709658771781,-0.009999999999999724,8,9
5,47,-0.011710785361828782,0.0020505997912939004,-0.014999995975590347,-0.005030742489105187,8,9
6,47,0.002809752026719132,0.05591412890801313,-0.014999991975379809,0.23494952137325026,8,9
7,45,0.005338137823452651,0.058430287666652196,-0.015000003625215367,0.21932454766358997,8,9
8,46,0.02638318267860125,0.08443114318654231,-0.016000012807321766,0.21932454766358997,8,9
9,46,0.042079227381813064,0.09633679699438076,-0.015000181182499307,0.28276038236762147,8,9
10,47,0.0468372946383073,0.10603034279714746,-0.01600010065237257,0.30708957029977574,8,9
11,47,0.10056974240073593,0.12793237068575466,-0.01999999999999945,0.4289303365685864,8,9
12,48,0.1687384172514932,0.14365308611477656,-0.015999998425074928,0.5142814874394506,8,9
13,45,0.23242107799440606,0.15447653025053887,-0.020000012740605717,0.8112474589130203,8,9
14,46,0.19630689492807415,0.1596353215314617,-0.017499947616284543,0.5146114830151544,8,9
15,45,0.22420922879658486,0.1533713458594355,-0.016666665008888765,0.5483172748321495,8,9
16,47,0.25206765507999596,0.1510888880398776,-0.017142869221186807,0.8112474589130203,8,9
17,44,0.3154652081735223,0.1548609326700754,-0.016667396981582747,0.8137079032944232,8,9
18,48,0.29470481953189626,0.1763362961242836,-0.01666667626354606,0.8137079032944232,8,9
19,42,0.30136273697416016,0.15866709444283345,-0.0166666874511026,0.5804013973591069,8,9
20,45,0.36207793513783765,0.1555392722480631,-0.01500002299637451,0.8287267887902026,8,9
21,49,0.3370391979490637,0.1513435450374713,-0.013333398333863284,0.5477830508751598,8,9
22,47,0.3557113981040155,0.1305356799600093,0.053798701421197304,0.545073148207046,8,9
23,44,0.3991312646546002,0.10694945648619475,0.1451227873164003,0.60114222649051,8,9
24,48,0.4071805292408197,0.14452583065414704,-0.023333333185062404,0.6134277217511098,8,9
25,46,0.40155735594188413,0.16111976644260928,0.10013454338580323,0.7316695410425795,8,9
26,42,0.3692137631506673,0.21948513019116805,-0.01750001874709551,0.7316695410425795,8,9
27,46,0.32710408986929346,0.21230558385299966,-0.017500004989966688,0.7316695410425795,8,9
28,45,0.3109669011353335,0.19984204914014336,-0.017142792148183768,0.7361258407156105,8,9
29,47,0.3357220212729879,0.19516031132364445,-0.015000124295682779,0.7361258407156105,8,9
30,44,0.35193278331324757,0.19574964021136976,-0.01714297398921784,0.7361258407156105,8,9
31,42,0.3691856216429319,0.23428814896652866,-0.017142903177372132,0.7361258407156105,8,9
32,48,0.3684871992908981,0.20215912934207228,-0.017499928204601882,0.7260948068665519,8,9
33,47,0.3832870742441422,0.2305218744815974,-0.018000008473851095,0.7260948068665519,8,9
34,47,0.35681814887275853,0.22507014216839188,-0.01666670654634251,0.7260948068665519,8,9
35,44,0.35862793240864477,0.24116851312629775,-0.017500005150315745,0.706107192257667,8,9
36,45,0.3793399094633317,0.23954761546957046,-0.01750005641137951,0.7558807237792343,8,9
37,49,0.3916147218602545,0.224940278372812,-0.01500024111964726,0.7807152180572181,8,9
38,45,0.38232610072304646,0.24309625774645158,-0.020000016491116674,0.849252170295863,8,9
39,49,0.3709671744408606,0.2392130753602569,-0.017777719127332874,0.849252170295863,8,9
40,42,0.40760624923440303,0.24858289972202607,-0.02000005145594068,0.8350261467081777,8,9
41,47,0.32961693822408783,0.23888760238609763,-0.020000042352350176,0.8498394634983819,8,9
42,44,0.4432760164769103,0.21525322431329597,-0.0159998931725376,0.8358773108824372,8,9
43,47,0.3991870545899042,0.23752069480409815,-0.01749991149857475,0.828875163757614,8,9
44,47,0.42208318938412837,0.23450342783235054,-0.017142865756935462,0.8309076505490326,8,9
45,46,0.37195560564298324,0.23592667324134464,-0.016666630541300503,0.7313200904878743,8,9
46,48,0.30471623398646946,0.21994913931716992,-0.017142857927344105,0.730196759364154,8,9
47,44,0.3627074724807455,0.19351524503757153,-0.01999996734250459,0.730196759364154,8,9
48,48,0.3432761420010686,0.20474971723277668,-0.0067113619351056855,0.8158505229818588,8,9
49,47,0.3608713686519451,0.24021507841482348,-0.017499992553195228,0.8332562971239506,8,9
50,47,0.380414330990668,0.2258572400091705,-0.020000002387765392,0.7582983614473379,8,9
51,48,0.36933438663882484,0.2278674119538662,-0.01714283422013955,0.8270048683809011,8,9
52,48,0.392200485826218,0.2315022441606479,-0.017777775710042885,0.7582983614473379,8,9
53,47,0.3343528357064098,0.24402625712151937,-0.02000000304050947,0.8257319141721858,8,9
54,41,0.4449969051045016,0.21482708761060393,0.07275874994306634,0.8257319141721858,8,9
55,47,0.43431709503248106,0.25994002781641284,-0.01999996143976193,0.8257319141721858,8,9
56,48,0.4028466716899788,0.2318461840052528,-0.015999925833634826,0.8261042847033899,8,9
57,46,0.4047728997215382,0.24257730755355536,-0.016666687655182127,0.8578210765950623,8,9
58,44,0.44735166742471505,0.23440247557703625,-0.01333325896964796,0.8578210765950623,8,9
59,47,0.34956387462111044,0.23140220190176083,-0.01600008590938385,0.8354937206416356,8,9
60,43,0.44970883256940786,0.23541514861495472,-0.02000000947837213,0.8356934180103255,8,9
61,47,0.4299594075228055,0.24207303928882337,-0.01714277016768129,0.8356934180103255,8,9
62,45,0.3475608014456933,0.256375186773237,-0.02000002076243248,0.8330774608816007,8,9
63,45,0.45124436688583636,0.211769377936861,0.08382671901090913,0.8330774608816007,8,9
64,43,0.3767417520594015,0.2547169793672983,-0.019999930872404682,0.8330774608816007,8,9
65,45,0.3841715445069327,0.23642088704025077,-0.01333376261180791,0.8330774608816007,8,9
66,45,0.4098615507119603,0.23778418772516638,-0.015996310555101357,0.8346044908495954,8,9
67,45,0.4216496953091869,0.21130416101452953,0.14439769822679535,0.8532299669344638,8,9
68,45,0.34409377498988225,0.20411679041291111,-0.017142890931414044,0.8330774608816007,8,9
69,46,0.3566044280365494,0.1604438553502429,0.10343475281724346,0.659477230891766,8,9
70,46,0.39721506757614317,0.1743807716108076,-0.017142890549033885,0.7823247154677095,8,9
71,49,0.34946318793454906,0.18313670407433294,-0.017142912572395856,0.7823247154677095,8,9
72,47,0.3214107035456044,0.17598863044403093,-0.017142844568244685,0.7223806739323956,8,9
73,46,0.37048318103519434,0.17406258411211303,0.11222123777248415,0.7282153911549422,8,9
74,45,0.3519398789558806,0.19365103796796038,-0.01714293697894446,0.7117294233155037,8,9
75,42,0.42857117068156775,0.19097857806138535,0.08311747326079083,0.7282153911549422,8,9
76,47,0.38713212764137317,0.19942364211040325,-0.009999999999999724,0.7157538488038806,8,9
77,48,0.4094552890132187,0.19866014077106575,-0.01500017133447679,0.7722323016676059,8,9
78,44,0.45045440016980776,0.17104065485176917,0.09636695652409495,0.8636504499865466,8,9
79,46,0.4067801094673037,0.20864319799477046,-0.016666645379981315,0.8636504499865466,8,9
80,44,0.4707696956834242,0.24114432994746463,-0.017777783816959516,0.8674381376414665,8,9
81,48,0.4689755098219896,0.23844499697319813,-0.017142804431521445,0.8687631576891085,8,9
82,46,0.4461501938039374,0.27366961767439135,-0.01714295355797164,0.8668240196462775,8,9
83,44,0.4449115441433076,0.2519272358336984,-0.013333709658771781,0.9364380668561767,8,9
84,44,0.4878642886146462,0.2378397766987766,0.07835596742674797,0.9478899511088219,8,9
85,43,0.5194186240134125,0.2509619631667813,0.1315005068497979,0.8741646516755224,8,9
86,44,0.4892539574297154,0.2587124034066825,0.09929990354818624,0.8741646516755224,8,9
87,46,0.5258537927865722,0.2634043176554279,0.13843254315121295,0.9419843198389186,8,9
88,43,0.5454782510217827,0.2970933738785134,-0.015000058961108027,0.9808728994159752,8,9
89,45,0.5077302421864627,0.2911959901863847,-0.01600002079008589,0.9419843198389186,8,9
90,46,0.5275662921233798,0.2502043550667529,0.13884307326152645,0.9419843198389186,8,9
91,47,0.4857207916416196,0.2659798565608464,-0.017142874685007765,0.8651326287007237,8,9
92,43,0.5266427918329746,0.2518341085816513,0.0876242550366749,0.9178219398457199,8,9
93,46,0.48032800521986874,0.24912151041280373,-0.017777764984079614,0.9359018104617549,8,9
94,45,0.484005827745049,0.26614924021116854,-0.014999997923865842,0.9359018104617549,8,9
95,49,0.4683761258303876,0.27357361327255525,-0.01999999999999945,0.9403565195448654,8,9
96,44,0.501062401146719,0.24656713380288509,-0.01777781418647662,0.9403565195448654,8,9
97,45,0.4458614168814442,0.26165578946508034,-0.016666546927508158,0.9403565195448654,8,9
98,47,0.4752813754846574,0.23642334813404312,0.05329801279304452,0.9403565195448654,8,9
99,47,0.4580872034685469,0.2351508785928552,-0.015000094579561755,0.9403565195448654,8,9
100,48,0.45513641574161967,0.22861146051787268,-0.01499984320382457,0.8661478365283745,8,9
