gen,nevals,avg,stddev,min,max,run,representation
0,50,-0.009999999999999724,0.0,-0.009999999999999724,-0.009999999999999724,4,0
1,45,-0.010266453315502709,0.0009035880741663482,-0.013333368899538007,-0.009999999999999724,4,0
2,42,-0.010457497753690473,0.0011354868452136272,-0.013333619583696261,-0.009999999999999724,4,0
3,44,-0.010266661634881758,0.0009042936011465696,-0.013333380837918372,-0.009999999999999724,4,0
4,48,-0.010133334476142437,0.0006532028634052973,-0.013333407413435427,-0.009999999999999724,4,0
5,43,-0.010200002028234546,0.0007916308338216373,-0.013333409240715932,-0.009999999999999724,4,0
6,47,-0.010200006615086443,0.0007916489892979578,-0.013333505076724064,-0.009999999999999724,4,0
7,46,-0.010066667461809967,0.0004666722326716916,-0.013333373090511807,-0.009999999999999724,4,0
8,45,-0.010266671440108987,0.0009043268528210578,-0.013333548529278648,-0.009999999999999724,4,0
9,43,-0.010066666202037687,0.00046666341426572695,-0.013333310101897774,-0.009999999999999724,4,0
10,48,-0.010133337794113167,0.0006532191187199242,-0.013333596864469005,-0.009999999999999724,4,0
11,47,-0.009999999999999724,0.0,-0.009999999999999724,-0.009999999999999724,4,0
12,45,-0.010133335635606344,0.0006532085436219247,-0.013333445150457614,-0.009999999999999724,4,0
13,41,-0.010066665360473057,0.00046665752317393586,-0.013333268022690609,-0.009999999999999143,4,0
14,46,-0.010133326479061108,0.0006531636860493789,-0.01333325142662866,-0.00999999999999914,4,0
15,48,-0.010066665137090855,0.0004666559596399694,-0.013333256854570642,-0.009999999999996265,4,0
16,45,-0.010266672895996878,0.0009043317895792234,-0.013333523846849004,-0.009999999999996265,4,0
17,46,-0.010466672938610977,0.0011566389835877121,-0.013333548688776085,-0.009999999999996265,4,0
18,45,-0.010133339365219629,0.0006532268148571472,-0.013333506968191551,-0.009999999999996265,4,0
19,45,-0.010133343708878792,0.0006532480943662329,-0.013333621785639634,-0.009999999999996217,4,0
20,46,-0.01019999688727862,0.0007916104854070289,-0.013333342723767171,-0.009999999999996265,4,0
21,46,-0.010066656326168166,0.00046659428343735976,-0.013332816310229685,-0.009999999998317412,4,0
22,47,-0.01033333711673783,0.001000011350705506,-0.013333483271214705,-0.009999999998317412,4,0
23,47,-0.010200003815341132,0.0007916379091892448,-0.013333571246244263,-0.009999999998317412,4,0
24,48,-0.01044610516604385,0.001113831841861934,-0.01333347499034511,-0.009999999998317412,4,0
25,48,-0.010200002476870371,0.0007916326117048925,-0.013333483802077512,-0.009999999988949421,4,0
26,45,-0.010199928933334677,0.0007913416380984295,-0.013333413082425463,-0.009999999988949421,4,0
27,43,-0.010332745860034322,0.0010001433806073302,-0.013333336183047126,-0.009971531996490837,4,0
28,48,-0.010199435161385748,0.00079179459216177,-0.013333720067738801,-0.009971531996490837,4,0
29,44,-0.010264009287650939,0.0009050863759772087,-0.013333366017887068,-0.009971531996490837,4,0
30,47,-0.010194053512141067,0.0007931580371133068,-0.013333357795079675,-0.009971531996490837,4,0
31,46,-0.010387230229846858,0.0010879134107121115,-0.013333460127884817,-0.009971531996490837,4,0
32,48,-0.010182024269909613,0.0007962636422826668,-0.013333670030393546,-0.009971531996490837,4,0
33,48,-0.010045484564382758,0.00046986415467480455,-0.013333530085253639,-0.009971469916013078,4,0
34,44,-0.010045201668170736,0.0004698529359273043,-0.013333154784782272,-0.009971435013342505,4,0
35,45,-0.010113265882208336,0.0006573802811822221,-0.013333240641768787,-0.009971435013342505,4,0
36,42,-0.010112841004499431,0.000657382978308824,-0.013333565817653516,-0.009971435013342505,4,0
37,48,-0.010248058649315968,0.0009098487238631733,-0.013333422560367793,-0.00997137558100025,4,0
38,44,-0.010045546155659734,0.0004698410568703985,-0.01333350477645515,-0.009971340757541747,4,0
39,49,-0.010516556946577618,0.0012293837001838286,-0.013333708450032403,-0.009971340757541747,4,0
40,47,-0.010045584618224256,0.0004698214049720341,-0.013333322775522086,-0.009971340757541747,4,0
41,45,-0.010245565109350032,0.0009105612424066667,-0.013333605123578056,-0.009971340512086533,4,0
42,46,-0.010246982740645467,0.0009078790944200871,-0.01333358471703502,-0.009971340512086533,4,0
43,47,-0.010384683859156623,0.0010889579351587122,-0.013333652206775693,-0.009971335572121685,4,0
44,47,-0.010248236217173816,0.0009098110755219077,-0.013333585755614418,-0.009971336778163167,4,0
45,46,-0.010381389724676046,0.001090076800363058,-0.013333309761316135,-0.009967471993798488,4,0
46,43,-0.01011123007724258,0.0006578136627173872,-0.013333445431691411,-0.009967471993798488,4,0
47,46,-0.010043356314983645,0.00047011168884672873,-0.013333029143759459,-0.009958829769837776,4,0
48,45,-0.010242133910511262,0.0009115588577203218,-0.013333308072111154,-0.009958829769837776,4,0
49,48,-0.010515324998558555,0.0012296847302301417,-0.013333410110701703,-0.009958829769837776,4,0
50,48,-0.010374543207944042,0.0010926621265472693,-0.013333587000478648,-0.009958829769837776,4,0
51,49,-0.010442599339673002,0.0011664306633398548,-0.013333632660347235,-0.009957649274732016,4,0
52,47,-0.010103119354038192,0.000659522963811846,-0.01333329693046826,-0.009957649274732016,4,0
53,46,-0.010304046138457828,0.0010099163986350165,-0.013333666665476522,-0.009957649274732016,4,0
54,49,-0.01016706649981151,0.0008000865680014461,-0.01333348838827516,-0.009955452209636187,4,0
55,48,-0.010106349588093193,0.000659033675297624,-0.013333586302098362,-0.009955452209636187,4,0
56,41,-0.010169591134224654,0.0007995386794184294,-0.013333609539462717,-0.009955452209636187,4,0
57,47,-0.010104987652444166,0.000659145770362089,-0.013333084658229051,-0.00995539879344368,4,0
58,46,-0.010170451671545566,0.0007993226828862958,-0.013333433816882893,-0.00995539879344368,4,0
59,47,-0.010108236140273287,0.0006586240949575833,-0.013333381932612033,-0.009955444315307677,4,0
60,46,-0.010166985017606676,0.0008001229886758981,-0.013333408550145847,-0.009955443312880941,4,0
61,44,-0.010103827963320855,0.0006593239137782843,-0.01333338765892585,-0.009955443312880941,4,0
62,44,-0.010301855995297572,0.0010101828079908308,-0.013333437374202593,-0.009955443312880941,4,0
63,46,-0.01017050541433719,0.0007992802519584244,-0.013333646560749968,-0.00995539918102768,4,0
64,44,-0.010031139887433378,0.0004720530213849157,-0.013333623477454475,-0.00995539918102768,4,0
65,49,-0.010101136738959612,0.0006600140573744705,-0.013333484222507647,-0.00995539918102768,4,0
66,49,-0.010530384146046718,0.0013483154351975391,-0.013333448909944904,-0.007783870974077224,4,0
67,44,-0.00996735685081266,0.0008597236336591007,-0.01333358821633579,-0.007783870974077224,4,0
68,44,-0.00978234700111063,0.001219345455424777,-0.013333417312385944,-0.007783628062946426,4,0
69,48,-0.004309177491695125,0.02512465170445346,-0.01333346385438719,0.12458100049859942,4,0
70,46,0.015340428544059275,0.055074824065837726,-0.01999999999999945,0.22455442445923965,4,0
71,44,0.060289292787941186,0.0682459599424485,-0.01499622094171472,0.22455442445923965,4,0
72,47,0.11717314021485987,0.06189923413941314,-0.015000000460118457,0.22455442445923965,4,0
73,44,0.14524519425794757,0.060912314754622804,-0.01500002483893189,0.24216044265628844,4,0
74,49,0.15742587138959155,0.07210950574871526,-0.007635228672556164,0.2420214209562637,4,0
75,48,0.1570604456897061,0.07979238361272327,0.024519288130607574,0.38004605594241275,4,0
76,47,0.19852978218216322,0.07153512762947527,0.06633328938320522,0.3800473395091376,4,0
77,47,0.21825709118423428,0.09566666746091768,-0.004991699413759669,0.384619719309849,4,0
78,43,0.25553945181673343,0.10943588801728865,0.02316569600473317,0.38461613819691237,4,0
79,47,0.3135533049238509,0.08682958103191757,0.06695512945054972,0.40932755451551933,4,0
80,45,0.3068889609488238,0.10082388393792854,0.06698446853391633,0.474136615236959,4,0
81,45,0.3296949203126936,0.10622695118444922,0.06693332990150865,0.48309565668123094,4,0
82,46,0.3644141675093751,0.09524127390993975,0.09267210631763184,0.48309565668123094,4,0
83,48,0.39941626079409936,0.09562526325988974,0.06866234615811175,0.48309569924762136,4,0
84,48,0.4111761881982858,0.10851304680178694,0.09051710935373954,0.4972416846826787,4,0
85,46,0.44734694021205307,0.08533125297864798,0.1504982204388269,0.5306465582928117,4,0
86,47,0.44893890804747444,0.09553998178496753,0.14379410008327717,0.5306465582928117,4,0
87,47,0.4404609205831983,0.12867989120178658,0.1610687629179146,0.5719743978815932,4,0
88,45,0.482813585731426,0.09453884727385425,0.13873909773364476,0.5719655758346167,4,0
89,43,0.5019601366553371,0.07851822923108674,0.2211489009037863,0.6203132494731065,4,0
90,46,0.4793729050368384,0.12587858534477922,0.15787360372498402,0.6203132494731065,4,0
91,42,0.5109417230545372,0.11856451171287234,0.1660688537341562,0.6203160358845229,4,0
92,43,0.5159962283706673,0.132381911058187,0.1932354914620248,0.6205738546952994,4,0
93,45,0.5419661001135815,0.1067024612218075,0.177149907063096,0.7091425156541278,4,0
94,45,0.5935042575381235,0.08598369715797323,0.23104563349212787,0.7091425156541278,4,0
95,47,0.6083341427536374,0.127752292205834,0.22278099947147303,0.7091425156541278,4,0
96,48,0.6347426374059542,0.12057166697360353,0.2723362077983959,0.7118128862506303,4,0
97,46,0.6590188599688578,0.11289205597763814,0.2723362077983959,0.7511217923060561,4,0
98,49,0.6197494825775265,0.1411906295459493,0.2723362077983959,0.7684433023095623,4,0
99,45,0.6024013571289725,0.15925944050700291,0.2926385279617472,0.7760529548307619,4,0
100,46,0.6541849057840698,0.14447439737429368,0.27513003063684677,0.7835605184671753,4,0
