gen,nevals,avg,stddev,min,max,run,representation
0,50,-0.009999999999999724,0.0,-0.009999999999999724,-0.009999999999999724,3,1
1,45,-0.01059999999971252,0.0012806248468735682,-0.013333333331737479,-0.009999999999999724,3,1
2,47,-0.011300000644230219,0.0016763062437239991,-0.015000000042894623,-0.009999999999999724,3,1
3,46,-0.010466667267245558,0.0011566249267225845,-0.013333363371864906,-0.009999999999999724,3,1
4,45,-0.010533336403269096,0.0012220272196203797,-0.013333495007228581,-0.009999999999999724,3,1
5,47,-0.010466666708419815,0.0011566235416781848,-0.013333335485024562,-0.009999999999999724,3,1
6,44,-0.010733333374641489,0.0013808210895951013,-0.013333335485024562,-0.009999999999999724,3,1
7,46,-0.010466667353377042,0.001156625140197377,-0.013333363371864906,-0.009999999999999724,3,1
8,48,-0.010866663171040503,0.0014621082496622396,-0.013333363371864906,-0.009999999999999724,3,1
9,42,-0.010333333673875839,0.001000001021630705,-0.013333350475747765,-0.009999999999999724,3,1
10,46,-0.010933334574010833,0.0014966649442357178,-0.013333363371864906,-0.009999999999999724,3,1
11,48,-0.010400000000143319,0.0010832051210069905,-0.0133333333484908,-0.009999999999999724,3,1
12,48,-0.010733335136024176,0.001380824406183268,-0.013333363371864906,-0.009999999999999724,3,1
13,47,-0.010666671383003302,0.0013333427664228195,-0.013333578552229738,-0.009999999999999724,3,1
14,49,-0.010533333683586298,0.0012220209878542093,-0.013333348710330244,-0.009999999999999724,3,1
15,47,-0.010733334232011813,0.001380822704784451,-0.013333578552229738,-0.009999999999999724,3,1
16,46,-0.010515786803283196,0.001187501160203195,-0.013333335485024562,-0.009999999999999724,3,1
17,47,-0.01046666657793653,0.0011566232182870975,-0.013333353870932606,-0.009999999999999724,3,1
18,45,-0.010466668751824212,0.0011566286113989625,-0.013333983552354454,-0.009999999999999724,3,1
19,46,-0.01056667272974067,0.0013169958222437807,-0.015000000017475998,-0.009999999999999724,3,1
20,49,-0.01066666681001105,0.0013333336200328414,-0.013333360237067103,-0.009999999999999724,3,1
21,40,-0.010733333767146209,0.0013808218286632838,-0.013333362473985281,-0.009999999999999724,3,1
22,45,-0.010666666520447479,0.0013333330408959088,-0.013333333663672826,-0.009999999999999724,3,1
23,45,-0.010933332829643498,0.0014966621470135053,-0.013333333663672826,-0.009999999999999724,3,1
24,45,-0.010666669832031826,0.0013333396645267693,-0.013333499455192065,-0.009999999999999724,3,1
25,45,-0.010666676445638628,0.0013333528946336227,-0.01333399255588643,-0.009999999999999724,3,1
26,45,-0.010266667487352683,0.0009043134475039996,-0.013333353870932606,-0.009999999999999724,3,1
27,47,-0.010833332652969716,0.0014999988672854576,-0.015000000008939614,-0.009999999999999724,3,1
28,47,-0.01044144108966964,0.0011064862662500021,-0.01333333342621272,-0.009999999999999724,3,1
29,45,-0.01057399325295324,0.0012373241357462894,-0.01333334181913093,-0.009999999999999724,3,1
30,46,-0.010533342295282347,0.0012220407203822456,-0.013333595704979408,-0.009999999999999724,3,1
31,45,-0.010933353614080068,0.0014966954810194406,-0.013334208363674716,-0.009999999999999724,3,1
32,49,-0.01019995767115665,0.0007914553011454808,-0.013333333331737479,-0.009999999999999724,3,1
33,47,-0.010733325849899085,0.001380806921927491,-0.013333339168078316,-0.009999999999999724,3,1
34,48,-0.010933330540013055,0.0014966584759473173,-0.01333346156176695,-0.009999999999999724,3,1
35,47,-0.01091578727112638,0.0014733856108519153,-0.013333348710330244,-0.009999999999999724,3,1
36,46,-0.010333334966300806,0.0010000048989560711,-0.01333341466798679,-0.009999999999999724,3,1
37,45,-0.0104666624274326,0.0011566129317337264,-0.013333346305529657,-0.009999999999999724,3,1
38,49,-0.010733332715050541,0.0013808198476475732,-0.013333348710330244,-0.009999999999999724,3,1
39,47,-0.010171231569758412,0.0022397881203223453,-0.014999999977358777,0.0031050779000184733,3,1
40,46,-0.008028904833520048,0.009574381814516388,-0.014999997157603214,0.041161791500808335,3,1
41,48,-0.0005015047643172712,0.017908591995733174,-0.015000000042894623,0.041171190640890226,3,1
42,45,0.01737621989702865,0.029456251796992468,-0.01600000735382846,0.08746820375359661,3,1
43,49,0.021792019593281645,0.0397781723769349,-0.01600000735382846,0.1494101065842058,3,1
44,48,0.04437659802701981,0.05711376522193653,-0.016000258694729142,0.21234670919999754,3,1
45,47,0.08703461883413578,0.06763897370863062,-0.01666666509509338,0.23109511791128803,3,1
46,46,0.10815342187217081,0.07926466647552212,-0.01666666673925405,0.2311014192444984,3,1
47,45,0.14522862899767944,0.09187785259029894,-0.016000011407366146,0.259489560838024,3,1
48,47,0.17004264874080896,0.08849208892429618,-0.016666670580922832,0.3785596300766936,3,1
49,47,0.20260642354370617,0.09387514204735192,-0.01666651104716712,0.3785596300766936,3,1
50,43,0.22776378353864896,0.09946154825647975,-0.014999916390967243,0.3785596300766936,3,1
51,47,0.2763065965582226,0.12195435519361895,-0.017142871773954606,0.49016390086715883,3,1
52,45,0.3229922797857747,0.10815772976608753,-0.0171428572077293,0.49010754918728705,3,1
53,45,0.3835694931061161,0.11178816880784312,0.03380225132663861,0.5734083912169812,3,1
54,41,0.4121583367863309,0.1328203315728611,-0.016666793548026533,0.5742765349949288,3,1
55,47,0.3935784572046572,0.1337696384605066,0.02147259200366626,0.5742765349949288,3,1
56,49,0.42348852780275287,0.13970645752602356,0.004725280342927263,0.5742765349949298,3,1
57,46,0.4115950466578039,0.15900139330524832,0.03179983791684031,0.634973349958318,3,1
58,46,0.4090336604948403,0.17719965225510023,0.019469941153412187,0.7076462018004405,3,1
59,46,0.3885481903111056,0.18801474420033434,0.015601928170579205,0.7076462018004405,3,1
60,45,0.4756662800212488,0.17413403222596674,-0.004331827478996431,0.7076462018004405,3,1
61,43,0.5119977540794409,0.1833181364019572,-0.004299837229118186,0.7076462018004405,3,1
62,48,0.4914644771094896,0.21508717251886525,-0.013970332384994908,0.8052736429838835,3,1
63,46,0.47492632594004314,0.23499272221140058,0.030645036539969903,0.8052736429838835,3,1
64,45,0.49855161858681263,0.23269059094270284,0.016183797158941696,0.8219015469867258,3,1
65,49,0.4980808855414406,0.23651844681917705,0.006234732518958105,0.8099533595065147,3,1
66,46,0.4923565264550894,0.2489257718835642,0.042963219934589555,0.8253416045837323,3,1
67,49,0.5135754701030375,0.24925558225206038,-0.01799983957433457,0.8608848121558929,3,1
68,49,0.5643815889213667,0.24513251064870248,0.01115205481965524,0.9024849053710248,3,1
69,47,0.5807703308239988,0.2552207133242694,-0.018000056788098483,0.9024849053710253,3,1
70,44,0.5926691424849279,0.2622656056854455,0.034589316667375275,0.9024849053710253,3,1
71,48,0.539555032836458,0.26712679108445575,0.003297603485034432,0.9024849053710247,3,1
72,47,0.5974140138545859,0.24542799456647965,-0.0068671169484776215,0.8903485062091153,3,1
73,47,0.5557720679787038,0.2614831812559286,0.0010475463788742966,0.890307434418878,3,1
74,46,0.5189249964657524,0.29203637913936725,-0.004207209853108601,0.9150029243942228,3,1
75,47,0.5727479093668648,0.26477964722100583,-0.005891474072082826,0.9328551633539737,3,1
76,45,0.5595353103940114,0.28492991130099454,0.00018333127675666572,0.9332773053842705,3,1
77,43,0.5622816424862207,0.27034305587021373,0.009769476382109628,0.9406509054832328,3,1
78,48,0.6162588669939494,0.2440433217386266,0.05928516597319083,0.9476530150245006,3,1
79,44,0.6519629053912885,0.2826646909338422,0.0034299412063120783,0.9477699372338384,3,1
80,50,0.6225023984335187,0.2852666842389708,0.04820641378552031,0.9749331180631557,3,1
81,48,0.6488164039695842,0.2600847048928706,0.06222018710051907,0.9749331180631557,3,1
82,48,0.6444665000168047,0.3095645691516104,0.0928407900229372,0.9882501409987939,3,1
83,49,0.6716086116086717,0.3079732126940305,0.018852079464191047,1.1233437212133486,3,1
84,45,0.7003013105539392,0.27831068407276177,0.035762396936906984,0.9928525495427722,3,1
85,48,0.6340135094672936,0.28056349341215026,0.03154339752165041,1.0078435534029264,3,1
86,44,0.6755215086581065,0.29924280001092346,0.011687036516864138,1.0078435534029264,3,1
87,44,0.728209292493284,0.2796895255123531,-0.0009758864113536836,1.0496916146618271,3,1
88,47,0.7148379291066749,0.27486842293081537,0.05077066221054642,1.0496916146618271,3,1
89,47,0.7162461767930544,0.29194476226788896,0.14019010287571249,1.0496916146618271,3,1
90,47,0.7261302006903284,0.2766100595988361,0.0006468326565555905,1.0862016927693339,3,1
91,48,0.6633323433407885,0.31996556663595027,0.004159100533703044,1.1085001801042018,3,1
92,44,0.7227965549666543,0.31341689380317966,0.010147586331456713,1.1085001801042018,3,1
93,48,0.7658559882121687,0.284927626626222,0.08256693351323036,1.171204621840782,3,1
94,48,0.6144858802908751,0.3668536351749325,0.02107159895163662,1.1679483396728103,3,1
95,45,0.6592991040049903,0.33588869481630784,0.0007491051884924249,1.1847539353493597,3,1
96,46,0.6666548929374619,0.36476184279711044,0.02047633825521133,1.1847539353493597,3,1
97,45,0.6995477726186249,0.35522377315933223,0.008772337921502763,1.1859260299355736,3,1
98,40,0.8437227560915384,0.3142719866139433,0.0800400484962397,1.1694667643210763,3,1
99,47,0.6260652429025118,0.37889118704809666,0.022974721242403576,1.1694667643210763,3,1
100,44,0.6925976602197805,0.3675241225636225,0.023683498528943626,1.1694667643210763,3,1
