gen,nevals,avg,stddev,min,max,run,representation
0,50,-0.009999999999999724,0.0,-0.009999999999999724,-0.009999999999999724,5,1
1,48,-0.010733333332982027,0.0013808210111529028,-0.013333333331737479,-0.009999999999999724,5,1
2,48,-0.010733333379984212,0.0013808210996551153,-0.013333335485024562,-0.009999999999999724,5,1
3,50,-0.010533333421098752,0.0012220203864180851,-0.013333335485024562,-0.009999999999999724,5,1
4,49,-0.010400000041785063,0.0010832052337733978,-0.013333335485024562,-0.009999999999999724,5,1
5,44,-0.010799991522281591,0.0014235953480189938,-0.013333363371864906,-0.009999999999999724,5,1
6,45,-0.01060000044540498,0.001280625798162116,-0.013333363441204053,-0.009999999999999724,5,1
7,45,-0.010933333440062731,0.0014966631266040884,-0.013333578210976693,-0.009999999999999724,5,1
8,46,-0.010399999999808254,0.001083205120099626,-0.013333333331737479,-0.009999999999999724,5,1
9,48,-0.010599999998623585,0.0012806248445493774,-0.013333333331737479,-0.009999999999999724,5,1
10,43,-0.010333333937014804,0.0010000018110524827,-0.013333363441204053,-0.009999999999999724,5,1
11,42,-0.010733342141592004,0.0013808375977184507,-0.013333578210976691,-0.009999999999999724,5,1
12,45,-0.0104666666684398,0.0011566234425885228,-0.01333333342621272,-0.009999999999999724,5,1
13,50,-0.010466666752365947,0.0011566236505977626,-0.013333335485024562,-0.009999999999999724,5,1
14,49,-0.01066666656351322,0.001333333127027447,-0.013333335485024562,-0.009999999999999724,5,1
15,45,-0.010466667266156623,0.0011566249240236913,-0.013333363371864906,-0.009999999999999724,5,1
16,48,-0.010466666975904369,0.001156624204634688,-0.013333348710330248,-0.009999999999999724,5,1
17,49,-0.010666668598426772,0.0013333371968977214,-0.013333414036233759,-0.009999999999999724,5,1
18,48,-0.010733341446105832,0.0013808362881722325,-0.013333577467702107,-0.009999999999999724,5,1
19,46,-0.010700000716618481,0.0014177460199430775,-0.015000000042894623,-0.009999999999999724,5,1
20,47,-0.010400000086018452,0.001083205353558005,-0.013333335485024562,-0.009999999999999724,5,1
21,48,-0.010800001544956386,0.0014236131828973802,-0.013333380534099444,-0.009999999999999724,5,1
22,42,-0.010666663365070017,0.00133332673109282,-0.013333495007228581,-0.009999999999999724,5,1
23,45,-0.010533341769821321,0.0012220395162687264,-0.013333578114831513,-0.009999999999999724,5,1
24,40,-0.010399999999599709,0.001083205119534889,-0.013333333331737479,-0.009999999999999724,5,1
25,46,-0.01053333333286922,0.0012220201842587763,-0.013333333331737479,-0.009999999999999724,5,1
26,46,-0.010199999999982706,0.000791622805735163,-0.013333333335673245,-0.009999999999999724,5,1
27,45,-0.010600000136293213,0.001280625138388189,-0.013333337423010306,-0.009999999999999724,5,1
28,48,-0.010466670141217858,0.0011566320499770335,-0.01333349174633378,-0.009999999999999724,5,1
29,47,-0.010700006230526395,0.0014177566360000578,-0.015000015958864594,-0.009999999999999724,5,1
30,48,-0.01046666651746177,0.0011566230683931168,-0.01333333342621272,-0.009999999999999724,5,1
31,45,-0.010800001480694986,0.001423613068538368,-0.013333376803951196,-0.009999999999999724,5,1
32,47,-0.010733338904471736,0.001380831502077666,-0.013333491622749457,-0.009999999999999724,5,1
33,49,-0.010633333451426119,0.0013699150730022355,-0.015000000042894623,-0.009999999999999724,5,1
34,46,-0.010566679417859819,0.0013170225584143462,-0.0150005011942685,-0.009999999999999724,5,1
35,44,-0.010866667416941986,0.0014621154124323378,-0.013333410906711227,-0.009999999999999724,5,1
36,43,-0.010666666460661714,0.0013333329216974339,-0.013333495007228578,-0.009999999999999724,5,1
37,44,-0.010666663098234896,0.0013333261968423986,-0.013333363441204053,-0.009999999999999724,5,1
38,48,-0.010533333038418476,0.0012220195095880952,-0.013333333663672826,-0.009999999999999724,5,1
39,49,-0.0105333246730915,0.0012220003434896358,-0.013333348710330248,-0.009999999999999724,5,1
40,47,-0.01046666651430868,0.0011566230605782415,-0.013333333348010339,-0.009999999999999724,5,1
41,49,-0.010766658775273594,0.0014609599366118703,-0.014999999977358777,-0.009999999999999724,5,1
42,46,-0.010466664327326165,0.0011566176412551444,-0.01333351561527376,-0.009999999999999724,5,1
43,46,-0.010799987940109994,0.001423588974245669,-0.013333360237067103,-0.009999999999999724,5,1
44,44,-0.010733334140148544,0.0013808225310126153,-0.013333361215189809,-0.009999999999999724,5,1
45,41,-0.010533334784186695,0.0012220235096567257,-0.013333363371864906,-0.009999999999999724,5,1
46,46,-0.010486107445986402,0.001285727510411679,-0.013333602104197923,-0.007638250496815756,5,1
47,48,-0.011134791523294052,0.0015780638813692887,-0.013333806477336434,-0.009999999999999724,5,1
48,48,-0.010646245705892335,0.0012997367612222258,-0.013333636928705588,-0.009999999999999724,5,1
49,48,-0.01050000110399369,0.0012583062004422531,-0.014999923557237997,-0.009999999999999724,5,1
50,49,-0.01061872827717448,0.0012785607018975633,-0.013333368092295057,-0.009999999999999724,5,1
51,41,-0.010692122512864156,0.0014041141527660977,-0.014999792435050884,-0.009999999999999724,5,1
52,47,-0.010266674107666227,0.0009043358984663829,-0.013333539380325308,-0.009999999999999724,5,1
53,45,-0.010333336334199106,0.0010000090027783184,-0.013333483399687679,-0.009999999999999724,5,1
54,48,-0.010533339106436404,0.0012220334136651128,-0.01333360042963682,-0.009999999999999724,5,1
55,48,-0.010808775844531611,0.0014685894340142288,-0.014999981359761534,-0.009999999999999724,5,1
56,41,-0.010333333180461613,0.000999999541386135,-0.013333333331737479,-0.009999999999999724,5,1
57,48,-0.010600008412140736,0.0012806428043364419,-0.013333700780588273,-0.009999999999999724,5,1
58,48,-0.010600005792067635,0.0012806372105023472,-0.013333620744418484,-0.009999999999999724,5,1
59,46,-0.010700002354110859,0.0014177490614840302,-0.015000000042894623,-0.009999999999999724,5,1
60,47,-0.010600000052922083,0.001280624960456326,-0.01333335368199275,-0.009999999999999724,5,1
61,46,-0.011000006070090489,0.0015275345047863623,-0.013333694760033356,-0.009999999999999724,5,1
62,44,-0.010400001082247215,0.0010832080525654622,-0.013333616639963663,-0.009999999999999724,5,1
63,42,-0.010466666570687209,0.0011566232003167246,-0.01333334241831391,-0.009999999999999724,5,1
64,50,-0.010800002547799949,0.0014236149675848396,-0.013333474988984718,-0.009999999999999724,5,1
65,43,-0.010866707115008865,0.0014621823940478202,-0.01333421027555828,-0.009999999999999724,5,1
66,44,-0.010399996858905256,0.0010831966146376824,-0.013333339168078316,-0.009999999999999724,5,1
67,42,-0.010566655916443027,0.0013169605024637046,-0.015000000042894623,-0.009999999999999724,5,1
68,40,-0.010600002156086101,0.0012806294500254988,-0.013333588053686151,-0.009999999999999724,5,1
69,48,-0.010500032920792317,0.0011666910627918933,-0.013333333277290834,-0.009999999999999724,5,1
70,48,-0.01099999359111275,0.001527515443207991,-0.013333494663915724,-0.009999999999999724,5,1
71,48,-0.010633338942946406,0.0013699258954334647,-0.014999999977358777,-0.009999999999999724,5,1
72,49,-0.010733336509523713,0.0013808269924694943,-0.013333446406725303,-0.009999999999999724,5,1
73,45,-0.01053333651176416,0.0012220274686610888,-0.013333494883244324,-0.009999999999999724,5,1
74,47,-0.010599996919547126,0.0012806182757191652,-0.013333623338588,-0.009999999999999724,5,1
75,43,-0.0104333323240137,0.0011930328920400238,-0.014999999995668487,-0.009999999999999724,5,1
76,46,-0.010466669657223654,0.00115663085046787,-0.013333509067186868,-0.009999999999999724,5,1
77,46,-0.010800002228937667,0.0014236144001757295,-0.013333480152362048,-0.009999999999999724,5,1
78,45,-0.010799986106315522,0.001423585710842463,-0.01333333342621272,-0.009999999999999724,5,1
79,47,-0.010585157999776405,0.001252854275399779,-0.013333335485024562,-0.009999999999999724,5,1
80,49,-0.010866670718021651,0.0014621209816615358,-0.013333474988984718,-0.009999999999999724,5,1
81,48,-0.010866678245961593,0.0014621336833220647,-0.013333633676390493,-0.009999999999999724,5,1
82,46,-0.010649393569090145,0.0013039459656573134,-0.013333415738604137,-0.009999999999999724,5,1
83,47,-0.0106000020233913,0.001280629166698994,-0.013333588059557906,-0.009999999999999724,5,1
84,45,-0.010266665721043953,0.0009043074576604235,-0.013333337759972145,-0.009999999999999724,5,1
85,45,-0.010866661922263425,0.00146210614317968,-0.013333363371864906,-0.009999999999999724,5,1
86,41,-0.010666660628431846,0.0013333212574789524,-0.013333363441204053,-0.009999999999999724,5,1
87,45,-0.010760892097867512,0.001379667837810421,-0.013333581109998436,-0.009999999999999724,5,1
88,46,-0.010568018580271107,0.0012309619654730288,-0.013333364631424809,-0.009999999999999724,5,1
89,44,-0.0105333272692836,0.0012220062912914325,-0.013333337423010306,-0.009999999999999724,5,1
90,44,-0.010333324216725392,0.0009999726508410495,-0.013333341901699085,-0.009999999999999724,5,1
91,47,-0.010799991492320405,0.0014235952951158026,-0.013333476442900064,-0.009999999999999724,5,1
92,45,-0.010533334215566948,0.001222022206786081,-0.013333363371864906,-0.009999999999999724,5,1
93,48,-0.009201490785466138,0.009477910363990929,-0.013333571618152636,0.0565922687719486,5,1
94,47,-0.0024259306550730763,0.027832947971525548,-0.013333363371864906,0.12348577743627798,5,1
95,48,0.010070233245282273,0.04605962017991792,-0.015000012008916312,0.1790856938492965,5,1
96,46,0.05621166333767867,0.07081729131958577,-0.015000000042894623,0.18870659746484064,5,1
97,47,0.10455719745607947,0.07012208490565604,-0.014999999291251972,0.2040753329196592,5,1
98,46,0.1388510148271096,0.08812427291632076,-0.01599999751405888,0.30747732676504913,5,1
99,47,0.1911421902263325,0.10034143169502724,-0.01666666687705873,0.43883447404808273,5,1
100,45,0.2485705647575325,0.08332955891132734,0.09274836169121937,0.439040330506598,5,1
