gen,nevals,avg,stddev,min,max,run,representation
0,50,-0.009999999999999724,0.0,-0.009999999999999724,-0.009999999999999724,1,9
1,43,-0.011066651646329083,0.0015548986098770695,-0.013333347231316645,-0.009999999999999724,1,9
2,43,-0.01119999448455617,0.0015999926466192748,-0.013333442017808783,-0.009999999999999724,1,9
3,45,-0.012166698340746436,0.0016414988906234978,-0.015000003625215367,-0.009999999999999724,1,9
4,48,-0.01140000792143036,0.0016452043340530955,-0.013333654907337664,-0.009999999999999724,1,9
5,44,-0.011466688399236005,0.001654647672883719,-0.013333709658771781,-0.009999999999999724,1,9
6,47,-0.011666681218333936,0.0017638516148730948,-0.015000124295682779,-0.009999999999999724,1,9
7,48,-0.011700015014674898,0.001715629143618836,-0.015000014571145345,-0.009999999999999724,1,9
8,45,-0.011099997568243208,0.0016196657611695124,-0.014999920546531558,-0.009999999999999724,1,9
9,46,-0.011733355090515174,0.0018547423425903694,-0.015000003643396317,-0.009999999999999724,1,9
10,49,-0.008610179507623003,0.02224965143701645,-0.015000003643396317,0.14666781032973827,1,9
11,47,0.00011679108075142524,0.04680344010461054,-0.014999997156278286,0.21834046172338148,1,9
12,45,0.024939928949682232,0.07948989909503831,-0.015000041209719251,0.23919080830147055,1,9
13,43,0.08623493155347318,0.10281074554356728,-0.01666666064242452,0.24577141377994954,1,9
14,49,0.12712904256657093,0.12100000993423349,-0.01999999999999945,0.35651263065455424,1,9
15,49,0.18190583897559637,0.1263238210411168,-0.01999999999999945,0.5146114830151544,1,9
16,44,0.23714099285179288,0.13031773282702494,-0.016666709768263527,0.5812375919930003,1,9
17,49,0.239667205586481,0.1260714099926827,-0.019999969368081655,0.5143480597027582,1,9
18,44,0.25121560831398054,0.1509504316480623,-0.019999960928632144,0.5799935461664052,1,9
19,47,0.2642918916077381,0.16179822552663775,-0.01666662952134716,0.5989770502817596,1,9
20,43,0.28694966945724987,0.1661612289944624,-0.01999999545128378,0.5989770502817596,1,9
21,47,0.3460010523642345,0.15824506468513824,-0.016000033307092213,0.6074200034923161,1,9
22,45,0.29097786019584726,0.16779901392921726,-0.02000009317159716,0.6074200034923161,1,9
23,45,0.32073820284582877,0.15648603394502353,-0.01666666556357277,0.6074200034923161,1,9
24,42,0.37676778099720853,0.16296414855838354,-0.016666765392457778,0.6074200034923161,1,9
25,46,0.29643182078063685,0.18648526748682068,-0.016666765392457778,0.6074200034923161,1,9
26,46,0.31064934747496153,0.17803003168700698,-0.01999996977588323,0.6074200034923161,1,9
27,47,0.2828192911666123,0.16911589932546656,-0.01999996977588323,0.6460756094661062,1,9
28,45,0.3230661030039017,0.1416214188948485,-0.01714279981316231,0.5793507933551154,1,9
29,46,0.32589516684811426,0.16024470658449158,-0.0200000029678007,0.7027078298060322,1,9
30,48,0.35964359289752834,0.1512016130159297,-0.01600008869475058,0.6458299999984808,1,9
31,46,0.3646255588047059,0.16000432954317861,-0.013333354856781101,0.7182127884621154,1,9
32,47,0.3769882771088484,0.1446300514634509,0.1299962912719256,0.7386887598624093,1,9
33,46,0.38589479238967445,0.14769874865936583,-0.01666672907160301,0.712093417430291,1,9
34,45,0.3907662236163268,0.19054317076342073,-0.013333202202318682,0.7394889038810574,1,9
35,43,0.4939844636008055,0.19409403111953175,-0.009999999999999724,0.8872291496036151,1,9
36,45,0.46331731067985094,0.22798527049811632,-0.016666659489837345,0.8872291496036151,1,9
37,49,0.3911740515096176,0.21780891960599114,-0.016666672121345046,0.7976739588020813,1,9
38,45,0.43608534899257984,0.19666719945891611,-0.009999999999999724,0.8969582576917624,1,9
39,43,0.42794678719335894,0.22832497699641507,0.08576608815749882,0.8969582576917624,1,9
40,47,0.44790306505193234,0.1981475241959168,0.08576608815749882,0.8790147807768978,1,9
41,42,0.49106980397028704,0.22209540558817334,0.09047649106937074,0.8790147807768978,1,9
42,49,0.4916801657991013,0.21983067446005902,0.08571331709366155,0.8983387966434022,1,9
43,45,0.447935818692402,0.2382548956429146,-0.02285717008310163,0.8983387966434022,1,9
44,47,0.43912659458986575,0.22240847026898736,-0.01999998197968395,0.800835101341741,1,9
45,46,0.4658644743871093,0.21302944391468912,0.0852560287956985,0.9063708804536087,1,9
46,47,0.4972935476211643,0.26710053041697485,-0.009999999999999724,0.9064136670086135,1,9
47,48,0.4320674029112903,0.22931381597641184,0.07540595627508921,0.9063708804536087,1,9
48,47,0.45310971457146176,0.2467411121873704,-0.014998199098690924,0.8517788575121478,1,9
49,47,0.485750759267369,0.22189588628869525,-0.01714286451725776,0.8818329618364609,1,9
50,45,0.544088859817683,0.22836499291907597,0.01974819547650693,0.8818329618364609,1,9
51,44,0.4786263774775852,0.24836893775506386,-0.013333351129619296,0.8872291496036151,1,9
52,45,0.5250351452411982,0.22366963120489664,0.07230595252960273,0.8807262314020802,1,9
53,41,0.48320852521417024,0.2636446485911883,-0.016666675931268454,0.8404175100191822,1,9
54,46,0.5064314065860374,0.2572954480311975,-0.015999978715136743,0.9062233770713785,1,9
55,46,0.4414251810484932,0.2726003412505951,-0.017999987434818378,0.827160838372672,1,9
56,46,0.41491137735563577,0.26815335935302137,-0.017499998541413323,0.8540319090670544,1,9
57,47,0.37654493473685446,0.22968869673749204,-0.01600001455973285,0.9160444595077575,1,9
58,47,0.4758659672335685,0.22369507450540846,-0.017142838297818493,0.989745075446908,1,9
59,45,0.5886532998636751,0.22274366508673835,0.15693742160447885,0.989745075446908,1,9
60,45,0.5621430742569301,0.2622630608499005,0.0889651866080381,0.9856061723440227,1,9
61,46,0.509102415714539,0.26483121084524386,0.08139625827978714,0.8716933750823942,1,9
62,49,0.48957482158849935,0.2554730179612312,0.07406059092582563,0.9401727182088015,1,9
63,44,0.4922540086354069,0.2770594063750835,-0.013333323120638074,0.9174487225259267,1,9
64,44,0.5028200920532566,0.2879659681561844,-0.017142861955302003,0.9878208025335272,1,9
65,45,0.510361118628616,0.30128806309912476,-0.01333376261180791,0.913724036646492,1,9
66,44,0.47655003193904305,0.28700182582439604,0.07494508327156196,0.9676282874819296,1,9
67,47,0.49468394036992314,0.24753597840229652,-0.01750005641137951,0.9676282874819296,1,9
68,45,0.4588847999764349,0.269752592712269,-0.014999989244371972,0.9699214722895309,1,9
69,47,0.4254295589004421,0.2550057365289297,-0.016000082717524813,0.8925805538900994,1,9
70,46,0.4533179317435102,0.23594406144965943,-0.009999999999999724,0.8637210095331384,1,9
71,48,0.43875927425041683,0.2511159536482185,-0.017777727197967403,0.885755982692898,1,9
72,44,0.49457607217794874,0.25027733295850085,0.07402197508098796,0.9676282874819296,1,9
73,42,0.45748307973069724,0.25883654945057893,-0.017777935117836187,0.8950527741570544,1,9
74,47,0.43708055765738346,0.24133648107221967,-0.017143034333307466,0.8583738143704557,1,9
75,46,0.45867749601652846,0.22650810975033134,0.06621069366030528,0.8918674591043853,1,9
76,47,0.4966070257583717,0.22803514792530352,0.12146826110543586,0.8918674591043853,1,9
77,44,0.4809251023129685,0.24870574190453912,0.11784305478551839,0.8985435179855543,1,9
78,43,0.48545404773205925,0.24731836957469955,0.09793475829892688,0.8985435179855543,1,9
79,48,0.4859470008498509,0.218289931723613,0.11500665598073885,0.9768576121809931,1,9
80,43,0.5548951909503348,0.23307684850087373,-0.01333335436939037,0.9768576121809931,1,9
81,49,0.5462363772624904,0.2292087912263439,0.15093509589873294,0.9790585798169743,1,9
82,45,0.5851087182174899,0.2642528272729834,-0.017777778911261945,0.9099448257141272,1,9
83,45,0.5886057476895246,0.24521415739936628,0.1418134983927748,0.9735914845702323,1,9
84,45,0.5522946498094293,0.25086698869675167,0.0667377169144427,0.9057012998644947,1,9
85,46,0.5961586494364851,0.2517225645782652,0.17164813946925342,0.9034419850105285,1,9
86,45,0.600256050880172,0.27120200262730226,-0.013333420189165739,1.012229288939273,1,9
87,45,0.5248328615444258,0.2617200486933075,-0.01333333283630947,0.9194520111035672,1,9
88,45,0.5433430489051022,0.24388608475171794,0.07498858262246909,0.9194520111035672,1,9
89,47,0.4959022670441545,0.23756491768780857,-0.01714274766472305,0.8489111029050876,1,9
90,46,0.5178743498990802,0.22953473836332905,0.09037915974866645,0.8389169762432175,1,9
91,48,0.4803613481294528,0.22823703085604213,0.06990283635813131,0.9139615273106406,1,9
92,47,0.5301878156017922,0.2642454434472408,-0.015000123781575864,0.9795183555639982,1,9
93,47,0.46816331224292895,0.25443486397747944,-0.016000014508732185,0.9637571019834861,1,9
94,45,0.4925187590913257,0.24288503569757505,0.0748402157585922,0.9100437597388689,1,9
95,47,0.552548466495963,0.27029828504709213,-0.015000041209719251,0.9876133599712823,1,9
96,46,0.4673738352722364,0.273093522148273,0.07509412698651083,0.9876133599712823,1,9
97,47,0.4886146073680542,0.2552193538563386,-0.015999970612906485,0.9802433044979718,1,9
98,46,0.48059604836408626,0.24544969504708414,0.1393141465811407,0.9802433044979718,1,9
99,45,0.5356793124907492,0.26081199925528725,-0.018181837315004647,0.9802433044979718,1,9
100,46,0.5365194169566831,0.2888731832256879,-0.0175000069578703,1.0582482132640147,1,9
