gen,nevals,avg,stddev,min,max,run,representation
0,50,-0.009999999999999724,0.0,-0.009999999999999724,-0.009999999999999724,2,1
1,44,-0.010466666666443008,0.0011566234376395197,-0.013333333331737479,-0.009999999999999724,2,1
2,49,-0.01093333522230471,0.001496665983816929,-0.013333363371864906,-0.009999999999999724,2,1
3,46,-0.01059999999971252,0.0012806248468735682,-0.013333333331737479,-0.009999999999999724,2,1
4,45,-0.010466666666443008,0.0011566234376395197,-0.013333333331737479,-0.009999999999999724,2,1
5,43,-0.01073333337604777,0.0013808210922430437,-0.013333335485024562,-0.009999999999999724,2,1
6,43,-0.011066667313803104,0.0015549214486532553,-0.013333363371864906,-0.009999999999999724,2,1
7,46,-0.011000003231704409,0.0015275301683221128,-0.013333495007228578,-0.009999999999999724,2,1
8,47,-0.011099993817946362,0.001619662052972726,-0.014999991645223898,-0.009999999999999724,2,1
9,45,-0.010699999997303618,0.0014177446838765343,-0.015000000042894623,-0.009999999999999724,2,1
10,45,-0.010533333933671769,0.0012220215608768166,-0.013333363371864906,-0.009999999999999724,2,1
11,47,-0.010700001220234144,0.0014177469561517863,-0.015000000042894623,-0.009999999999999724,2,1
12,43,-0.010400000042952712,0.0010832052369354039,-0.013333335485024562,-0.009999999999999724,2,1
13,44,-0.010600004983818469,0.0012806354852379555,-0.013333578230460852,-0.009999999999999724,2,1
14,46,-0.010600000834311826,0.0012806266282287264,-0.013333363371864906,-0.009999999999999724,2,1
15,48,-0.010733336366442808,0.0013808267231161348,-0.013333478659253677,-0.009999999999999724,2,1
16,42,-0.01073320963800712,0.0013805883375202113,-0.013333337423010306,-0.009999999999999724,2,1
17,50,-0.01073332418582956,0.00138080378815567,-0.013333350475747765,-0.009999999999999724,2,1
18,46,-0.010666671449504785,0.0013333428994041603,-0.013333571965267544,-0.009999999999999724,2,1
19,47,-0.01046666674794193,0.0011566236396330512,-0.013333337423010306,-0.009999999999999724,2,1
20,48,-0.010533329571995678,0.0012220115674614184,-0.013333363371864906,-0.009999999999999724,2,1
21,49,-0.01039999580782301,0.0010831937685672386,-0.013333363371864906,-0.009999999999999724,2,1
22,46,-0.010999997868374783,0.0015275219760848677,-0.013333494883244324,-0.009999999999999724,2,1
23,45,-0.010799996355272772,0.0014236039481205739,-0.013333363371864906,-0.009999999999999724,2,1
24,47,-0.010666663805567711,0.0013333276111994815,-0.013333339168078316,-0.009999999999999724,2,1
25,45,-0.01046666592449123,0.0011566215987382452,-0.013333348710330248,-0.009999999999999724,2,1
26,47,-0.010499999021676478,0.0012583030425293504,-0.014999981359761534,-0.009999999999999724,2,1
27,47,-0.010333332587626491,0.0009999977628866136,-0.013333335485024562,-0.009999999999999724,2,1
28,48,-0.010799988209711356,0.0014235894547230982,-0.013333337423010306,-0.009999999999999724,2,1
29,47,-0.010733333334662993,0.001380821014318049,-0.01333333342621272,-0.009999999999999724,2,1
30,50,-0.01080000751819711,0.0014236238133022603,-0.013333719935255922,-0.009999999999999724,2,1
31,44,-0.010466666666290505,0.00115662343726154,-0.01333333342621272,-0.009999999999999724,2,1
32,46,-0.01040000490681661,0.0010832184088037397,-0.013333578585437187,-0.009999999999999724,2,1
33,45,-0.010466670074618434,0.0011566318849325174,-0.013333499338030765,-0.009999999999999724,2,1
34,45,-0.010666667632189184,0.0013333352644047981,-0.013333363371864906,-0.009999999999999724,2,1
35,49,-0.010466656342142078,0.001156597850014421,-0.013333340505843406,-0.009999999999999724,2,1
36,44,-0.01046666479007984,0.0011566187878116467,-0.013333494883244324,-0.009999999999999724,2,1
37,48,-0.010599997671793959,0.0012806198783150517,-0.013333337423010306,-0.009999999999999724,2,1
38,47,-0.010733332455998255,0.0013808193598538847,-0.013333336390617137,-0.009999999999999724,2,1
39,45,-0.010733335009580675,0.00138082416809617,-0.013333363371864906,-0.009999999999999724,2,1
40,44,-0.010733333988140144,0.001380822244780019,-0.01333336165899242,-0.009999999999999724,2,1
41,50,-0.01086666666525015,0.0014621141442414801,-0.013333333336114672,-0.009999999999999724,2,1
42,45,-0.01039999984718306,0.001083204706789095,-0.013333333331737479,-0.009999999999999724,2,1
43,45,-0.01059999957734124,0.001280623945380786,-0.01333334446479493,-0.009999999999999724,2,1
44,47,-0.01102995229524599,0.0016280960436620023,-0.015000000042894623,-0.009999999999999724,2,1
45,46,-0.010866670104741249,0.0014621199469795748,-0.013333475135942404,-0.009999999999999724,2,1
46,46,-0.010566666717268837,0.001316983191735989,-0.015000000042894623,-0.009999999999999724,2,1
47,47,-0.010666666357148332,0.0013333327142988143,-0.013333333331737479,-0.009999999999999724,2,1
48,43,-0.0104666669321699,0.0011566240962388775,-0.01333334446479493,-0.009999999999999724,2,1
49,47,-0.010666658197005128,0.0013333163953091465,-0.013333339021305398,-0.009999999999999724,2,1
50,43,-0.010333333977041788,0.0010000019311331946,-0.013333363371864906,-0.009999999999999724,2,1
51,45,-0.010533338678893193,0.0012220324339636446,-0.013333578114831513,-0.009999999999999724,2,1
52,43,-0.010666667267000128,0.0013333345340069032,-0.013333363371864906,-0.009999999999999724,2,1
53,46,-0.010733336653186609,0.0013808272630728565,-0.013333499338030769,-0.009999999999999724,2,1
54,44,-0.010666666710005044,0.0013333334200106742,-0.013333335485024562,-0.009999999999999724,2,1
55,47,-0.010766668074459798,0.001460976274504045,-0.015000000042894623,-0.009999999999999724,2,1
56,47,-0.010737027587835022,0.0013791003209379538,-0.013333335485024562,-0.009999999999999724,2,1
57,46,-0.010799998142702993,0.0014236071290186984,-0.01333347506248075,-0.009999999999999724,2,1
58,45,-0.010600001525119357,0.0012806281027136618,-0.013333417144956412,-0.009999999999999724,2,1
59,46,-0.010648073667502332,0.0013021356777463892,-0.013333412034686078,-0.009999999999999724,2,1
60,46,-0.010333333641545926,0.0010000009246404979,-0.013333348710330248,-0.009999999999999724,2,1
61,48,-0.010666670308496879,0.0013333406171593312,-0.013333491622749457,-0.009999999999999724,2,1
62,46,-0.01073333100877187,0.0013808166355124992,-0.01333347506248075,-0.009999999999999724,2,1
63,48,-0.010400002031673732,0.0010832106224967458,-0.013333434922154276,-0.009999999999999724,2,1
64,48,-0.01033333372940529,0.0010000011882186216,-0.013333348710330248,-0.009999999999999724,2,1
65,46,-0.01040001224149759,0.0010832382719570904,-0.013333697947949745,-0.009999999999999724,2,1
66,41,-0.010866655376190073,0.0014620950997235498,-0.013333335485024562,-0.009999999999999724,2,1
67,45,-0.010599994354265747,0.0012806127979057976,-0.013333335485024562,-0.009999999999999724,2,1
68,47,-0.010600000110757856,0.0012806250848969426,-0.013333604245391893,-0.009999999999999724,2,1
69,46,-0.010733337559915958,0.0013808289722432616,-0.013333789257089912,-0.009999999999999724,2,1
70,47,-0.01066668050256827,0.0013333610061664885,-0.013333581081682875,-0.009999999999999724,2,1
71,49,-0.010533336891105114,0.0012220283374385504,-0.013333514618329682,-0.009999999999999724,2,1
72,47,-0.010999999838762799,0.0015275249853596517,-0.013333335485024562,-0.009999999999999724,2,1
73,47,-0.010566657411369591,0.0013169636431599075,-0.015000000042894623,-0.009999999999999724,2,1
74,48,-0.010666665687219532,0.0013333313745197658,-0.013333363371864906,-0.009999999999999724,2,1
75,46,-0.01039999831916289,0.001083200568944778,-0.013333333331737479,-0.009999999999999724,2,1
76,44,-0.01086667635700577,0.0014621304954488556,-0.013333625446206475,-0.009999999999999724,2,1
77,45,-0.010533333934507831,0.0012220215627924728,-0.013333363371864906,-0.009999999999999724,2,1
78,43,-0.010599990341651407,0.001280604233732391,-0.013333348710330248,-0.009999999999999724,2,1
79,47,-0.010763118847052248,0.00139815995547206,-0.013333495007228581,-0.009416481950541657,2,1
80,45,-0.010221100109280283,0.0009131173256692994,-0.013333333331737479,-0.009155210287682472,2,1
81,47,-0.010780501002613622,0.0016337208333712602,-0.015000000042894623,-0.008571146440860761,2,1
82,45,-0.007539222652321916,0.015602514944639734,-0.014999890942822188,0.06838418330387366,2,1
83,47,-0.0012658814915862176,0.02672730329042339,-0.014999890942822188,0.0974273751154447,2,1
84,49,0.021903559344865715,0.05012015370426091,-0.01599999992714441,0.17145959322319027,2,1
85,47,0.08183411418988727,0.075846955535448,-0.01600000124934372,0.32533699263324445,2,1
86,45,0.12514143514334294,0.07142222252228238,-0.014999998959058652,0.32559107073141363,2,1
87,47,0.12210726796469747,0.08663828597114312,-0.016666666911566392,0.3375191203518933,2,1
88,48,0.1768669365848149,0.13021034579021137,-0.01499999860701216,0.5638231002540758,2,1
89,45,0.23115725476607932,0.1435344855666038,-0.01499999860701216,0.5638231002540758,2,1
90,46,0.30011916716476,0.1364921332132461,-0.01714285718946719,0.5638231002540758,2,1
91,44,0.3093042424416985,0.15374824495447229,-0.01666666673219788,0.5638231002540758,2,1
92,47,0.27252642803251914,0.18351587661037144,-0.01666666103537487,0.5638231002540758,2,1
93,40,0.32392186208629176,0.2003541779830557,-0.01666666737278551,0.5840451172698817,2,1
94,46,0.3491676674385761,0.20444298366039096,-0.01666666298014218,0.5984873408074206,2,1
95,46,0.32841755018904595,0.21855360541991167,-0.016666667491652697,0.5984873408074208,2,1
96,46,0.4308148062076686,0.18606962739429087,0.046320889945830515,0.7214023156101642,2,1
97,44,0.4626163633850978,0.21038911741266983,-0.015999999549540143,0.7214023156101647,2,1
98,46,0.3608004103394724,0.25375853969129647,-0.01666666852463655,0.7214023156101647,2,1
99,48,0.4262001148284891,0.2581132690026062,-0.016666664726956704,0.7217489580009296,2,1
100,43,0.4392289940367569,0.2634882272812357,-0.016000002634983905,0.7217567228203156,2,1
