gen,nevals,avg,stddev,min,max,run,representation
0,50,-0.009999999999999724,0.0,-0.009999999999999724,-0.009999999999999724,10,9
1,46,-0.01133331563966848,0.0016329714920087998,-0.013333355876822602,-0.009999999999999724,10,9
2,41,-0.011300021026209773,0.001676330730840103,-0.014999988085480039,-0.009999999999999724,10,9
3,48,-0.0114666699777143,0.0016546268895135205,-0.013333709658771781,-0.009999999999999724,10,9
4,47,-0.011666688756357133,0.0016666887580619137,-0.013333709658771781,-0.009999999999999724,10,9
5,45,-0.011333352076548875,0.0016330161201523125,-0.01333376261180791,-0.009999999999999724,10,9
6,46,-0.011266675225749857,0.0016179657483067027,-0.013333709658771781,-0.009999999999999724,10,9
7,43,-0.011400014883276202,0.001645212516613121,-0.01333376261180791,-0.009999999999999724,10,9
8,49,-0.011499999182548985,0.0017078243223516312,-0.015000003640651871,-0.009999999999999724,10,9
9,43,-0.0069007557509490995,0.032229769102470454,-0.015000003640651871,0.21833106456863624,10,9
10,46,0.012759954554707652,0.0833361993793201,-0.015000003572238166,0.3565162298004573,10,9
11,44,0.024859193970358153,0.0871824776262061,-0.01600001455973285,0.3565126420269401,10,9
12,44,0.07978996820198296,0.13594137133639847,-0.016666691557997743,0.516016364128706,10,9
13,46,0.14411689506249203,0.13453404175591932,-0.01600010305670294,0.516016364128706,10,9
14,44,0.1589359118879255,0.13610138294379548,-0.015999996596294384,0.516016364128706,10,9
15,45,0.17764211643672215,0.14397105382004344,-0.016666601972858616,0.49545810288877545,10,9
16,45,0.23238746482659212,0.1377517584479367,-0.02000003245919965,0.5767282309640351,10,9
17,44,0.2903659090750025,0.16493455301393528,-0.017142871719275376,0.5925591661312956,10,9
18,46,0.3343417180431972,0.17139432019548376,-0.017142837872130973,0.6540773827515384,10,9
19,48,0.34285036384116013,0.17686515513421946,-0.01599995102685409,0.6144329534355992,10,9
20,45,0.33502129709256573,0.19280150438116683,-0.020000027462540503,0.7311286388604077,10,9
21,49,0.35152303485644487,0.2037279822455377,-0.020000007836354725,0.6897778624671531,10,9
22,48,0.34736047811431187,0.17420583602095713,-0.01999999695658291,0.8093908446123416,10,9
23,46,0.3809686078241177,0.18086274109321804,-0.01999999822085763,0.8093908446123416,10,9
24,44,0.3653404489399423,0.21269094769957836,-0.020000008423942377,0.8093908446123416,10,9
25,48,0.3494102178002305,0.21249598440136994,-0.019999965845716457,0.7344743889390128,10,9
26,46,0.3632435084298519,0.16246769268670572,-0.013333709658771781,0.6660941169718279,10,9
27,46,0.3623355706887114,0.16701367209180254,0.09099869367621384,0.7353409071323578,10,9
28,45,0.36450075488594896,0.21909786594924405,-0.01999999582534802,0.8096623328707975,10,9
29,44,0.36779399010083913,0.1764873871022779,-0.016666643959433316,0.8093908446123416,10,9
30,44,0.38251417161864304,0.19985343466274383,-0.02000003134153482,0.8093908446123416,10,9
31,48,0.28403402480942025,0.19844966764466063,-0.019999995131770972,0.6899124512479605,10,9
32,47,0.33990031989092606,0.17909981028109517,-0.015000004392675874,0.6776934412912926,10,9
33,47,0.32569987185269006,0.16603367168492755,-0.020000002387765392,0.6114397679402876,10,9
34,42,0.4056894465252479,0.14578986110393655,-0.017142826519459003,0.6225853936505299,10,9
35,45,0.37261517775444264,0.19646870300329447,-0.01666656381388764,0.6504651000463487,10,9
36,48,0.4320379749896113,0.1785051533818453,0.08454869217625306,0.8433582358561085,10,9
37,46,0.35907897079329987,0.2080990880414443,-0.01999996998111024,0.8433709648287333,10,9
38,48,0.42249078167883153,0.20856827704821396,0.09396665848857531,0.7912094575593233,10,9
39,46,0.4241558292221068,0.18837503111288867,0.11067099511626921,0.7912094575593233,10,9
40,46,0.37895952012795414,0.22720202548386909,-0.017142927119215643,0.7912094575593233,10,9
41,46,0.3435963248225074,0.22264094858887784,-0.020000045484714304,0.765737454937144,10,9
42,48,0.38258430893930845,0.21161373430962896,-0.02000000725597865,0.7709067776099212,10,9
43,48,0.35278828493260717,0.20033998916241047,-0.017777759222864162,0.7325086801865078,10,9
44,42,0.4031605670234111,0.17135495151812843,0.07238506171026261,0.7325086801865078,10,9
45,48,0.4217231495872754,0.1817245467489951,-0.01333333117015215,0.8199690926605717,10,9
46,43,0.38846582436024557,0.19765963800159192,-0.01666667626354606,0.8128254675368665,10,9
47,46,0.38145064903522985,0.18675282833613918,-0.01666667626354606,0.7062339229884381,10,9
48,46,0.38666036326995046,0.16937405856996612,0.09793921141282803,0.7353309536247695,10,9
49,44,0.4138146409170723,0.19674024747979604,-0.017142888916626135,0.8140608585552009,10,9
50,44,0.35038792127860463,0.19289979460453605,0.06872568118537759,0.7048353085194465,10,9
51,44,0.37558221842566225,0.21527839148155437,-0.013333316754764618,0.7048353085194465,10,9
52,50,0.41857091549981484,0.22100774144800853,-0.020000033824231187,0.7064397398912126,10,9
53,48,0.3359942196165377,0.2254749535675244,-0.020000006241939972,0.7285574249934733,10,9
54,50,0.40076289469190196,0.22974963099878437,-0.016666619439764656,0.8123082668511129,10,9
55,49,0.35851207197958046,0.22028207778117975,-0.01714294024536837,0.7489956002667454,10,9
56,47,0.385529684911478,0.20989177518010627,-0.017142881427272466,0.7290142218832922,10,9
57,46,0.399705194514191,0.23914461829074468,-0.016666643959433316,0.8169219647644769,10,9
58,46,0.3359837814130422,0.24254129570874564,-0.016666638549763347,0.9387108989776358,10,9
59,49,0.34574437831709576,0.25244362614102894,-0.016666578869784426,0.835268638861675,10,9
60,45,0.4134068906957708,0.24501384546065172,0.0571153222121187,0.9370226036061186,10,9
61,44,0.45472825974830877,0.2654912943394529,-0.016000067769548165,0.8550263662836318,10,9
62,44,0.42239939161439966,0.2895786689229836,-0.01666666186112206,0.8550263662836318,10,9
63,48,0.34610549594081486,0.23587442439172226,0.0764030237017412,0.8321550844859614,10,9
64,47,0.3664034386422935,0.2148217319126763,0.0724455310949355,0.8307805952398759,10,9
65,48,0.36587657244483934,0.21351112506338768,-0.01999999999999945,0.8333481492858277,10,9
66,46,0.4673062698434974,0.19487192558086808,-0.015000058343300671,0.8280832227725424,10,9
67,48,0.42428164454803846,0.20915389871619425,-0.017142796337264787,0.7550235429338242,10,9
68,45,0.40933394952771346,0.21419950945412317,-0.017142918161109647,0.8413458661795976,10,9
69,45,0.4693854825740118,0.21395128463338745,-0.016000082717524813,0.8413458661795976,10,9
70,44,0.44162808758134026,0.23229616200200567,-0.017142886378057675,0.8263188522350887,10,9
71,46,0.47393083488062154,0.24882293203644756,-0.01500017133447679,0.8413458661795976,10,9
72,48,0.4238744266746604,0.24353497508614239,-0.017142843637538353,0.8413458661795976,10,9
73,47,0.4286723071911267,0.25195175485443744,-0.01750010082042933,0.8413458661795976,10,9
74,48,0.4492557713604397,0.207027143432157,0.0752557312967026,0.8270496120652855,10,9
75,42,0.4489620814120625,0.22879605768893688,-0.017500018770700662,0.834783560905274,10,9
76,45,0.44451288114900833,0.25658360495067556,-0.01750003977223063,0.834783560905274,10,9
77,47,0.4128183648368216,0.254809351928456,-0.017777775720102414,0.8173132099247403,10,9
78,48,0.43886225757125097,0.24623385401429143,-0.016666723187251712,0.8173132099247403,10,9
79,45,0.4127801178966963,0.24599022707173893,-0.017777776168881713,0.8193685546486393,10,9
80,47,0.46413259985865385,0.23058134097800054,-0.016666691557997743,0.827311548384064,10,9
81,47,0.4865022755447332,0.2366821126404404,-0.020000029782376767,0.827311548384064,10,9
82,45,0.4694526007392112,0.2308102184542585,-0.009999999999999724,0.8218500005791693,10,9
83,46,0.46516694322201246,0.25036005581052906,-0.015999993520475375,0.904583202312886,10,9
84,49,0.4489207565807218,0.22869783832566953,-0.01333333283630947,0.9062418562976234,10,9
85,46,0.3893052363041086,0.2742822513008417,-0.01750004662310926,0.9062418562976234,10,9
86,48,0.4362434377344215,0.2648325259475616,-0.016000022802470124,0.9050212633360419,10,9
87,47,0.47157435793211205,0.2641523985126419,-0.017142835506402644,0.9747458785615256,10,9
88,48,0.4516484146170697,0.2547516420934614,-0.01598923383635953,0.9734165917871649,10,9
89,42,0.5222772565509496,0.26871646635114876,-0.01665924749186778,0.9743237455858629,10,9
90,47,0.4402949541103512,0.28504970179072225,-0.01714282303781926,0.9535148854812127,10,9
91,45,0.4756064844210487,0.28532911117012544,-0.0199999997863058,0.9794823974763313,10,9
92,44,0.4449078212024058,0.2696089131499748,0.0626492601568054,0.8892654075782348,10,9
93,44,0.46070194963655786,0.24826771784038545,-0.016000053408546953,0.8892654075782348,10,9
94,48,0.4764592071274776,0.23148793647895702,-0.016000019816111984,0.8999329362278823,10,9
95,47,0.4165124752535733,0.2684699345167905,-0.017142868008967835,0.8791056114660188,10,9
96,44,0.5203904640129626,0.21487856358409402,0.10379261599826362,0.9367421298823858,10,9
97,46,0.45947303875131046,0.24707184084154557,-0.01333333283630947,0.9367421298823858,10,9
98,47,0.40490507211405813,0.2213839440784318,-0.016000083636498384,0.8853553922727587,10,9
99,45,0.4402185836986318,0.25034922347747407,-0.013333201630077883,0.901056250996272,10,9
100,49,0.4667784382455419,0.2234287277319784,-0.016657659829249834,0.901056250996272,10,9
