gen,nevals,avg,stddev,min,max,run,representation
0,50,-0.009999999999999724,0.0,-0.009999999999999724,-0.009999999999999724,6,1
1,48,-0.010666666666347276,0.0013333333326951016,-0.013333333331737479,-0.009999999999999724,6,1
2,48,-0.010400000043544737,0.0010832052385386253,-0.013333335485024562,-0.009999999999999724,6,1
3,47,-0.010533340395732043,0.0012220363676174956,-0.013333494883244324,-0.009999999999999724,6,1
4,49,-0.010666666727316325,0.0013333334546332652,-0.013333336390617137,-0.009999999999999724,6,1
5,46,-0.010999994998645967,0.0015275175929730291,-0.013333494883244324,-0.009999999999999724,6,1
6,46,-0.010999996354751143,0.001527519663651084,-0.013333335485024562,-0.009999999999999724,6,1
7,44,-0.010466666713620518,0.0011566235545723872,-0.013333350475747765,-0.009999999999999724,6,1
8,44,-0.010466667267037013,0.0011566249262057156,-0.013333363371864906,-0.009999999999999724,6,1
9,45,-0.010866666768395723,0.0014621143182537955,-0.013333336390617137,-0.009999999999999724,6,1
10,44,-0.010600003356020975,0.0012806320105400487,-0.013333417144956412,-0.009999999999999724,6,1
11,46,-0.010733328958089499,0.0013808127738445788,-0.013333337423010306,-0.009999999999999724,6,1
12,42,-0.010533333889257488,0.0012220214591131722,-0.013333363371864906,-0.009999999999999724,6,1
13,45,-0.010600000497996814,0.0012806259104085258,-0.013333363371864906,-0.009999999999999724,6,1
14,41,-0.010399998454269286,0.00108320093478223,-0.013333333335673245,-0.009999999999999724,6,1
15,48,-0.010600000600377264,0.0012806261289234934,-0.013333363371864906,-0.009999999999999724,6,1
16,48,-0.010933335773448422,0.0014966668677719789,-0.013333494883244324,-0.009999999999999724,6,1
17,47,-0.011233328837051713,0.0016603155682445917,-0.015000000042894623,-0.009999999999999724,6,1
18,44,-0.010733332637590956,0.0013808197023365584,-0.013333491622749457,-0.009999999999999724,6,1
19,49,-0.01079999955158413,0.001423609635644416,-0.013333333331737479,-0.009999999999999724,6,1
20,46,-0.010333333640328268,0.0010000009209875276,-0.013333348710330248,-0.009999999999999724,6,1
21,46,-0.010933334663759356,0.0014966650881479246,-0.013333363371864906,-0.009999999999999724,6,1
22,48,-0.01116666607501604,0.0016414755212407937,-0.015000000042894623,-0.009999999999999724,6,1
23,47,-0.010733338891756596,0.001380831478370538,-0.013333578552229736,-0.009999999999999724,6,1
24,49,-0.010866666015152814,0.0014621130474957592,-0.01333333342621272,-0.009999999999999724,6,1
25,44,-0.010533329091697264,0.0012220104669223792,-0.013333347093146184,-0.009999999999999724,6,1
26,49,-0.010600000643580812,0.0012806262211359702,-0.013333363371864906,-0.009999999999999724,6,1
27,44,-0.010333333419304985,0.001000000257915832,-0.013333335485024562,-0.009999999999999724,6,1
28,46,-0.010666669901890264,0.0013333398039574937,-0.013333495007228581,-0.009999999999999724,6,1
29,47,-0.010933333331796944,0.0014966629522463152,-0.013333333333166,-0.009999999999999724,6,1
30,48,-0.011133333380966448,0.0015790293040093793,-0.013333335485024562,-0.009999999999999724,6,1
31,47,-0.01080000095100224,0.0014236121259322645,-0.013333363371864906,-0.009999999999999724,6,1
32,44,-0.010466666834162414,0.0011566238533286546,-0.013333337423010306,-0.009999999999999724,6,1
33,45,-0.010533333334758725,0.001222020188588176,-0.01333333342621272,-0.009999999999999724,6,1
34,47,-0.010933341710469105,0.0014966763883667452,-0.013333521179382034,-0.009999999999999724,6,1
35,47,-0.010733342483797016,0.0013808382429318785,-0.013333788721375393,-0.009999999999999724,6,1
36,44,-0.010399995078152018,0.001083191792813966,-0.013333360237067103,-0.009999999999999724,6,1
37,45,-0.010666662888709589,0.001333325778426002,-0.013333476506779272,-0.009999999999999724,6,1
38,45,-0.010633338071800457,0.0013699241798103166,-0.015000000042894623,-0.009999999999999724,6,1
39,43,-0.010599996571511698,0.0012806175304895982,-0.01333349174633378,-0.009999999999999724,6,1
40,47,-0.010799999343457031,0.0014236092664532342,-0.01333349174633378,-0.009999999999999724,6,1
41,49,-0.010666662282456043,0.0013333245653182352,-0.013333365470212891,-0.009999999999999724,6,1
42,49,-0.010533340948218638,0.0012220376349278146,-0.01333380270739546,-0.009999999999999724,6,1
43,43,-0.010466662041325429,0.0011566119747886878,-0.013333335485024562,-0.009999999999999724,6,1
44,48,-0.010399999999808254,0.0010832051200996263,-0.013333333331737479,-0.009999999999999724,6,1
45,45,-0.010866660459698134,0.0014621036761062747,-0.013333494883244324,-0.009999999999999724,6,1
46,46,-0.010933334023096614,0.0014966640607975176,-0.013333363441204053,-0.009999999999999724,6,1
47,44,-0.01040000060071809,0.001083206747378092,-0.013333363371864906,-0.009999999999999724,6,1
48,48,-0.010733328621931167,0.0013808121409023516,-0.013333333331737479,-0.009999999999999724,6,1
49,47,-0.010533333380810505,0.0012220202941060953,-0.013333335485024562,-0.009999999999999724,6,1
50,47,-0.010533329886665116,0.0012220122884198607,-0.013333363371864906,-0.009999999999999724,6,1
51,45,-0.010533332482715638,0.0012220182363195066,-0.013333335485024562,-0.009999999999999724,6,1
52,48,-0.01093333494953657,0.0014966655464106694,-0.013333363371864906,-0.009999999999999724,6,1
53,45,-0.01053333374362478,0.0012220211254210115,-0.013333353870932606,-0.009999999999999724,6,1
54,47,-0.010733332885699935,0.0013808201689502312,-0.013333333335673245,-0.009999999999999724,6,1
55,49,-0.010400003168178896,0.0010832137002809424,-0.01333349174633378,-0.009999999999999724,6,1
56,47,-0.010933326682265725,0.0014966522899141307,-0.013333363371864906,-0.009999999999999724,6,1
57,46,-0.010400000599313326,0.0010832067435739858,-0.013333363371864906,-0.009999999999999724,6,1
58,47,-0.010466666514229965,0.0011566230603831471,-0.013333333348010339,-0.009999999999999724,6,1
59,45,-0.01033332639605913,0.0009999791892528146,-0.013333348710330248,-0.009999999999999724,6,1
60,48,-0.01093333904445272,0.0014966721133242312,-0.01333360145210421,-0.009999999999999724,6,1
61,46,-0.010666659456598691,0.001333318914075059,-0.013333333331737479,-0.009999999999999724,6,1
62,44,-0.010633337470860642,0.0013699229951723987,-0.015000000042894623,-0.009999999999999724,6,1
63,44,-0.010666666710072034,0.001333333420154661,-0.013333360237067103,-0.009999999999999724,6,1
64,45,-0.010803693627341064,0.0014217553282776956,-0.013333348710330248,-0.009999999999999724,6,1
65,49,-0.010600001179509535,0.0012806273650122428,-0.013333363371864906,-0.009999999999999724,6,1
66,47,-0.010733334534559283,0.0013808232736587617,-0.013333363371864906,-0.009999999999999724,6,1
67,46,-0.010599999994226601,0.0012806248351654222,-0.013333340505843406,-0.009999999999999724,6,1
68,47,-0.01053332847655667,0.0012220090573855362,-0.013333333331737479,-0.009999999999999724,6,1
69,47,-0.010352757401966355,0.001149094321071526,-0.013333333331737479,-0.0076381815185602294,6,1
70,47,-0.010672204470877175,0.0015791013713894375,-0.015000000017475998,-0.0076381815185602294,6,1
71,44,-0.008346772715520857,0.016830894232458697,-0.013333348710330248,0.10890933200656279,6,1
72,43,0.0014376192554273737,0.037299059869322825,-0.015000006015336763,0.14595507753092365,6,1
73,45,0.0206044916775574,0.050817909561661656,-0.015000006015336763,0.1459550775309237,6,1
74,46,0.06812423648135904,0.05775254218355886,-0.015999999951338925,0.20782943460393535,6,1
75,47,0.07132792645321731,0.06457993780730227,-0.015999999984102425,0.20782943460393535,6,1
76,43,0.08159797483588095,0.07398540807619115,-0.016666664772261853,0.2445237577863509,6,1
77,45,0.09521045062380086,0.0785525283067902,-0.014999999990941797,0.2445237577863509,6,1
78,42,0.14619007541209167,0.07907607169743479,-0.015000378713676687,0.2642180818422715,6,1
79,50,0.14804084783816135,0.10472878528012429,-0.016666667012674576,0.31044600411169615,6,1
80,44,0.17162860729439353,0.100377731793072,-0.016260199405687927,0.3607129334231378,6,1
81,47,0.19174381846862204,0.1214601842833955,-0.01714285563352091,0.41875471064395003,6,1
82,48,0.2140205325867789,0.13243301855652442,-0.017142856006025955,0.41875471064395003,6,1
83,44,0.2754525060062377,0.13311238801504177,-0.016000109856943064,0.4771011601958875,6,1
84,49,0.28389339919134665,0.14061502953805077,-0.015999999439009205,0.4770034785024079,6,1
85,42,0.3080908796826582,0.14328823592978682,-0.01666666754003009,0.49969598862719433,6,1
86,44,0.30814360417626074,0.146780225856434,0.0028367299298204746,0.49969598862719466,6,1
87,47,0.2976547225196431,0.13439175772911055,-0.015999999997419228,0.5187314803702209,6,1
88,48,0.28522559937198333,0.16408542998485032,-0.016666666374573997,0.5515503787938276,6,1
89,49,0.3301950590674573,0.1566035026413809,-0.017142856341221407,0.5515718686692661,6,1
90,46,0.32518720693179476,0.16512784011213963,-0.017142857149635954,0.5494874829714214,6,1
91,47,0.36997478966955816,0.15678935111038533,-0.01599999950514439,0.5845497397224514,6,1
92,48,0.38022399041303906,0.16014280241125883,-0.016666666652253463,0.6262077015932719,6,1
93,47,0.3932612056209331,0.183912002486377,-0.016666667191211664,0.6262077015932723,6,1
94,47,0.40211440931220094,0.176955611707581,0.04863297350348437,0.6514757806428894,6,1
95,46,0.38956442325195006,0.21554179214206917,-0.016666666459577203,0.6631175035205561,6,1
96,45,0.4390578656334085,0.23210088899352485,-0.016666666636440102,0.6739594746022628,6,1
97,48,0.4598762632238316,0.19598929671056997,0.07109624037213223,0.6702805221551565,6,1
98,48,0.4318688540194639,0.21596622620222014,-0.015999999787691843,0.6732669719928152,6,1
99,47,0.5296299048197589,0.1686807836535848,0.12592262669167975,0.6746158458459423,6,1
100,43,0.5393502985587119,0.1856304490320193,0.10241573929920185,0.7761722306851024,6,1
