gen,nevals,avg,stddev,min,max,run,representation
0,50,-0.009999999999999724,0.0,-0.009999999999999724,-0.009999999999999724,9,0
1,46,-0.01026667805474301,0.0009043492836817675,-0.013333582871066693,-0.009999999999999724,9,0
2,47,-0.010133341538914433,0.000653237464317356,-0.013333678503814096,-0.009999999999999724,9,0
3,44,-0.010199996938047816,0.0007916106878119746,-0.013333434575286122,-0.009999999999837387,9,0
4,46,-0.010199996979664143,0.0007916108546413414,-0.01333356250006931,-0.009999999999837387,9,0
5,46,-0.010066670288996231,0.0004666920230621166,-0.013333514450431048,-0.009999999999837387,9,0
6,47,-0.010333328512332707,0.000999985538017552,-0.013333496428601882,-0.009999999999837387,9,0
7,44,-0.01019993394063091,0.0007913613997312561,-0.013333296648015639,-0.00999999999955475,9,0
8,47,-0.010266668868336047,0.0009043181319614606,-0.01333359076808614,-0.009999999997460905,9,0
9,45,-0.010399746570771466,0.0010825200969467668,-0.013333611503678131,-0.009999999999544922,9,0
10,49,-0.010466674382652683,0.0011566425646498217,-0.01333356926778354,-0.009999999997334022,9,0
11,46,-0.010399989918090762,0.0010831778227770963,-0.013333447554585478,-0.009999999997223636,9,0
12,45,-0.010133334992219592,0.0006532053998816356,-0.013333496535410135,-0.009999999997223636,9,0
13,44,-0.010133336881461707,0.0006532146552507809,-0.013333479773838646,-0.009999999997223636,9,0
14,42,-0.010266667781906403,0.0009043144552798632,-0.013333634968640519,-0.009999999997223636,9,0
15,46,-0.010400009236321625,0.001083230138592877,-0.01333353804636343,-0.009999999997223636,9,0
16,46,-0.010200000192048676,0.0007916235739859649,-0.013333502439539785,-0.009999999997223636,9,0
17,48,-0.010266671338385666,0.000904326513529922,-0.013333769876614991,-0.009999999997223636,9,0
18,46,-0.010133337733082831,0.0006532188295668591,-0.013333669876203047,-0.009999999997223636,9,0
19,46,-0.010133332331256515,0.0006531923626802779,-0.013333351799481957,-0.009999999997223636,9,0
20,45,-0.01013334007584062,0.0006532303071450015,-0.01333355188311925,-0.009999999997223636,9,0
21,47,-0.010266512501154432,0.0009037883646899398,-0.013333240781588679,-0.00999999876018818,9,0
22,45,-0.010066667300643642,0.0004666716857976262,-0.013333369101225642,-0.00999999876018818,9,0
23,48,-0.010466651450207334,0.001156586201126695,-0.01333331754217174,-0.00999999876018818,9,0
24,45,-0.010333343325718378,0.0010000314602611323,-0.013333562490872702,-0.009999998723255488,9,0
25,46,-0.010199995422106489,0.0007916068131594051,-0.013333576945410265,-0.00999999872312515,9,0
26,45,-0.010266670004490245,0.0009043249119816248,-0.013333545459046971,-0.009999997907652096,9,0
27,46,-0.010066659131818138,0.0004666169661666571,-0.013332977894957318,-0.009999997907652096,9,0
28,47,-0.01013333270670895,0.0006531975435467136,-0.013333485177871524,-0.009999997907652096,9,0
29,47,-0.010200005762190118,0.0007916499866724509,-0.01333360754226849,-0.00999999783561627,9,0
30,44,-0.010266658421732675,0.0009042883253771652,-0.013333306310477687,-0.009999987059140817,9,0
31,47,-0.010400008775416818,0.0010832370067349344,-0.013333589870205775,-0.009999987059140817,9,0
32,43,-0.010466664971136932,0.0011566314764156437,-0.013333618150401787,-0.009999987059140817,9,0
33,44,-0.010399996171818257,0.00108321135723867,-0.013333598886141032,-0.009999985661403758,9,0
34,46,-0.01053333643402976,0.001222044850836122,-0.013333636995797503,-0.009999985066801807,9,0
35,44,-0.010199990584141212,0.0007916173909358145,-0.013333451914183999,-0.009999982879406994,9,0
36,45,-0.01033322315118355,0.0010000154152044853,-0.013333468521126582,-0.009995179193467861,9,0
37,48,-0.010199899482811445,0.000791664194223847,-0.013333585135893397,-0.009995179193467861,9,0
38,44,-0.010199652198114546,0.0007916885698431214,-0.013333360216392264,-0.009995179193467861,9,0
39,48,-0.010265747052295578,0.0009046310830776086,-0.013333611970271267,-0.009994850165117952,9,0
40,44,-0.010197299829993877,0.0007923117760569929,-0.013333518722150878,-0.009994850165117952,9,0
41,46,-0.01026335846857142,0.000905352013257529,-0.01333368515181815,-0.009994738375734504,9,0
42,47,-0.010196438259088125,0.0007925311912918348,-0.013333534366767817,-0.009994681319134285,9,0
43,48,-0.010196471496147337,0.0007925664254515277,-0.01333357172635385,-0.009994655052734468,9,0
44,46,-0.0104632607714868,0.0011580230253326674,-0.013333504697499516,-0.009994655052734468,9,0
45,48,-0.010463468122371923,0.0011579203439104646,-0.013333527010917086,-0.00999432609388723,9,0
46,46,-0.01033000058340745,0.0010010815268008625,-0.013333606874632394,-0.00999432609388723,9,0
47,50,-0.010263235684110663,0.0009053231424838836,-0.013333615393512457,-0.00998502512756986,9,0
48,45,-0.010261663158170755,0.0009056202774464302,-0.013333519735167883,-0.00998502512756986,9,0
49,49,-0.010194577141737762,0.0007930240829040462,-0.01333353748181018,-0.00998501899227198,9,0
50,44,-0.010240000702507104,0.0008531167005218387,-0.013333304893666005,-0.009984743582055594,9,0
51,46,-0.010122448377966005,0.0006554772185292705,-0.013333490756257737,-0.009984645225131242,9,0
52,44,-0.01012195386373517,0.0006555757886687262,-0.013333489192096811,-0.009984645225131242,9,0
53,43,-0.010323677321813022,0.00100328736944054,-0.013333671898950135,-0.00998463217910898,9,0
54,46,-0.010323873554383798,0.0010031703524140657,-0.013333518085455683,-0.009984645225131242,9,0
55,47,-0.010257849174359599,0.0009068885920368599,-0.013333354560090814,-0.009984331578375387,9,0
56,46,-0.010122446314623737,0.0006554592594321904,-0.013333664020650404,-0.009984331578375387,9,0
57,49,-0.010524413295365858,0.0012259542694362403,-0.013333663015529237,-0.009984331578375387,9,0
58,49,-0.010323824101125076,0.0010032005350823596,-0.013333570729820849,-0.009984314748593454,9,0
59,47,-0.010522808869317208,0.001226677886292494,-0.013333653643403477,-0.009984314748593454,9,0
60,43,-0.010189680308685698,0.0007943100996212936,-0.01333362865274577,-0.009984316861097603,9,0
61,45,-0.01012196141073665,0.0006555274496164826,-0.013333264203726844,-0.009984316861097603,9,0
62,48,-0.010122032998067831,0.0006539128318781358,-0.013333484274356806,-0.009984316861097603,9,0
63,47,-0.010188947718964121,0.0007944931710004861,-0.01333357234916289,-0.009984313411277998,9,0
64,47,-0.010390217781417535,0.0010869005241450189,-0.013333714355209667,-0.009984313411277998,9,0
65,48,-0.010189762020331512,0.0007935797850719993,-0.013333459690902034,-0.009984309775013913,9,0
66,46,-0.010189087255736093,0.0007944065177942942,-0.01333355540911553,-0.009984309775013913,9,0
67,43,-0.010190589852338885,0.0007940585439588393,-0.013333558655252051,-0.00998430923778756,9,0
68,49,-0.010188672820596609,0.000794539484461066,-0.013333596109381032,-0.00998430923778756,9,0
69,45,-0.010458299310928848,0.0011600586304961495,-0.013333575923565226,-0.009984308100943954,9,0
70,48,-0.010255113682282267,0.0009077116517582169,-0.013333516332256901,-0.009984307239011626,9,0
71,43,-0.010121697522187579,0.000655626132778814,-0.013333466833580622,-0.009984307239011626,9,0
72,44,-0.01012273724636912,0.0006553775213480631,-0.013333302021257959,-0.009984307239011626,9,0
73,49,-0.010390124393117324,0.001086882853691667,-0.013333562879581262,-0.009984307239011626,9,0
74,46,-0.010056047517257355,0.0004682659425470271,-0.013333585087941574,-0.009984307239011626,9,0
75,47,-0.010121946028293029,0.0006555476861671305,-0.01333343724802061,-0.009984307239011626,9,0
76,47,-0.010256689283797176,0.0009073374533526298,-0.013333653678491854,-0.009984307164063842,9,0
77,47,-0.010188939429998722,0.0007944579907895971,-0.01333352304627304,-0.009984307239011626,9,0
78,46,-0.010190448327092223,0.0007940692519570781,-0.013333395610122641,-0.00996180221556038,9,0
79,45,-0.010256798308867108,0.0009073070627261626,-0.013333670300479985,-0.00996180221556038,9,0
80,45,-0.01018675877312853,0.0007950270451269043,-0.01333362335555501,-0.00996180221556038,9,0
81,47,-0.010114876984245331,0.0006571183808745139,-0.013333440042646649,-0.009961756644211176,9,0
82,47,-0.010175458717116006,0.0007979399516948549,-0.013333334125891366,-0.009961756644211176,9,0
83,45,-0.01030957594690763,0.0010052043382654564,-0.013333768156995381,-0.009960082256090295,9,0
84,45,-0.010172054690283656,0.0007987546364111642,-0.01333345908559748,-0.009960082256090295,9,0
85,45,-0.010309302080992035,0.0010081313229668395,-0.013333432020218968,-0.009960082256090295,9,0
86,45,-0.010241454350765431,0.0009118882740989196,-0.01333359539025327,-0.00995622510230211,9,0
87,45,-0.010509379417832494,0.0012325114318594856,-0.013333369575687405,-0.009956212197050581,9,0
88,46,-0.01010372872664986,0.0006593936825171862,-0.013333167646016645,-0.009956212197050581,9,0
89,48,-0.010374882564778289,0.0010926640479043156,-0.013333727071162437,-0.009956212197050581,9,0
90,45,-0.009967531822806122,1.8332549568141127e-05,-0.009999999999999724,-0.009956212197050581,9,0
91,48,-0.010174604210709532,0.0007981300035810177,-0.013333598157788328,-0.009956212197050581,9,0
92,48,-0.010239771465712269,0.0009124441541094895,-0.013333469678606161,-0.009956191772056013,9,0
93,46,-0.010242410533565923,0.0009116274468451859,-0.013333210376675701,-0.009956121478361911,9,0
94,47,-0.010170336578320869,0.0007993037273794669,-0.013333527245857115,-0.009956121478361911,9,0
95,47,-0.010173840576426497,0.0007984373260591854,-0.013333348136551473,-0.009956121478361911,9,0
96,47,-0.010238365118242776,0.0009128604737900574,-0.01333363639340772,-0.009956121478361911,9,0
97,44,-0.01023860620602826,0.0009111503390653617,-0.013333316576828664,-0.009956121478361911,9,0
98,47,-0.010226417726730094,0.0008815718837207318,-0.013333554560819206,-0.009954695323844418,9,0
99,48,-0.01023579634711095,0.0009110735843969511,-0.013333407045085831,-0.009954695323844418,9,0
100,46,-0.010370316581176708,0.0010943203504235701,-0.013333701929032717,-0.009954695323844418,9,0
