gen,nevals,avg,stddev,min,max,run,representation
0,50,-0.009999999999999724,0.0,-0.009999999999999724,-0.009999999999999724,10,1
1,48,-0.010733333332982029,0.0013808210111529026,-0.013333333331737479,-0.009999999999999724,10,1
2,48,-0.01053333333496727,0.0012220201890660077,-0.01333333342621272,-0.009999999999999724,10,1
3,43,-0.01053333397702477,0.001222021660210919,-0.013333363371864906,-0.009999999999999724,10,1
4,48,-0.01086666567391631,0.0014621124718140924,-0.01333333342621272,-0.009999999999999724,10,1
5,46,-0.010533334577618774,0.0012220230363491488,-0.013333363371864906,-0.009999999999999724,10,1
6,48,-0.01070000010587866,0.0014177448855555968,-0.015000000042894623,-0.009999999999999724,10,1
7,44,-0.010733333769491451,0.001380821833074474,-0.013333348710330248,-0.009999999999999724,10,1
8,48,-0.010933333457777493,0.0014966631542647482,-0.013333337423010306,-0.009999999999999724,10,1
9,46,-0.010533334283343384,0.001222022362082946,-0.013333363371864906,-0.009999999999999724,10,1
10,43,-0.01046666654679142,0.001156623141092613,-0.013333346305529657,-0.009999999999999724,10,1
11,46,-0.010933334576259657,0.0014966649478364634,-0.013333363371864906,-0.009999999999999724,10,1
12,48,-0.010600003513906895,0.0012806323476589416,-0.013333491622749457,-0.009999999999999724,10,1
13,46,-0.010733338240550876,0.0013808302521980279,-0.013333578585437187,-0.009999999999999724,10,1
14,45,-0.010533332629028495,0.0012220185715626837,-0.013333335485024562,-0.009999999999999724,10,1
15,46,-0.01040000064258761,0.0010832068607611388,-0.013333363371864906,-0.009999999999999724,10,1
16,46,-0.010766670348795894,0.0014609802700391418,-0.015000000042894623,-0.009999999999999724,10,1
17,44,-0.01073333336966841,0.001380821080236488,-0.013333348710330248,-0.009999999999999724,10,1
18,43,-0.01066667257214488,0.0013333451449584986,-0.013333645762270231,-0.009999999999999724,10,1
19,45,-0.010933309229841072,0.0014966243050922733,-0.013333348710330248,-0.009999999999999724,10,1
20,46,-0.010533346587026222,0.0012220505548234811,-0.01333375199008763,-0.009999999999999724,10,1
21,49,-0.010533325430526647,0.0012220020791538376,-0.013333370332720123,-0.009999999999999724,10,1
22,49,-0.01079999790833339,0.001423606712409253,-0.013333543449955201,-0.009999999999999724,10,1
23,46,-0.01060001144142482,0.0012806492713407624,-0.013333806403229035,-0.009999999999999724,10,1
24,43,-0.010800003012240015,0.001423615794124443,-0.01333350508226189,-0.009999999999999724,10,1
25,42,-0.010533348140250096,0.0012220541166472023,-0.01333411220267445,-0.009999999999999724,10,1
26,43,-0.01046665754800751,0.0011566008384113952,-0.013333346305529657,-0.009999999999999724,10,1
27,45,-0.010564381214743408,0.0012277821682370857,-0.013333337423010306,-0.009999999999999724,10,1
28,45,-0.011133328211455611,0.0015790221021628084,-0.013333541636828759,-0.009999999999999724,10,1
29,50,-0.010599994011952494,0.0012806120673601426,-0.013333351521637704,-0.009999999999999724,10,1
30,45,-0.010843460939867442,0.0014846989777977154,-0.013333350475747765,-0.00884002948903411,10,1
31,44,-0.010721463949554802,0.0015005177178739476,-0.013333351521637704,-0.008393464195288067,10,1
32,47,-0.010763917454329735,0.0017690437737418521,-0.01499970280383371,-0.0076381815185602294,10,1
33,45,-0.010236002284462205,0.0040307864565083855,-0.013333499815071497,0.0134945565104238,10,1
34,45,-0.006519281832771796,0.010164644784431317,-0.014762621594446603,0.029768797155641846,10,1
35,44,0.012559222255556297,0.03909840719631786,-0.01599972634105503,0.17773473709638443,10,1
36,50,0.06020884601029845,0.06902624229524222,-0.0166666663257791,0.2534270705873022,10,1
37,46,0.1267338742122014,0.07537514844602879,-0.013333338818994891,0.2634316715008549,10,1
38,47,0.17723356427407735,0.09860415513264831,-0.01500000010880933,0.5628096644445902,10,1
39,47,0.20851315763701667,0.1199715401766097,-0.016666661115458913,0.5670348019944479,10,1
40,45,0.2558122663665288,0.10435488390699951,-0.01500000069177604,0.5628096644445902,10,1
41,46,0.24780928783348455,0.16375916454990985,-0.017142865884794783,0.5670348019944479,10,1
42,47,0.3019617932190717,0.1794428844390614,-0.01714285978298766,0.603168417231867,10,1
43,46,0.310449682315528,0.17076473622096772,-0.013333338818994891,0.5693757896668415,10,1
44,46,0.3227738298612254,0.16283897531653602,-0.015999996259588575,0.5670348019944479,10,1
45,47,0.3259197879112446,0.19068656509421736,-0.01599999662964964,0.6294730548828658,10,1
46,48,0.3311307877653536,0.21069640380300755,-0.016666672104748606,0.6294730548828658,10,1
47,43,0.39573332060082417,0.2038178738241399,0.007368711303526689,0.7853206952786215,10,1
48,44,0.4088707435231679,0.2562780117739476,-0.015999975840026333,0.8647279600225778,10,1
49,43,0.43617901445569685,0.25650511579185314,-0.01500000069177604,0.785320695278626,10,1
50,46,0.46964787171850086,0.26593466388479675,-0.016666670987286813,0.8450255246532006,10,1
51,46,0.43011364664657864,0.2900388418521511,-0.01500000069177604,0.864727960022578,10,1
52,48,0.5104769538191247,0.2818867908749361,-0.0166666626946507,1.0146986644297489,10,1
53,46,0.5648318396197667,0.3065029160714944,0.04817014979252864,1.0146986644297489,10,1
54,45,0.5637916328202973,0.35911959308258096,0.028036700344079485,1.0146986644297489,10,1
55,46,0.5196586355057056,0.3954409967805176,0.028115804143967985,1.0675920020301402,10,1
56,44,0.6599012590615507,0.38378137754154285,0.05115401769436911,1.1039720523180496,10,1
57,48,0.5321566805295208,0.396812491818761,0.016995650447240482,1.1039720523180496,10,1
58,47,0.49116719395979985,0.3682829954651881,0.0035927781408133237,1.0675920020301402,10,1
59,50,0.491170598447796,0.3952754119853103,-0.0022234642303138566,1.0675920020301402,10,1
60,45,0.509210085686589,0.4158942464627532,0.018101612108472397,1.1090480553280841,10,1
61,50,0.5414739735021932,0.4007991734840828,0.02106757036013761,1.1091233248388168,10,1
62,45,0.6177603386529169,0.3996877286051207,0.018719514625391745,1.1091233248388168,10,1
63,45,0.597801828998178,0.4296065969476049,0.018718080336759636,1.1850101510242586,10,1
64,47,0.6021481425392864,0.4467353917588578,0.024119486904090742,1.2173829508338667,10,1
65,48,0.6968474720125174,0.4403907732392757,0.019292378679299088,1.2173829508338667,10,1
66,45,0.7239419329436759,0.4103755056891059,0.02978432965699459,1.2173829508338667,10,1
67,45,0.7462833866593059,0.43693953061858454,0.03812025618575331,1.2173829508338667,10,1
68,42,0.6873251951456631,0.4823831367759881,0.03900471925459623,1.2391554638182154,10,1
69,48,0.6785120757613625,0.47792051102957384,0.05363427065994318,1.236825465968058,10,1
70,44,0.7547430829609999,0.4623344507611922,0.04804866132331897,1.238871748355441,10,1
71,46,0.7418006395226113,0.45919980190153437,0.04524090174456504,1.2936738843930162,10,1
72,44,0.8664647814745888,0.4473043879216285,0.08170604027259722,1.2936738843930162,10,1
73,48,0.6501566538058924,0.4807422657453955,0.03155020229571096,1.2936738843930162,10,1
74,50,0.7292627955633307,0.4741986373017153,0.07799601845602144,1.3090042300243616,10,1
75,43,0.7646158427576306,0.4804956832900226,0.030999284699963766,1.3090042300243616,10,1
76,46,0.8298879207773672,0.5050887585344354,0.0779805119740928,1.3090042300243616,10,1
77,45,0.7852528477090367,0.5404329289973111,0.06209733799328174,1.3202256057232356,10,1
78,44,0.7255387477361123,0.5156876261186696,0.07798051197409267,1.3373575945783982,10,1
79,48,0.683885927434942,0.5018114534163894,0.10391459373204243,1.3202256057232347,10,1
80,44,0.6726141045400658,0.4926093247299697,0.02984168276227216,1.311111516980848,10,1
81,44,0.7714626396928084,0.4899308825223328,0.007612807502730395,1.311111516980848,10,1
82,48,0.6603131712106848,0.48813233065287187,0.07682423243417447,1.311111516980849,10,1
83,46,0.9204480863363238,0.4956606815283153,0.07681871520181505,1.3111115169808498,10,1
84,46,0.8556851526236572,0.5229716685377253,0.06387890472122228,1.3321099240583387,10,1
85,44,0.8616810947516739,0.5357605624724967,-0.013499409469397827,1.3321099240583387,10,1
86,46,0.8901993873717237,0.49205683893388563,0.07784536764470795,1.3373575945783969,10,1
87,49,0.7898901789707995,0.49472061266919976,0.09371352647270828,1.3373575945783969,10,1
88,47,0.7713788733940291,0.5074760742078128,0.05601431349869049,1.3649540143186407,10,1
89,46,0.6538583363870889,0.5071355602059943,0.06707478469173833,1.3454243600617335,10,1
90,40,0.8431332295345054,0.49105755976024895,0.047680693700872766,1.3454243600617337,10,1
91,45,0.6627218926418544,0.5180805169253474,0.019766529728723302,1.3454243600617337,10,1
92,43,0.7399678134225496,0.5317984538106248,0.06427818085454742,1.3454243600617337,10,1
93,42,0.6407293823645541,0.5241984312080927,0.07860451144616369,1.3454243600617337,10,1
94,45,0.6316942604535078,0.5408159604667715,0.04075349885933614,1.3736468417816032,10,1
95,46,0.538588881511397,0.47742478537784516,0.06221440270684037,1.3736468417816032,10,1
96,47,0.6180502619658168,0.5160461727802063,0.07913048794499876,1.3736468417816032,10,1
97,47,0.6925034840664339,0.5332829669556282,0.022018585185062528,1.3736468417816032,10,1
98,45,0.600626278007958,0.5114585282525512,0.0008263415871402895,1.3736468417816032,10,1
99,47,0.7160121808944753,0.5172962144262117,0.0645378840208679,1.373646841781604,10,1
100,49,0.6334186947230018,0.5387785932438769,0.07109238952595999,1.373646841781604,10,1
