gen,nevals,avg,stddev,min,max,run,representation
0,50,-0.009999999999999724,0.0,-0.009999999999999724,-0.009999999999999724,5,0
1,46,-0.010199997092599318,0.0007916112980375514,-0.013333337689080597,-0.009999999999999724,5,0
2,48,-0.010266668311072612,0.0009043162410974873,-0.01333347274028655,-0.009999999999999724,5,0
3,46,-0.010199999807144793,0.0007916220429494755,-0.01333347888918064,-0.00999999999999972,5,0
4,48,-0.010333327962801146,0.000999983889665688,-0.013333503978150349,-0.00999999999999972,5,0
5,46,-0.010333339981992547,0.0010000199464987184,-0.013333527708563978,-0.00999999999999972,5,0
6,49,-0.010133326276004629,0.0006531626919305781,-0.013333327920668095,-0.00999999999999972,5,0
7,46,-0.010333321494839134,0.0009999644853636125,-0.013333298066490426,-0.009999999989073674,5,0
8,48,-0.010199998293108394,0.000791616052735453,-0.013333518383855048,-0.009999999989073674,5,0
9,47,-0.01046617778218329,0.0011568601016672983,-0.013333596665278648,-0.009974963911121558,5,0
10,44,-0.010244433416059651,0.0008454445149733497,-0.013333282123191981,-0.009974963911121558,5,0
11,44,-0.010191549003758087,0.0007938518104561686,-0.013333543402625287,-0.009974941991425287,5,0
12,48,-0.01018384099603657,0.0007957626195498935,-0.013333483301484506,-0.009974941502769952,5,0
13,47,-0.010251184540498249,0.0009089642250512305,-0.013333548824296191,-0.009974918969338078,5,0
14,44,-0.010249113684004479,0.0009095484035214445,-0.013333433393956717,-0.009974918969338078,5,0
15,49,-0.010317663064362858,0.001005314068568787,-0.013333878444099534,-0.009974918969338078,5,0
16,40,-0.010183401171587846,0.0007958916846102604,-0.013333483284833747,-0.009974897303289076,5,0
17,48,-0.010248749240156278,0.0009095245725267618,-0.01333355743613887,-0.009974897303289076,5,0
18,46,-0.010248325447299936,0.0009096258513953147,-0.0133335434631621,-0.009974897303289076,5,0
19,47,-0.010114181378949,0.0006571962750961531,-0.01333361934853778,-0.009974885918679724,5,0
20,43,-0.010047461700357524,0.0004695295681768713,-0.01333350070838707,-0.009974885918679724,5,0
21,47,-0.010355775789590899,0.0010268517575662496,-0.013333458272850455,-0.009974885918679724,5,0
22,44,-0.010185567006100764,0.0007953348592962701,-0.013333406137512252,-0.009974885918679724,5,0
23,46,-0.010384936322247207,0.0010888342121184672,-0.013333595051775522,-0.009974882791670562,5,0
24,46,-0.010182317597512293,0.0007961812278466835,-0.013333608888247852,-0.009974882791670562,5,0
25,48,-0.010320231780596979,0.0010041398583936424,-0.013333510408941108,-0.009974882791670562,5,0
26,45,-0.010187533612291758,0.0007949028853701371,-0.013333575325023852,-0.009974882791670562,5,0
27,43,-0.009980623639958578,9.835687947795686e-06,-0.009999999999999724,-0.009974882791670562,5,0
28,47,-0.010249390066040087,0.0009094311457096401,-0.013333531522794916,-0.009974879872089665,5,0
29,47,-0.010181940245658303,0.0007962081125510956,-0.013333312953901472,-0.009974879872089665,5,0
30,46,-0.010317730442506154,0.0010052683337457694,-0.0133336303584387,-0.009974879872089665,5,0
31,49,-0.010320120269045434,0.0010037440775940531,-0.013333628151993614,-0.009974879872089665,5,0
32,46,-0.010092659861128237,0.0005519307085025139,-0.013333449592755986,-0.009974879872089665,5,0
33,47,-0.01024216143710644,0.0008829974737206629,-0.013333676774307066,-0.009974879872089665,5,0
34,45,-0.01038367637680867,0.001088978365180289,-0.013333672942234073,-0.009974879824093903,5,0
35,48,-0.010182309703659308,0.0007961534205469027,-0.013333595450812138,-0.009974879824093903,5,0
36,42,-0.010248620158412105,0.0009096957760607303,-0.01333390202145639,-0.009974879824093903,5,0
37,46,-0.010248649696372536,0.0009096776963794714,-0.01333356199255665,-0.009974879824093903,5,0
38,47,-0.010180334019415382,0.0007966552715489541,-0.013333614873676165,-0.009974879824093903,5,0
39,46,-0.010252139786654109,0.0009086473318262978,-0.013333618801067834,-0.009974879824093903,5,0
40,45,-0.010181606535141703,0.0007963164849849522,-0.013333414113296192,-0.009974879824093903,5,0
41,44,-0.010119035953670842,0.0006562399225027401,-0.013333530737495422,-0.009974879824093903,5,0
42,45,-0.010250779466670601,0.0009088759462776694,-0.013333625413261595,-0.009974879824093903,5,0
43,44,-0.010250638982191687,0.0009090751392460421,-0.013333389903759842,-0.009974879824093903,5,0
44,49,-0.01011581569434916,0.0006566199695941573,-0.013333182275511305,-0.009974879824093903,5,0
45,47,-0.010451313238949728,0.0011625921747749116,-0.013333644779852827,-0.009974879824093903,5,0
46,42,-0.010115910762154361,0.0006568732664854843,-0.01333351608673381,-0.009974879824093903,5,0
47,50,-0.010317184208678143,0.001005409448454737,-0.013333422118635562,-0.009974879824093903,5,0
48,46,-0.010113819753130351,0.0006571737536870493,-0.01333340310814099,-0.009974879824093903,5,0
49,47,-0.010317460127473827,0.0010053992174197854,-0.013333641312991177,-0.009974879824093903,5,0
50,47,-0.01025105324546365,0.000908204010890947,-0.013333606295351805,-0.009974879824093903,5,0
51,46,-0.010139191698472211,0.0006740300386399335,-0.013333397296561012,-0.009974878960178435,5,0
52,46,-0.010184614186404093,0.0007956384885459943,-0.013333534016869035,-0.009974878960178435,5,0
53,46,-0.010185932206861203,0.0007952530323221469,-0.013333502180161775,-0.009974878960178435,5,0
54,44,-0.010048067366553717,0.00046946875179864505,-0.013333600021096643,-0.009974878960178435,5,0
55,46,-0.010448561392581008,0.0011606270628074394,-0.01333359740656081,-0.009974878960178435,5,0
56,46,-0.010249254037192504,0.0009093462976008108,-0.013333447201309153,-0.009974878960178435,5,0
57,46,-0.010114421731828244,0.0006571073447211558,-0.013333655684095846,-0.009974878960178435,5,0
58,46,-0.010046943115245224,0.00046954316355332957,-0.013333136338105109,-0.009974878960178435,5,0
59,49,-0.010250335374013935,0.0009092217081248693,-0.013333564228898464,-0.009974878960178435,5,0
60,44,-0.010114760805762846,0.0006561114412784838,-0.013333229937320643,-0.009974878960178435,5,0
61,48,-0.01042763017330801,0.0011174306266743298,-0.013333652156087979,-0.009974878960178435,5,0
62,49,-0.01031884706212999,0.0010043980214060162,-0.013333478917382575,-0.009974878960178435,5,0
63,47,-0.010318364876468636,0.001005071611188068,-0.013333574126435465,-0.00997486884605636,5,0
64,49,-0.010116546061063913,0.0006567478186239162,-0.013333544446545838,-0.00997486884605636,5,0
65,47,-0.010115345955365626,0.0006569685890904801,-0.01333343574856107,-0.00995913510548371,5,0
66,50,-0.010316318042626218,0.0010057540467170666,-0.01333368559535353,-0.00995913510548371,5,0
67,48,-0.010047417691798755,0.00046964963382076886,-0.01333363947268802,-0.009959155897234576,5,0
68,48,-0.010112396399991558,0.0006575832376463142,-0.013333088722595586,-0.009959134832653331,5,0
69,46,-0.010306756540582768,0.0010089992049225381,-0.01333360457718127,-0.009959134832653331,5,0
70,48,-0.01043683975857263,0.0011683845380059158,-0.013333415746209845,-0.009959155897234576,5,0
71,47,-0.010240495481846962,0.0009121458722602675,-0.013333395101756918,-0.009959138993509855,5,0
72,50,-0.01012366395342175,0.0006648810187287181,-0.0133338724853203,-0.009959138993509855,5,0
73,45,-0.010225128291542894,0.0008709565289620706,-0.013333461209954017,-0.009959138993509855,5,0
74,47,-0.010104292067310354,0.0006592984769013735,-0.013333299428080607,-0.009959138993509855,5,0
75,46,-0.010160696990691533,0.0007663516695582942,-0.013333184655542516,-0.009959137492825374,5,0
76,48,-0.010304627177269399,0.001009672473932209,-0.013333564389673742,-0.009959137492825374,5,0
77,44,-0.010378441026150901,0.0010912658708803148,-0.013333543962341174,-0.009959137902097622,5,0
78,48,-0.010171140246877044,0.0007990238398679453,-0.013333161774426611,-0.009959137902097622,5,0
79,47,-0.01016986726307888,0.0007993861883529603,-0.013333596518360582,-0.009959137902097622,5,0
80,47,-0.010303599200339755,0.0010099346808685582,-0.013333586968757373,-0.009951047307059587,5,0
81,44,-0.010101118779655997,0.0006599865378790166,-0.01333400111834952,-0.009951047307059587,5,0
82,47,-0.010166500896341822,0.0008001957722696735,-0.013333455105495875,-0.009951047307059587,5,0
83,48,-0.010306402189410712,0.0010091467717091996,-0.013333509448407745,-0.009950857306480421,5,0
84,47,-0.010100725728401719,0.0006601435993776454,-0.01333346218363191,-0.009950857306480421,5,0
85,45,-0.010094794486933551,0.0006611609707183574,-0.013333358417062735,-0.009950850593990458,5,0
86,48,-0.010302521980885031,0.001010505872796654,-0.013333606256149964,-0.009950850593990458,5,0
87,47,-0.01030013986892333,0.001011046452345656,-0.013333479581246374,-0.009950850593990458,5,0
88,44,-0.01030264923149757,0.001010399486271558,-0.01333358908987102,-0.009950850593990458,5,0
89,48,-0.01003143449719456,0.000472178824462049,-0.013333280399790334,-0.009944657030768583,5,0
90,45,-0.01017104310006497,0.0007992562256761485,-0.01333342715744032,-0.009944657030768583,5,0
91,46,-0.010229489272857406,0.0009154557039444846,-0.013333646199961453,-0.009944635923871377,5,0
92,49,-0.010233011183841744,0.000914495104660364,-0.013333513264800215,-0.009944657030768583,5,0
93,47,-0.010098234025583179,0.0006608068151643534,-0.013333389064236945,-0.009944657030768583,5,0
94,46,-0.010297536136414131,0.0010121917153510208,-0.013333528847161774,-0.009944633039817,5,0
95,49,-0.010166331495159393,0.000800500457363584,-0.013333443707266293,-0.009944648880008166,5,0
96,45,-0.010301447126404358,0.0010109302698314893,-0.013333597170840641,-0.009944629027524212,5,0
97,44,-0.010161526378324716,0.0008016533596483676,-0.013333397220890419,-0.009944629027524212,5,0
98,47,-0.010430561686849369,0.0011713957769644387,-0.013333601946269582,-0.009944629027524212,5,0
99,45,-0.01016085853145433,0.0008018260691360271,-0.013333653804452965,-0.009944629027524212,5,0
100,49,-0.01030165979754125,0.0010108156648460588,-0.013333388714483536,-0.009944629027524212,5,0
