gen,nevals,avg,stddev,min,max,run,representation
0,50,-0.009999999999999724,0.0,-0.009999999999999724,-0.009999999999999724,10,0
1,47,-0.010066667746674836,0.00046667422672578657,-0.013333387333755343,-0.009999999999999724,10,0
2,45,-0.010266660160387044,0.000904288602520765,-0.013333462013510985,-0.009999999999999724,10,0
3,47,-0.010133320698670754,0.0006531353708814017,-0.013333335162990343,-0.009999999999999724,10,0
4,45,-0.010133326812578398,0.0006531653203559847,-0.013333316807217884,-0.009999999999999724,10,0
5,44,-0.010200000981143948,0.0007916266886415207,-0.013333389413155646,-0.009999999999999724,10,0
6,46,-0.010266663771488266,0.000904300846430785,-0.013333328948605195,-0.009999999999999724,10,0
7,45,-0.010066585397012924,0.00046665920696224245,-0.013333197578879913,-0.009996072271779509,10,0
8,46,-0.010266597521475622,0.000904365904781711,-0.013333537099102623,-0.009996072271779509,10,0
9,48,-0.010133252918933338,0.0006532368687672601,-0.013333532073382202,-0.009996072271779509,10,0
10,43,-0.010133255414528697,0.0006532087390321821,-0.01333338707358385,-0.009998055273881952,10,0
11,47,-0.010262350821979732,0.0008904091573574848,-0.01333367046894224,-0.009998784817829742,10,0
12,43,-0.01019967465659976,0.0007917058696326204,-0.013333608952782247,-0.009996215368305082,10,0
13,44,-0.010265917687107462,0.0009045712651164893,-0.01333364844528405,-0.009996215368305082,10,0
14,49,-0.01026545718870203,0.0009047073711356478,-0.01333351906493121,-0.009996215368305082,10,0
15,44,-0.010198363575084737,0.0007920760134825282,-0.013333582567404523,-0.009996215368305082,10,0
16,49,-0.01019758191831096,0.0007922196470210948,-0.013333291403860175,-0.009996215368163064,10,0
17,45,-0.010264309255255892,0.0009050255719755656,-0.013333548853148565,-0.009996182888411902,10,0
18,46,-0.01026484117031027,0.0009049007076664108,-0.013333689295351758,-0.009996182888411902,10,0
19,43,-0.010130765575735239,0.0006537335075476313,-0.013333568811333248,-0.009996182888411902,10,0
20,44,-0.010447553694684569,0.0011208675607936606,-0.013333726749350603,-0.009996182888411902,10,0
21,46,-0.010197676841583507,0.0007922565184379599,-0.013333633685791548,-0.009996182888411902,10,0
22,49,-0.010130797277233117,0.0006537070114486305,-0.013333519721589741,-0.009996157290585365,10,0
23,46,-0.010263912918664147,0.0009051288516898317,-0.0133334774424741,-0.009996123734127315,10,0
24,47,-0.010397669708332398,0.0010840561271910749,-0.013333559810684938,-0.009996123734127315,10,0
25,45,-0.010063976319436136,0.00046706185000449556,-0.013333389011099641,-0.009996123734127315,10,0
26,49,-0.010331125810383139,0.0010007000230393736,-0.01333345398109869,-0.009996123734127315,10,0
27,48,-0.01026487300876533,0.0009048734395329503,-0.013333593171446808,-0.009996123609078192,10,0
28,47,-0.010330784495726336,0.001000891436582963,-0.01333358815618761,-0.0099960979631531,10,0
29,43,-0.010264002729033557,0.0009050926429671148,-0.013333521958286474,-0.0099960979631531,10,0
30,44,-0.010197526561608834,0.0007922525516103409,-0.013333413918181037,-0.0099960979631531,10,0
31,47,-0.010263845597691522,0.0009051858813090533,-0.013333580506001953,-0.0099960979631531,10,0
32,49,-0.010130841750015804,0.0006537661059012532,-0.01333362189064992,-0.009996097257170579,10,0
33,46,-0.010130065023064218,0.0006495581164698428,-0.01333315540655467,-0.009996097257170579,10,0
34,47,-0.010264166012446427,0.0009051041806214914,-0.013333654589722266,-0.009996072271779509,10,0
35,46,-0.010197639986006915,0.0007922092503351501,-0.01333352263461735,-0.009996072271779509,10,0
36,46,-0.010197312716880198,0.0007923308067502569,-0.013333611122168802,-0.009988578044080739,10,0
37,43,-0.010130189209316387,0.0006538858992426867,-0.013333575021681832,-0.009988578044080739,10,0
38,45,-0.010128940673421927,0.0006538296638763299,-0.013333439493027274,-0.009988575293953736,10,0
39,48,-0.010194030154169866,0.0007931621017073053,-0.01333352524170312,-0.009988575293953736,10,0
40,48,-0.010525850127749932,0.0012252749034606769,-0.0133335207878023,-0.009988575293953736,10,0
41,47,-0.010459627075917608,0.001159526672511797,-0.013333573825327176,-0.009988575293953736,10,0
42,47,-0.010192461186167512,0.0007935595118285147,-0.013333496014708816,-0.009988575293953736,10,0
43,47,-0.010192025677128194,0.0007931320476470623,-0.013333455180004793,-0.009988575293953736,10,0
44,44,-0.010392150349946056,0.001086146790474369,-0.013333547679081827,-0.00997539835850706,10,0
45,45,-0.010393650437474216,0.001085554851164302,-0.013333603465521529,-0.00997539835850706,10,0
46,48,-0.010459486817801598,0.001159471575366494,-0.013333695457859982,-0.00997539835850706,10,0
47,49,-0.01038944368564964,0.0010871382213529198,-0.013333586350836589,-0.009975390623988058,10,0
48,48,-0.010243814272675096,0.0008797320206082467,-0.013333423601158184,-0.009962168812682496,10,0
49,49,-0.01025073228380669,0.0009090334329291183,-0.013333426208792699,-0.009962168812682496,10,0
50,44,-0.010378825045235067,0.0010812859760167823,-0.013333548587670038,-0.009962168812682496,10,0
51,45,-0.010109981877635368,0.0006580318881401121,-0.013333161075911613,-0.009962162242304527,10,0
52,46,-0.01024382170066529,0.0009111728861967348,-0.013333580157225756,-0.009959707497506366,10,0
53,44,-0.010241402296858125,0.0009118235120455007,-0.013333651721549064,-0.009959707497506366,10,0
54,47,-0.010172107254445187,0.0007987737041265887,-0.01333325916406127,-0.009956981611451728,10,0
55,48,-0.010170543388750966,0.0007992277590243654,-0.013333611883838876,-0.009956981611451728,10,0
56,46,-0.010307637936565335,0.0010086944775008868,-0.013333487041528383,-0.009956976269409593,10,0
57,48,-0.010175103141064535,0.0007981414335870769,-0.013333473853574822,-0.009956976269409593,10,0
58,47,-0.01024034197507768,0.0009122417372464927,-0.013333373120104153,-0.009954596939208108,10,0
59,44,-0.010506863748180058,0.0012337230431094877,-0.013333580666538333,-0.009954596939208108,10,0
60,48,-0.010372633609361024,0.0010934193924558608,-0.013333407786683474,-0.009954596939208108,10,0
61,46,-0.010239013373245811,0.0009126305985004272,-0.013333476867813169,-0.009954596939208108,10,0
62,48,-0.00996907684487231,1.887756735646191e-05,-0.009999999999999724,-0.009954596939208108,10,0
63,45,-0.010171039561217322,0.0007991458964929242,-0.013333614461238718,-0.009954379132158433,10,0
64,48,-0.010102466538221557,0.0006597651387930659,-0.013333599255636427,-0.009954379132158433,10,0
65,47,-0.010574849300679257,0.001292576409625573,-0.013333643519434512,-0.009954379132158433,10,0
66,49,-0.01010037112805167,0.0006601337537398987,-0.013333241360253541,-0.009954379132158433,10,0
67,47,-0.010234608723809647,0.0009139099819770284,-0.01333339818870769,-0.009954379132158433,10,0
68,46,-0.01023929306737698,0.0009126151301397004,-0.013333634299010723,-0.009954372988395487,10,0
69,41,-0.010236110146276421,0.0009134702715527303,-0.013333376475610373,-0.009954372988395487,10,0
70,46,-0.010237650484252072,0.0009130720510836313,-0.013333465425171331,-0.009954372988395487,10,0
71,42,-0.010238160339696012,0.0009129217046217833,-0.013333636515237808,-0.009954311331830171,10,0
72,44,-0.010033322852799544,0.0004717718040748719,-0.013333396019710623,-0.009954311331830171,10,0
73,47,-0.01008984755924706,0.0006058093006215935,-0.013333559759837726,-0.009954292264417854,10,0
74,47,-0.010166550943176984,0.0007998947837879435,-0.013333484006639347,-0.00995422626974232,10,0
75,47,-0.010234140636050618,0.0009140654656700705,-0.01333355070801493,-0.00995422626974232,10,0
76,46,-0.010371273740458481,0.0010927356834680517,-0.013333500441420662,-0.009954133887065304,10,0
77,45,-0.01016529111321236,0.0008005470191220393,-0.013333587007168133,-0.009954133887065304,10,0
78,44,-0.010102357722017697,0.0006597806334406055,-0.013333488976963426,-0.009954133887065304,10,0
79,48,-0.010101003013195515,0.0006600613881533505,-0.013333512567200802,-0.009954133887065304,10,0
80,48,-0.010303616812020341,0.0010100454870732483,-0.013333499668899348,-0.009954133887065304,10,0
81,45,-0.010170601416470812,0.0007992430119874973,-0.013333434414894143,-0.009954133887065304,10,0
82,41,-0.010169961250567511,0.0007994186914264545,-0.01333335915206973,-0.009954133887065304,10,0
83,47,-0.010096528762755129,0.0006104592047035651,-0.01333362674485498,-0.009954133887065304,10,0
84,47,-0.010170353445376989,0.0007993746940498615,-0.013333732569725856,-0.009954133887065304,10,0
85,49,-0.010031011413180014,0.00047196156183703427,-0.013332955004931549,-0.009954133887065304,10,0
86,42,-0.01029970730279834,0.0010113228924460288,-0.013333790145408295,-0.009954102309375963,10,0
87,47,-0.010169274813169616,0.0007995980942290206,-0.013333574720448592,-0.009954102309375963,10,0
88,45,-0.01010828448162561,0.0006586690145673649,-0.013333440725904006,-0.009954102309375963,10,0
89,47,-0.010036106027157156,0.00047139626387259756,-0.013333181022280146,-0.009954102309375963,10,0
90,44,-0.01050526189768247,0.001234337754100838,-0.013333539432980749,-0.009954102309375963,10,0
91,41,-0.010235405122570016,0.0009136816233731607,-0.013333553685859223,-0.009954102309375963,10,0
92,49,-0.010238385678582712,0.0009128263050774014,-0.013333412477907728,-0.009954102309375963,10,0
93,49,-0.010104828968552824,0.0006593082068870514,-0.013333325537354418,-0.009954102309375963,10,0
94,47,-0.01010148457893012,0.0006585791123047566,-0.01333324095663633,-0.009953527994888816,10,0
95,46,-0.0103016988811065,0.0010107053820181317,-0.013333553896269626,-0.009953598257589423,10,0
96,42,-0.0100336531914988,0.000471759704379723,-0.013333445925764128,-0.009953598257589423,10,0
97,47,-0.010239008465776776,0.0009126767934224238,-0.013333495619310182,-0.009953598257589423,10,0
98,45,-0.010303153471607696,0.0010065430050984917,-0.01333358185791719,-0.009953598257589423,10,0
99,43,-0.010102017038050047,0.0006596596819874974,-0.013333587373207967,-0.009953598257589423,10,0
100,49,-0.010503265389168655,0.0012352941014944763,-0.013333636418916618,-0.009953598257589423,10,0
