gen,nevals,avg,stddev,min,max,run,representation
0,50,-0.009999999999999724,0.0,-0.009999999999999724,-0.009999999999999724,8,0
1,47,-0.010266665639079417,0.0009043071801959803,-0.013333441521659458,-0.009999999999999724,8,0
2,46,-0.010399986970865987,0.0010831698383021815,-0.013333336565375149,-0.009999999999999724,8,0
3,47,-0.010333047699995664,0.000999144593007401,-0.01333356845902738,-0.009999999999999724,8,0
4,45,-0.010200004382352286,0.000791640151721774,-0.01333345915562504,-0.009999999999999724,8,0
5,44,-0.010199997500033952,0.0007916129114011212,-0.013333407632690291,-0.009999999999999724,8,0
6,46,-0.009999999999999724,0.0,-0.009999999999999724,-0.009999999999999724,8,0
7,48,-0.010199995510276602,0.0007916050350652763,-0.01333333060137754,-0.009999999999999712,8,0
8,44,-0.010066667173719934,0.0004666702160414711,-0.013333358686010231,-0.009999999999999712,8,0
9,48,-0.010266678136308985,0.0009043495608337934,-0.01333362437526085,-0.009999999999999712,8,0
10,45,-0.010200011984559457,0.0007916702426463841,-0.013333708810351433,-0.009999999999999712,8,0
11,48,-0.010200007170256825,0.0007916511865234577,-0.01333348497982989,-0.009999999999999712,8,0
12,45,-0.01006666629098646,0.00046666403690711635,-0.013333314549336277,-0.009999999999999712,8,0
13,49,-0.010133333987972554,0.0006532004719599916,-0.01333342022700414,-0.009999999999999712,8,0
14,48,-0.010399992047856998,0.0010831835872846867,-0.013333518073025522,-0.009999999999394485,8,0
15,46,-0.010133333497724635,0.0006531980701584939,-0.013333348169082174,-0.009999999999394485,8,0
16,44,-0.010066668000076984,0.00046667623959275174,-0.013333401677225836,-0.009999998328387497,8,0
17,45,-0.010199997010820902,0.000791611377871945,-0.013333353463445358,-0.009999998328387497,8,0
18,42,-0.010133347019748318,0.0006532666639987155,-0.013334049311665007,-0.00999999832758765,8,0
19,44,-0.010200002686459778,0.0007916365674779667,-0.013333535807042853,-0.009999998327313749,8,0
20,43,-0.010333343724714892,0.001000034013931233,-0.01333358748253863,-0.009999997481248048,8,0
21,48,-0.010266663218799663,0.0009043022147925101,-0.013333428545870128,-0.009999997481248048,8,0
22,42,-0.01020000454292991,0.0007916459145846693,-0.013333803565364835,-0.009999997481248048,8,0
23,45,-0.01019999992414721,0.0007916263178364432,-0.013333412336514616,-0.009999997481248048,8,0
24,48,-0.010133333722839678,0.0006532046386841315,-0.013333511786792955,-0.009999997480480362,8,0
25,48,-0.010199997078203717,0.0007916164940959695,-0.01333365572579655,-0.00999999747852141,8,0
26,45,-0.010266612877016941,0.0009041317503783532,-0.01333349223309594,-0.009999997479015567,8,0
27,46,-0.010266669137780982,0.0009043225617097765,-0.013333440794031284,-0.009999997478256686,8,0
28,45,-0.010266377214160495,0.000904440303436225,-0.01333355773152968,-0.009985023473832864,8,0
29,46,-0.01053302726508552,0.0012220968666867699,-0.013333437249795682,-0.009985815637286101,8,0
30,47,-0.010265808679918817,0.0009045482461776868,-0.01333345326470126,-0.009985815637286101,8,0
31,47,-0.01013028325820184,0.0006538000557222247,-0.013333240869217878,-0.009985730012212006,8,0
32,47,-0.010393221151913186,0.001085696677622535,-0.013333490978806734,-0.009957975277052285,8,0
33,43,-0.010189594320843988,0.0007942428296603398,-0.01333339684653545,-0.009971171375796156,8,0
34,46,-0.010390881917591828,0.001086587842549943,-0.013333450896461294,-0.009959212377651152,8,0
35,46,-0.010257589946253403,0.0009070028459467098,-0.013333369173436523,-0.009959212377651152,8,0
36,48,-0.010120339342808095,0.000655964581326185,-0.013333573768587783,-0.009956251380054406,8,0
37,44,-0.010183043195588706,0.0007960314611118497,-0.013333633508256847,-0.009955758512243472,8,0
38,47,-0.010310602170997281,0.0010076876284607597,-0.013333580732819542,-0.009957358895882198,8,0
39,46,-0.010040462917832156,0.000470745135501358,-0.013333243696415113,-0.009955495036908273,8,0
40,48,-0.010301452556220439,0.0010107309560815866,-0.013333534961006987,-0.009955495036908273,8,0
41,48,-0.010237581988939084,0.0009130142321600231,-0.013333400551998466,-0.009954811581276026,8,0
42,45,-0.01016972979951973,0.0007993312035165479,-0.013333122212481124,-0.00995544256318955,8,0
43,48,-0.010239971927249842,0.0009113890936564039,-0.013333486526227432,-0.00995497848207279,8,0
44,46,-0.01003371320247934,0.00047173497963291723,-0.013333428250217414,-0.00995497848207279,8,0
45,45,-0.010169564410596443,0.0007995062341706488,-0.01333330640815669,-0.009954774323951308,8,0
46,46,-0.009968587858187269,1.971750600795633e-05,-0.009999999999999724,-0.009954774323951308,8,0
47,46,-0.010031692859503736,0.0004719300688658707,-0.013333073282339823,-0.009954774323951308,8,0
48,47,-0.010166142154222995,0.000800311750012811,-0.013333385112339977,-0.009954774323951308,8,0
49,49,-0.010096208236057298,0.0006609505508094441,-0.013333484760189534,-0.009954774323951308,8,0
50,45,-0.010168693182859083,0.0007990351239674147,-0.013333140746705118,-0.009954774323951308,8,0
51,46,-0.010368875197586065,0.0010948458845295996,-0.013333683169712155,-0.009954774323951308,8,0
52,43,-0.010102046837325325,0.0006597354147833235,-0.013333312418069143,-0.00995466918400545,8,0
53,46,-0.010238767258503425,0.0009127420977185946,-0.013333564975624148,-0.009954774323951308,8,0
54,44,-0.010146333323589494,0.0006857563743033091,-0.013333588251960116,-0.009954774323951308,8,0
55,47,-0.010033693915225328,0.0004717519902199636,-0.01333348547021962,-0.009954697210138327,8,0
56,47,-0.010101871898244146,0.0006598653990637855,-0.013333444521520368,-0.009954685701662878,8,0
57,46,-0.01016856639435123,0.0007992692725093382,-0.013333513465735587,-0.009954677988846083,8,0
58,46,-0.010235008439925065,0.0009138729636618177,-0.013333615442836318,-0.00995465628741756,8,0
59,50,-0.010104651195195269,0.0006593490605299765,-0.01333349206417398,-0.009954631458774506,8,0
60,49,-0.010034983222900216,0.000471594805645283,-0.013333361735274482,-0.009954631458774506,8,0
61,46,-0.010442382398777534,0.0011665999509900024,-0.013333610367385654,-0.009954627135526552,8,0
62,47,-0.010438538468270794,0.0011679396488519453,-0.013333623703218094,-0.009954587268892302,8,0
63,49,-0.010235676419236586,0.000913609601887374,-0.013333722518752122,-0.009954587268892302,8,0
64,49,-0.010034673627001047,0.0004716419586022341,-0.01333331873128807,-0.009954553721249525,8,0
65,45,-0.010368115175478395,0.001094578613197263,-0.013333706999147224,-0.009954546313223159,8,0
66,46,-0.010368403182147061,0.0010949548923771372,-0.01333345116664938,-0.009954546441952294,8,0
67,47,-0.010504473991902758,0.001234338533178972,-0.013333761971477728,-0.009954546441952294,8,0
68,45,-0.01030336855495153,0.0010102345940801488,-0.01333399325704311,-0.009954546441952294,8,0
69,44,-0.010368074540264807,0.0010950808226295819,-0.013333614608677612,-0.009954546441952294,8,0
70,47,-0.010174398408241496,0.000798372030439008,-0.013333911182083472,-0.009952163127242484,8,0
71,47,-0.01010238875687678,0.0006597748548424116,-0.013333272794940553,-0.009952154352962386,8,0
72,45,-0.010707085313466069,0.0013943086236816215,-0.01333355968483865,-0.009952154352962386,8,0
73,49,-0.010233438737189213,0.0009142638362786023,-0.0133339069873178,-0.009952154352962386,8,0
74,44,-0.010434223058267156,0.001169778794511715,-0.013333578097003477,-0.009952154352962386,8,0
75,46,-0.010102393420262866,0.0006585465839645859,-0.013333069432731428,-0.00995211662311115,8,0
76,49,-0.01024257216488095,0.0009117223272828997,-0.013333627905833848,-0.009952070974080662,8,0
77,47,-0.010232324238313148,0.0009140760701354917,-0.013333557813329892,-0.009952070974080662,8,0
78,47,-0.010301830071511808,0.0010107260181239938,-0.013333989538856048,-0.009952103724939574,8,0
79,43,-0.010164205045163124,0.0008008437549504407,-0.013333438732031327,-0.009952103724939574,8,0
80,47,-0.010101570225282741,0.000660003513954459,-0.01333353939877418,-0.009952103724939574,8,0
81,47,-0.010167135151703689,0.000800123860856442,-0.013333414295084913,-0.009952103724939574,8,0
82,44,-0.010234758291046708,0.0009138489953452472,-0.013333419294989008,-0.009952062462215088,8,0
83,47,-0.01037076246113985,0.001094120088525131,-0.0133335222655543,-0.00995209785485043,8,0
84,46,-0.010095676056050155,0.0006610956916464181,-0.013333448439531574,-0.00995209785485043,8,0
85,48,-0.010163482965855624,0.0008010151676425672,-0.013333723971537129,-0.00995207239772167,8,0
86,45,-0.010174513156197667,0.0007981675654697903,-0.013333743145175714,-0.00995207239772167,8,0
87,47,-0.010230609727524955,0.000915111623525927,-0.01333359522890782,-0.009952028464135152,8,0
88,46,-0.01016643088124034,0.0008003206036235331,-0.013333696340332352,-0.009952028464135152,8,0
89,44,-0.010166357747125593,0.0008003486782273368,-0.013333508965395514,-0.009952028464135152,8,0
90,45,-0.010303004743918492,0.0010103515687737582,-0.013333675993457297,-0.009952028464135152,8,0
91,45,-0.010100851466995197,0.00065911594568681,-0.013333506981682095,-0.009952028464135152,8,0
92,46,-0.010038383000241615,0.00047124492251263757,-0.013333228405505139,-0.009952028464135152,8,0
93,47,-0.010169176870083993,0.0007996772847836952,-0.013333588370571067,-0.009952028464135152,8,0
94,47,-0.010305153730517791,0.0010096057461995666,-0.013333643658263379,-0.009952027698905847,8,0
95,46,-0.010167285632548255,0.000800153206756364,-0.013333646526934419,-0.009952027698905847,8,0
96,44,-0.010102458804840272,0.0006598566550476467,-0.013333607348653817,-0.009952027698905847,8,0
97,41,-0.010097525468262798,0.0006607575024074142,-0.013333271874520047,-0.009952027698905847,8,0
98,44,-0.010228058416576083,0.0009157549688788235,-0.013333414499159363,-0.009952027698905847,8,0
99,42,-0.010036786731564223,0.00047147993082371847,-0.01333347470822782,-0.009952027698905847,8,0
100,46,-0.010303846417526383,0.0010098014937525385,-0.013333640125103931,-0.009952009413085395,8,0
