gen,nevals,avg,stddev,min,max,run,representation
0,50,-0.009999999999999724,0.0,-0.009999999999999724,-0.009999999999999724,2,0
1,44,-0.01013333880647145,0.0006532240783356457,-0.013333631883089697,-0.009999999999999724,2,0
2,44,-0.010133333365389185,0.0006531974217845575,-0.013333335532181786,-0.009999999999999724,2,0
3,48,-0.010200002803564383,0.0007916339042811354,-0.013333663943213156,-0.009999999999999724,2,0
4,45,-0.01026666086556323,0.0009042909884695555,-0.013333361443765056,-0.009999999999999724,2,0
5,48,-0.010198938035602711,0.0007874435907000953,-0.013333480349928149,-0.009999999999999724,2,0
6,47,-0.01013333242933897,0.0006531928361275123,-0.013333343970374702,-0.009999999999999724,2,0
7,47,-0.010200002431977315,0.0007916324319354205,-0.013333410448336969,-0.009999999999999724,2,0
8,44,-0.010066668331010649,0.0004666783170764701,-0.01333341655054594,-0.009999999999999724,2,0
9,44,-0.010199996795994558,0.0007916101244739542,-0.013333383507187645,-0.009999999999999724,2,0
10,45,-0.010133323091470234,0.0006531470919470884,-0.0133333251198607,-0.009999999999999724,2,0
11,47,-0.010133334380010151,0.0006532023923982084,-0.013333373981875733,-0.009999999999999724,2,0
12,45,-0.010133331936330436,0.0006532320482717486,-0.013333890454329384,-0.009999592205897242,2,0
13,48,-0.010066602320841764,0.0004666762011627012,-0.013333335575620308,-0.009999586970741,2,0
14,47,-0.010066556282474971,0.0004666698039265745,-0.013333244684972158,-0.009999586301826898,2,0
15,45,-0.0102664779941353,0.0009043951823410446,-0.01333351933818968,-0.009999586301826898,2,0
16,46,-0.010399783439138735,0.0010833132911779815,-0.013333616337162485,-0.009999586301826898,2,0
17,43,-0.010199693736228213,0.000791589815705669,-0.01333356837038371,-0.009999586154776455,2,0
18,45,-0.010266435772956073,0.000904384628699501,-0.013333564141106532,-0.009999586154776455,2,0
19,48,-0.010199660723479522,0.0007913908534874653,-0.013333478075704026,-0.009999586236895576,2,0
20,44,-0.010333104397140717,0.0010001076471594537,-0.013333560732824,-0.009999586086025478,2,0
21,46,-0.01026642293648407,0.0009043792860017134,-0.013333519153609094,-0.009999585590959823,2,0
22,47,-0.01019903883881018,0.0007887701110983939,-0.013333558537135736,-0.009999585590959823,2,0
23,47,-0.010199758454954282,0.0007916839717103905,-0.013333462884556644,-0.009999585548655664,2,0
24,45,-0.010266397901798764,0.0009044056284833121,-0.013333524114814307,-0.009999585548655664,2,0
25,47,-0.010399774526528315,0.0010833010640580857,-0.013333565357989283,-0.009999585590959823,2,0
26,50,-0.010199776617988926,0.0007916484232460956,-0.013333308294219512,-0.009999585531733982,2,0
27,45,-0.010066384308128012,0.00046667659353884943,-0.01333311988778892,-0.009998308066510897,2,0
28,46,-0.010066304531780075,0.0004667457129842704,-0.013333523294030815,-0.009998308066510897,2,0
29,46,-0.010132916357512824,0.0006532225756162374,-0.01333349788626584,-0.009998308066510897,2,0
30,47,-0.010266045688698967,0.0009043192995352189,-0.013333564474726486,-0.009998308066510897,2,0
31,47,-0.010264076047228227,0.0008989849906006455,-0.013333428437595114,-0.009998308066510897,2,0
32,47,-0.010332261046095843,0.001000392404428023,-0.013333698683957696,-0.009998308066510897,2,0
33,44,-0.010199077889323198,0.0007918715472521799,-0.01333364038394944,-0.009998308066510897,2,0
34,48,-0.010332430752148125,0.0010003061621895602,-0.013333487244327947,-0.009998308066510897,2,0
35,44,-0.010065571251179508,0.00046678315708664205,-0.013333049082891938,-0.009998308066510897,2,0
36,44,-0.010132496190161355,0.000653410051102395,-0.013333649185819302,-0.009998308066510897,2,0
37,46,-0.010198929679394382,0.0007919451312903548,-0.013333610870165213,-0.009998308066510897,2,0
38,46,-0.010199076603323205,0.0007918942485955828,-0.013333539017525512,-0.009998307905006271,2,0
39,49,-0.010266076250045452,0.0009045107020225086,-0.013333566127585917,-0.00999830717689503,2,0
40,46,-0.010132335443707098,0.0006533791368973506,-0.013333272254441397,-0.009998306854299213,2,0
41,46,-0.009999134101099268,7.868846967677041e-07,-0.010000000017777382,-0.009998306854299213,2,0
42,49,-0.010265709202038653,0.0009045900806402594,-0.013333466188173678,-0.009998306854299213,2,0
43,47,-0.01033239680011835,0.0010003543223893487,-0.0133336033135755,-0.009998306854299213,2,0
44,42,-0.010132170925728072,0.0006534166553846973,-0.013333292957345099,-0.009998306854299213,2,0
45,44,-0.010332436244406383,0.0010002409241206913,-0.013333664619692447,-0.009998306854299213,2,0
46,50,-0.010199021902289185,0.0007918914948870192,-0.013333483544537348,-0.009998306854299213,2,0
47,45,-0.01026566672462631,0.0009046221269735761,-0.01333354368792298,-0.009998306854299213,2,0
48,45,-0.010132347612335254,0.000653425265268431,-0.013333515403910094,-0.009998306698734515,2,0
49,47,-0.010332387889227683,0.0010003087518336473,-0.013333555839991103,-0.00999466334461539,2,0
50,43,-0.010264870628566528,0.0009048646647013158,-0.013333520192153822,-0.009969775155045548,2,0
51,49,-0.01033049049009932,0.0010009522117563527,-0.0133335742144162,-0.009969775155045548,2,0
52,44,-0.010259644605697275,0.000906480671560305,-0.0133336754218332,-0.009969775155045548,2,0
53,43,-0.01011619936099735,0.0006568363356246497,-0.013333434043622902,-0.009969734948125138,2,0
54,50,-0.010178781584556582,0.0007970705062859747,-0.013333493892419796,-0.009969616863880771,2,0
55,49,-0.010379739422693298,0.0010907708215435066,-0.013333591445206926,-0.009963959128308832,2,0
56,45,-0.010248443555082054,0.0009097545700208151,-0.013333320414080242,-0.009963959128308832,2,0
57,46,-0.010246802856918107,0.0009100613892960794,-0.013333450640916431,-0.009963959128308832,2,0
58,47,-0.01024510406108813,0.0009098787462637717,-0.013333521025997512,-0.009963958366201219,2,0
59,47,-0.010249761000237749,0.0009093658448533426,-0.013333433308306232,-0.009963958366201219,2,0
60,43,-0.010176916232923676,0.000797546850659096,-0.013333464030827838,-0.009963929576339419,2,0
61,46,-0.010240285619488627,0.0009121617490907524,-0.013333636604005553,-0.009963910506848138,2,0
62,50,-0.010114061028531159,0.0006572887891125442,-0.013333331558462945,-0.009963910506848138,2,0
63,49,-0.01003919594200526,0.00047076866675169725,-0.013333505174143693,-0.009963910506848138,2,0
64,43,-0.010379844951603998,0.001089509227661617,-0.013333425585484508,-0.009963910506848138,2,0
65,46,-0.010174990175165884,0.0007980948387979062,-0.013333654969260783,-0.009963910506848138,2,0
66,49,-0.010311708195134552,0.0010072752976689509,-0.013333581930412614,-0.009963908676554237,2,0
67,48,-0.010377450763229278,0.0010916215284988132,-0.013333710451230902,-0.009963908676554237,2,0
68,45,-0.010243371492080542,0.0009112311109440576,-0.013333363826945853,-0.009963908676554237,2,0
69,48,-0.010243325918011914,0.000911246557126475,-0.013333345855473869,-0.009963908676554237,2,0
70,45,-0.010309376356475558,0.0010080965747899925,-0.013333746996978828,-0.009963908676554237,2,0
71,40,-0.01017331825477597,0.0007984757581923585,-0.013333465556465187,-0.009963908676554237,2,0
72,45,-0.0102438002493323,0.000911146811869732,-0.013333647926288833,-0.009963908676554237,2,0
73,47,-0.010310492962244601,0.0010074676714930406,-0.013333670826268698,-0.009963908676554237,2,0
74,43,-0.010377152899507538,0.001091530073043381,-0.013333644453373959,-0.009963908676554237,2,0
75,45,-0.010243154184004455,0.0009113655471919742,-0.013333572964244757,-0.009963908676554237,2,0
76,48,-0.010105898291994861,0.000658915391774155,-0.013333377744713795,-0.009963908676554237,2,0
77,47,-0.010245824581833008,0.0009105684224179697,-0.013333438169384254,-0.009963908676554237,2,0
78,46,-0.0103096369956708,0.0010077901874920975,-0.013333731922974648,-0.009963908676554237,2,0
79,46,-0.010175836467368204,0.0007979048416259154,-0.013333761707769596,-0.009963908676554237,2,0
80,46,-0.010042479647719711,0.000470405428116343,-0.013333484999385371,-0.009963908676554237,2,0
81,44,-0.01017699214760998,0.000797617169400117,-0.013333600307087252,-0.009963908676554237,2,0
82,48,-0.010307534163080327,0.0010086967672417423,-0.013333984867477276,-0.009963908676554237,2,0
83,43,-0.01010767309566286,0.0006585949235556404,-0.01333342370678802,-0.009963908676554237,2,0
84,43,-0.010240384974964037,0.0009121184877010057,-0.013333358654598098,-0.009963896896825374,2,0
85,48,-0.010246090800634839,0.0009105079966405337,-0.013333451123292435,-0.009963896896825374,2,0
86,50,-0.010178189680467218,0.0007972853992462254,-0.013333528726126894,-0.009963896896825374,2,0
87,47,-0.010309299310951248,0.0010080769000113889,-0.013333532508431884,-0.009963896896825374,2,0
88,48,-0.010110750081216147,0.0006579826012009023,-0.013333542551157302,-0.009963896896825374,2,0
89,46,-0.010108106450498248,0.0006584911516006242,-0.013333465611016958,-0.009963896896825374,2,0
90,44,-0.010308692149583052,0.0010082746182904713,-0.013333720302318674,-0.009963896896825374,2,0
91,45,-0.010310918204735462,0.0010075943002412168,-0.013333625602838796,-0.009963896896825374,2,0
92,50,-0.010309403067749584,0.0010080485405212117,-0.013333475046188889,-0.009963896896825374,2,0
93,45,-0.010242401271729868,0.0009115440029937586,-0.01333333322750549,-0.009963896896825374,2,0
94,42,-0.010109633399500093,0.0006582015913254742,-0.013333374517561012,-0.009963896896825374,2,0
95,45,-0.010441736147624791,0.0011667363500959442,-0.013333606484259235,-0.009963896896825374,2,0
96,45,-0.010043028727295228,0.0004703195389504004,-0.013333472328508504,-0.009963896896825374,2,0
97,40,-0.010239700058984185,0.000912333236765864,-0.013333449534509793,-0.009963896896825374,2,0
98,46,-0.010108649498973466,0.0006584040508135643,-0.013333369230381252,-0.009963896896825374,2,0
99,46,-0.010309076525503301,0.001006099266930315,-0.013333567978850271,-0.009963896896825374,2,0
100,48,-0.010309273063596922,0.0010080542303366308,-0.013333273234464761,-0.009963896896825374,2,0
