gen,nevals,avg,stddev,min,max,run,representation
0,50,-0.009999999999999724,0.0,-0.009999999999999724,-0.009999999999999724,5,9
1,48,-0.011466664753798275,0.0016546209949419596,-0.013333355876822602,-0.009999999999999724,5,9
2,44,-0.0115666669999501,0.001713022654160965,-0.015000014853113615,-0.009999999999999724,5,9
3,48,-0.011166696317361287,0.0016415169982078358,-0.015000076694819137,-0.009999999999999724,5,9
4,45,-0.011633335597176792,0.0017156165777155602,-0.014999988085480039,-0.009999999999999724,5,9
5,49,-0.010934061485433364,0.0016365717855994356,-0.013333709658771781,-0.006702658224752726,5,9
6,45,0.002638948379524549,0.05585402349039505,-0.013333420189165739,0.23562934548412828,5,9
7,46,0.023483656589004066,0.0827744699378593,-0.01999999999999945,0.3099719923078619,5,9
8,46,0.1277559409006372,0.1571835513530249,-0.016000014422940426,0.515856477322355,5,9
9,48,0.16640222950062697,0.12908017716246706,-0.01666666763588438,0.5158761769377812,5,9
10,46,0.14985666246290918,0.13910072785813904,-0.01999999999999945,0.515856477322355,5,9
11,47,0.18077253799677034,0.14801257702446124,-0.01666668619029426,0.5158761769377812,5,9
12,44,0.21975327342279707,0.13681109257617244,-0.016666691415174323,0.515856477322355,5,9
13,47,0.24353952947094473,0.1784275733693073,-0.01714283213996707,0.7062336799094888,5,9
14,46,0.2532565068937415,0.1953517723917597,-0.017499992573570055,0.726163673689381,5,9
15,45,0.2834364938969488,0.21883933895373817,-0.019999915044426858,0.8555192105169525,5,9
16,45,0.2800672943040172,0.22894989759895912,-0.01999997326083218,0.7023220774968467,5,9
17,44,0.3192297561143757,0.20939014934242958,-0.016666667294711203,0.7023220774968467,5,9
18,42,0.34819001692754914,0.22476416032079685,-0.017142871719275376,0.7303032253756049,5,9
19,47,0.2968222720331939,0.22955978198717106,-0.016666643959433316,0.7255430146501631,5,9
20,47,0.33662293900869256,0.20473119899342404,-0.017142854487238544,0.7255430146501631,5,9
21,45,0.3606772215593472,0.216492807083239,-0.016666687655182127,0.7255430146501631,5,9
22,46,0.3184769763334951,0.21372164190795923,-0.017142854487238544,0.7066496690914972,5,9
23,46,0.3917265575509233,0.17280590004075005,0.07578538859978365,0.7328095226955581,5,9
24,45,0.3718442559139955,0.21498913658361563,-0.017499979268221375,0.7328095226955581,5,9
25,46,0.34788684773502837,0.2255439882672984,-0.017999977620356915,0.7328095226955581,5,9
26,48,0.38466703766175203,0.2043097305655347,-0.01666668396469853,0.8347638238712798,5,9
27,43,0.38692750572383966,0.22980249209152936,-0.019999991290180527,0.752199674661488,5,9
28,46,0.38011320819923045,0.2530541729871066,-0.017142854481999217,0.7684157788417713,5,9
29,44,0.44362526888709763,0.25183540855181186,-0.01749997236847848,0.7754661432871597,5,9
30,46,0.3492274641152758,0.2409245656803777,-0.017499998356487755,0.7746320723714404,5,9
31,46,0.38855617398421166,0.21247741316717803,-0.017142792148183768,0.8691337367866876,5,9
32,43,0.42793652530306686,0.1832685654603342,0.09109139747239574,0.8539704798301413,5,9
33,47,0.39971318181715515,0.20101556279682928,-0.015000061211986535,0.7528470816926759,5,9
34,46,0.373881780536631,0.23609795781345919,-0.019999996907561865,0.7628458961114195,5,9
35,39,0.44268387053487657,0.22537696485586103,-0.017777802119776132,0.7662830041550004,5,9
36,48,0.41577838377332893,0.22584935656140487,-0.014999997949778961,0.7868511855596869,5,9
37,48,0.3665016477236342,0.23217377890828264,-0.016000050175289906,0.7868511855596869,5,9
38,44,0.4144765247098846,0.22117784199156815,-0.017142870345357736,0.8675520509141843,5,9
39,42,0.4229916679288205,0.22201291915775206,-0.017500076585241903,0.7869762635298707,5,9
40,48,0.43597142153355223,0.19526636923615454,0.10486250110362366,0.7869829931172028,5,9
41,49,0.39364480240979033,0.21545389877986146,-0.014999998667038906,0.8175531357159666,5,9
42,44,0.4242008453362074,0.21741639032596788,0.060728115233248794,0.8175531357159666,5,9
43,47,0.4736995873774761,0.20511356234615716,-0.014999931536005812,0.8175531357159666,5,9
44,45,0.4582649422191173,0.21747482982096605,0.08590792571793053,0.8709866457632148,5,9
45,48,0.45197046307016003,0.21425441934304063,0.15503910760721054,0.8709866457632148,5,9
46,43,0.45151425238582676,0.22957379839795303,-0.013333229718679137,0.8709866457632148,5,9
47,46,0.4430517360829367,0.23903752091413288,0.085255442194281,0.8709866457632148,5,9
48,50,0.4036070096643894,0.23192500062872717,-0.015000006261916497,0.8709866457632148,5,9
49,45,0.430638094065125,0.23386844322553493,-0.013333398333863284,0.8709866457632148,5,9
50,44,0.48069487718956366,0.22073301842460175,0.09907408744015146,0.8664128927840218,5,9
51,45,0.39942615634175566,0.23559265926456235,-0.014999999630915946,0.8664128927840218,5,9
52,46,0.43817902095253813,0.2294586610737329,-0.016666639985175292,0.8664128927840218,5,9
53,46,0.4105296188135869,0.2404634861975624,-0.015000003352805092,0.8664128927840218,5,9
54,48,0.3457198756407279,0.21502904594431996,-0.020000022829822717,0.7820402533192773,5,9
55,49,0.3934840191315066,0.23060683857341258,-0.019999944113992956,0.7951041839498874,5,9
56,45,0.4269786932664189,0.2024046353431097,0.06972437517651378,0.7898231913834317,5,9
57,46,0.42359011036785693,0.20007256098655132,0.09179008869326767,0.848969277659201,5,9
58,46,0.37659500210166114,0.21016718908177984,-0.016000082717524813,0.7862878988454722,5,9
59,47,0.3866266419664772,0.1794426744688347,0.06220610104089909,0.7793075258508944,5,9
60,48,0.3830132903270868,0.1747024317121642,-0.013333201630077883,0.7806085128887774,5,9
61,47,0.4145717062720085,0.17252582048060686,-0.013333202202318682,0.8232793930952151,5,9
62,47,0.4133873283127547,0.1903380678846334,0.07830461613376603,0.794754804537335,5,9
63,41,0.47125146002237217,0.224040774524071,0.10161321778178212,0.9332263255299529,5,9
64,45,0.4835321057906085,0.2422371702240226,0.07525177326115545,0.8674142450899684,5,9
65,49,0.41163488429245837,0.2465831828859667,-0.01600002038710372,0.8553618681992351,5,9
66,42,0.46760058927765336,0.23944085858030337,-0.009999999999999724,0.8576874142126093,5,9
67,46,0.43665034561957256,0.25119838323664384,-0.013333709658771781,0.9332263255299529,5,9
68,48,0.4310161801712599,0.23681475919707795,0.08300837521598028,0.9378512343128784,5,9
69,49,0.3805721997867728,0.22316396801771787,0.07334788161540672,0.7904690714084375,5,9
70,44,0.40461738146160137,0.22723414564273378,-0.016000028660749708,0.8557431860030716,5,9
71,48,0.41507378247958504,0.2596390566637374,-0.016666614494745494,0.9353610966467731,5,9
72,44,0.3905933651868241,0.2226452572254431,0.09293846801542612,0.8597413971786116,5,9
73,50,0.4020157622972355,0.2199547422824515,-0.01749999550085029,0.801054337065271,5,9
74,45,0.4270250373500886,0.22173288546172454,0.1050505054608351,0.8116539541669792,5,9
75,47,0.46199921590976345,0.2518433941750976,-0.01714282424250867,0.9772233498322203,5,9
76,44,0.44049871989351,0.2439927445751148,-0.01500029077590534,0.9133716098451383,5,9
77,44,0.4385193367314972,0.26578318015223285,0.08455079191933114,1.118501648878036,5,9
78,47,0.39222346064606645,0.2189403865822346,0.06685518770595208,0.8671643784482361,5,9
79,49,0.43075948799026215,0.2378568807668968,0.07285621954024729,0.9879225013027774,5,9
80,48,0.41632517952594816,0.2260035703919597,0.09740090768764371,0.818499115305649,5,9
81,47,0.39969191721985065,0.20971775884591748,0.06128579689622834,0.818499115305649,5,9
82,47,0.40276085220080843,0.21717631561263193,-0.01499995988957713,0.8162643130193462,5,9
83,48,0.40086778104298726,0.21721050135405037,0.05280563358992,0.9018778581396577,5,9
84,44,0.4501213978149739,0.20915282800866922,0.0734326372824409,0.8795770329808189,5,9
85,49,0.45479897526884805,0.1847994810610493,0.16158177042562416,0.8059409075004476,5,9
86,48,0.4740015669550617,0.18771077572819345,-0.016666579543773544,0.8406805404725728,5,9
87,45,0.47552370003408906,0.22113472195483816,-0.016666743494462045,0.840448537228672,5,9
88,47,0.4727169535654425,0.2247282518912776,-0.016666666891247347,0.9012541711218229,5,9
89,45,0.5161260689457418,0.2218433985891564,-0.01714287778816895,0.8460111559433153,5,9
90,45,0.4500604497523607,0.24678014856272057,0.0834711868873691,0.823780215482233,5,9
91,49,0.4699441057131664,0.2039001047893472,0.07160501932554983,0.8430341757920401,5,9
92,42,0.48523871300459254,0.18732346974446917,0.17416944720508737,0.7937633233996878,5,9
93,47,0.40795358440899937,0.18859066949293687,0.0987688797745678,0.8503800052657858,5,9
94,44,0.46164684377046195,0.1862837194103562,0.11326642787288314,0.8503800052657858,5,9
95,46,0.4621890473976418,0.22800670565572725,-0.01599996329110984,0.8457735886006882,5,9
96,45,0.4823875101032424,0.24505656964950112,-0.017142771305159822,0.8217057835926301,5,9
97,46,0.5336668313912472,0.241111418093323,0.06313565642015871,0.9062150978164626,5,9
98,47,0.49177731240263356,0.2562093344566885,-0.01666667626354606,0.8688832776426614,5,9
99,46,0.4547028022479449,0.2603478217997499,-0.018333345883104403,0.8187029928092537,5,9
100,48,0.45503041839463454,0.2510058275172935,-0.01999999375335527,0.8763725366996654,5,9
