gen,nevals,avg,stddev,min,max,run,representation
0,50,-0.009999999999999724,0.0,-0.009999999999999724,-0.009999999999999724,5,4
1,45,-0.010399999999808254,0.0010832051200996263,-0.013333333331737479,-0.009999999999999724,5,4
2,46,-0.010266666666538743,0.0009043106639838328,-0.013333333331737479,-0.009999999999999724,5,4
3,47,-0.010200000600703103,0.0007916251834626066,-0.01333336337169326,-0.009999999999999724,5,4
4,47,-0.010333333933972615,0.0010000018019258924,-0.01333336337169326,-0.009999999999999724,5,4
5,46,-0.010400000036390659,0.0010832052191653584,-0.013333336549945323,-0.009999999999999724,5,4
6,48,-0.010399999999336844,0.0010832051188230452,-0.013333333331737479,-0.009999999999999724,5,4
7,48,-0.01046666726683013,0.001156624925692956,-0.01333336337169326,-0.009999999999999724,5,4
8,46,-0.010400000190618548,0.0010832056368170302,-0.01333334277777696,-0.009999999999999724,5,4
9,44,-0.010133333333309503,0.000653197264626785,-0.013333333333750884,-0.009999999999999724,5,4
10,47,-0.010333335793389074,0.0010000073804113964,-0.01333349432314843,-0.009999999999999724,5,4
11,46,-0.010266666327239342,0.0009043095133659677,-0.013333333331737479,-0.009999999999999724,5,4
12,44,-0.010266657028260571,0.0009042779796395192,-0.013333333331737479,-0.009999999999999724,5,4
13,45,-0.010266666528125476,0.000904310194602004,-0.013333333331737479,-0.009999999999999724,5,4
14,47,-0.010466666718034296,0.001156623565507484,-0.01333333590736615,-0.009999999999999724,5,4
15,46,-0.010266666915404845,0.0009043115079311293,-0.013333345775042577,-0.009999999999999724,5,4
16,45,-0.010399998245186877,0.001083200368640376,-0.013333350219990357,-0.009999999999999724,5,4
17,46,-0.01022689172202915,0.0008070664028772992,-0.013333490200336189,-0.009999999999999724,5,4
18,44,-0.010200000599614172,0.0007916251791524998,-0.01333336337169326,-0.009999999999999724,5,4
19,46,-0.009999999999999724,0.0,-0.009999999999999724,-0.009999999999999724,5,4
20,49,-0.010066666668523985,0.0004666666796698196,-0.01333333342621272,-0.009999999999999724,5,4
21,45,-0.01020000000185291,0.0007916228131376402,-0.01333333342621272,-0.009999999999999724,5,4
22,45,-0.010266662603168388,0.0009042968861427736,-0.013333494319687205,-0.009999999999999724,5,4
23,46,-0.009999999999999724,0.0,-0.009999999999999724,-0.009999999999999724,5,4
24,48,-0.010133332736451112,0.0006531943406477957,-0.013333342673420413,-0.009999999999999724,5,4
25,44,-0.010333332926456513,0.000999998779943201,-0.01333349432314843,-0.009999999999999724,5,4
26,46,-0.009999999999999724,0.0,-0.009999999999999724,-0.009999999999999724,5,4
27,48,-0.009999999999999724,0.0,-0.009999999999999724,-0.009999999999999724,5,4
28,48,-0.009999999999999724,0.0,-0.009999999999999724,-0.009999999999999724,5,4
29,45,-0.010133331055763419,0.0006531861072019778,-0.013333362446860059,-0.009999999999999724,5,4
30,47,-0.010200006277954287,0.0007916476557566817,-0.013333672715471936,-0.009999999999999724,5,4
31,46,-0.010276194296214701,0.0011783865158607983,-0.01714285710843378,-0.009999999999999724,5,4
32,43,-0.01006666700792376,0.00046666905546824297,-0.01333335039620146,-0.009999999999999724,5,4
33,47,-0.010166666514432592,0.0008333327624511796,-0.015000000190143813,-0.009999999999999724,5,4
34,47,-0.010200004119591998,0.0007916391119176204,-0.013333527453377304,-0.009999999999999724,5,4
35,47,-0.010133330288076614,0.000653182346421616,-0.013333360744990535,-0.009999999999999724,5,4
36,45,-0.008501103647453599,0.010978384563332982,-0.013333338638207414,0.06827815626551428,5,4
37,45,-0.0024461341013908623,0.03811465512736654,-0.013333373444904697,0.1961552857577604,5,4
38,48,0.0066546177666024445,0.05236334447382652,-0.015000024538930859,0.1961552857577604,5,4
39,42,0.03733247190531848,0.08139636514865693,-0.015000001631295884,0.22864486099094247,5,4
40,47,0.10338295157233557,0.0968331465479349,-0.015000003068197279,0.2614089139861346,5,4
41,48,0.17130809281695772,0.08551915632814949,-0.018181818619543072,0.26143729450394193,5,4
42,46,0.216803171325226,0.08561837777275533,-0.009999999999999724,0.3941425471234161,5,4
43,47,0.20090152416408785,0.12102493363719675,-0.015000075155617498,0.40876914766087247,5,4
44,44,0.20162137297741217,0.13970895912919803,-0.015000006364571933,0.40876914766087247,5,4
45,43,0.3014594108319503,0.11863922267282656,-0.015000021400636459,0.5397751520557001,5,4
46,45,0.36984802044590814,0.1647275533702488,-0.015000060013633248,0.8257858369951988,5,4
47,45,0.4351629860593685,0.2246575589908149,-0.009999999999999724,0.9569226915539141,5,4
48,45,0.4779892814258064,0.28472675384040536,-0.013333535517497892,0.9729310933335806,5,4
49,45,0.4709314681452073,0.3087577919260548,-0.018571410564057745,0.9780999534304796,5,4
50,47,0.6175845902110443,0.28787504736691777,-0.011406943867228759,0.9781000186620822,5,4
51,42,0.6185076766348969,0.3193164822842062,-0.01600000619083304,0.9801744572014701,5,4
52,48,0.6080367354309009,0.3144054256305778,-0.009999999999999724,0.9801744572014701,5,4
53,48,0.6038032203168531,0.37263052467127855,-0.016000006211154782,1.028678603675393,5,4
54,42,0.695540201529903,0.3153526894148821,-0.009999999999999724,1.0668021559641543,5,4
55,47,0.6419252849353722,0.3766912564857993,-0.017499999469599826,1.1151877798140268,5,4
56,46,0.6848726371686752,0.3667635169747143,-0.017777778059077595,1.1152094930895389,5,4
57,47,0.6189295515370925,0.43594581477892586,-0.016666674109041213,1.1434464069868666,5,4
58,42,0.7493800061759098,0.3523296482819885,-0.013333335841443025,1.1434464069868666,5,4
59,48,0.7196487017248486,0.4108269476795333,-0.013333196993392627,1.1599231655842839,5,4
60,47,0.778437003902518,0.3594389352436047,-0.01600000363021395,1.1712429240903783,5,4
61,49,0.6602341578158517,0.44018604345255047,-0.016666660581937207,1.1682851557806073,5,4
62,48,0.5949405391112331,0.46509121876263987,-0.016666666403577005,1.184945336995068,5,4
63,46,0.6702814523984405,0.45135385736394773,-0.01666665771602166,1.184945336995068,5,4
64,46,0.6879911879066936,0.421189933348527,-0.01777777682171417,1.1848421427280402,5,4
65,47,0.7453437264436008,0.4641842717679695,-0.01333338701714225,1.1848421427280402,5,4
66,47,0.6946863427361751,0.44985114365436574,-0.01666666854946888,1.18472172098719,5,4
67,43,0.7410389777828671,0.46206363129648687,-0.013333339110117996,1.18472172098719,5,4
68,44,0.7129023185563286,0.43762896751379515,-0.016666682513915534,1.18472172098719,5,4
69,49,0.7405147754145726,0.42113840031140687,-0.013333273895726888,1.2028184584103079,5,4
70,47,0.666047630730419,0.46120312438919464,-0.01666665703538146,1.2032696842196966,5,4
71,48,0.6158993754942843,0.4673957204926685,-0.017437101023831635,1.2071080344167375,5,4
72,45,0.7174611789592237,0.4312756709393371,-0.013333333331737479,1.2028184584103079,5,4
73,46,0.7752823618751385,0.4101688322353295,-0.013333333331590421,1.2028184584103079,5,4
74,47,0.86424871702031,0.42459780689409554,-0.017777670647439466,1.2028860094696292,5,4
75,45,0.8882063751523517,0.40596157905883345,0.05767682379509663,1.2049412951349372,5,4
76,45,0.6202437509811226,0.4886477310373384,-0.01666665563155686,1.2050102802136375,5,4
77,47,0.6816156074118236,0.4550065656744257,-0.013333385582484055,1.2051760726309968,5,4
78,47,0.7633161228565964,0.4365241037415174,-0.017777569372140187,1.2074038915573881,5,4
79,45,0.7990926807210679,0.446019875549676,-0.013333434276113523,1.2051838668271955,5,4
80,42,0.7298906138158824,0.4229383594818552,-0.017777777146765737,1.208206651093894,5,4
81,46,0.8346448114719729,0.43608453479476567,-0.017772682932715306,1.2101624210113748,5,4
82,45,0.7220864693286326,0.45186533138150603,-0.017777356152943687,1.2101624210113748,5,4
83,42,0.6500333227315266,0.4361564925633054,-0.016666657232710925,1.2101624210113748,5,4
84,44,0.7790839415360463,0.4291525575012603,-0.013333302355870947,1.2101624210113748,5,4
85,45,0.8124401960529957,0.42197117477057633,-0.01666668126739195,1.2101624210113748,5,4
86,43,0.7817964914270297,0.4190270532380092,-0.013333333331737479,1.2102316596763614,5,4
87,44,0.8409305423590236,0.42649120589832723,-0.013333393995396282,1.2102316596763614,5,4
88,46,0.6690956886902196,0.48012702369322474,-0.013333351717801591,1.2102316596763614,5,4
89,43,0.733141546447247,0.4306765214660012,-0.017300071471948633,1.2102316596763614,5,4
90,43,0.8011574116374277,0.45552780778807594,-0.016666682818674956,1.219406893294518,5,4
91,45,0.8411926407281141,0.4179109979846883,-0.013333374437001253,1.219406893294518,5,4
92,46,0.8488766442595492,0.4317140547067312,-0.014999981095105034,1.2195701963941838,5,4
93,48,0.7486359332244359,0.4665377453199013,-0.016666657058025863,1.2197532193406682,5,4
94,48,0.6196692805658179,0.4919030190119173,-0.017722582253232217,1.2197637597776798,5,4
95,45,0.7047232486954341,0.4566812680213033,-0.014999986795933234,1.2198274279543866,5,4
96,46,0.8141540687893263,0.41714726763360616,-0.01333334183700229,1.2198274279543866,5,4
97,48,0.7238709518745827,0.456894066535568,-0.01666665704797016,1.2198274279543866,5,4
98,48,0.7991871168421311,0.4249840410714064,-0.016666682881217348,1.2198426345147961,5,4
99,47,0.7152336444399623,0.44999104381362215,-0.017722345262082665,1.2198426345147961,5,4
100,47,0.6501938149291704,0.476262111364794,-0.017724392094466457,1.2198713071945144,5,4
