gen,nevals,avg,stddev,min,max,run,representation
0,50,-0.009999999999999724,0.0,-0.009999999999999724,-0.009999999999999724,2,4
1,46,-0.010533333333077766,0.0012220201847366085,-0.013333333331737479,-0.009999999999999724,2,4
2,45,-0.010533333333406926,0.001222020185490816,-0.01333333342621272,-0.009999999999999724,2,4
3,48,-0.010400000000137417,0.0010832051209910044,-0.01333333342621272,-0.009999999999999724,2,4
4,44,-0.01053333393701706,0.0012220215685418262,-0.01333336337169326,-0.009999999999999724,2,4
5,50,-0.01040000388895847,0.0010832156522579085,-0.013333527453377304,-0.009999999999999724,2,4
6,48,-0.010133332832889785,0.0006531948130856006,-0.013333333277290834,-0.009999999999999724,2,4
7,47,-0.010400002816434783,0.0010832127476436918,-0.013333440085143207,-0.009999999999999724,2,4
8,46,-0.010133330939819041,0.0006531855392083881,-0.013333362446860059,-0.009999999999999724,2,4
9,47,-0.010266666588770729,0.0009043104002597888,-0.013333333335673245,-0.009999999999999724,2,4
10,46,-0.010266666551896526,0.0009043102752149106,-0.013333339168098013,-0.009999999999999724,2,4
11,45,-0.009626924776973033,0.0036232224078136172,-0.013333333331737479,0.015320427814810366,2,4
12,42,-0.006261080143078967,0.021456694455423822,-0.01333349432314843,0.13963879247174432,2,4
13,46,-0.0037376533501057383,0.02341943667997743,-0.015000132443240716,0.13963879247174432,2,4
14,46,0.03073735419392711,0.07232826609200879,-0.01523267487261326,0.3964630046599245,2,4
15,47,0.11526412005834555,0.1140865451055155,-0.015000301229939669,0.48946783540014266,2,4
16,41,0.21491372049633295,0.16540987276231076,-0.016666560216904762,0.4938053812903976,2,4
17,48,0.3363757077806323,0.15301557611690608,-0.009999999999999724,0.6696929031152713,2,4
18,47,0.40385323233185055,0.15749005029936264,0.007239985799126616,0.6731894175812463,2,4
19,44,0.4769153181542584,0.15582068551964023,-0.015999986778209154,0.6696929031152713,2,4
20,46,0.38139670731993675,0.2138589097995955,-0.01333336337169326,0.6811461584393145,2,4
21,48,0.4900500869157861,0.17247188396770077,-0.009999999999999724,0.6811461584393145,2,4
22,43,0.43921386442667243,0.21542429312456074,-0.009999999999999724,0.6811461584393145,2,4
23,48,0.4907429362000018,0.22103659711611248,-0.01857142857557639,0.9210510729638041,2,4
24,46,0.4792480253335647,0.26039149721067095,-0.009999999999999724,1.12035493421826,2,4
25,48,0.5345872695066297,0.27344576347862654,0.006238163494580978,1.1201849282910088,2,4
26,45,0.5854773233204459,0.3265815094935812,-0.015497383816947674,1.08146654929243,2,4
27,46,0.7847810306166643,0.29502895861454753,-0.01736752449635054,1.12035493421826,2,4
28,47,0.8108711199188731,0.38498662083656937,-0.017450771222979493,1.1632004638652969,2,4
29,49,0.6512133353317575,0.502229055199168,-0.01923077038504983,1.2760215793932164,2,4
30,42,0.6806978123808859,0.46278255896120835,-0.019230767455262098,1.2760215793932164,2,4
31,49,0.7550410106914911,0.43732071621326113,-0.008020047711412598,1.2818502660041688,2,4
32,46,0.9034750125066756,0.43477552801407193,-0.017450771222979493,1.276421485928444,2,4
33,50,0.8438952535698845,0.45362590198941444,-0.019230770933320894,1.2818502660041688,2,4
34,45,0.928182656189673,0.40286592601793797,-0.009999999999999724,1.3280300989693343,2,4
35,43,1.0138918164389668,0.3955736133189217,-0.014740132823387365,1.3280300989693343,2,4
36,43,0.9971719870852959,0.34016066902084346,-0.008011889662699962,1.3280300989693343,2,4
37,45,0.9139193317939387,0.470078412347561,-0.018571500190356527,1.3280300989693343,2,4
38,48,0.9814305844034696,0.4410520189829451,-0.014722286763792653,1.449746547666467,2,4
39,46,0.883418896573754,0.517447212499715,-0.019230769969807097,1.4494413454867554,2,4
40,44,0.9246385566265308,0.49850831377585086,-0.014866279058410023,1.3575904518981246,2,4
41,47,0.8939073912117246,0.5439466156741158,-0.01923076632768567,1.3597070831912352,2,4
42,47,0.9710886785412502,0.5087150445526963,-0.01499999494446186,1.4781588492621527,2,4
43,45,0.9686482897698944,0.5539815274140191,-0.0192307724808607,1.4796487912962253,2,4
44,43,1.0787412006500692,0.535876707381333,-0.012748418176631015,1.5020529131378377,2,4
45,46,0.8775397094217149,0.6236043047126949,-0.009999999999999724,1.5020529131378377,2,4
46,46,0.9354466914242494,0.5645728926264528,-0.015934424447154476,1.5661336808643103,2,4
47,46,0.9984816978926171,0.5941967505796244,-0.016164102557760844,1.5728925423477853,2,4
48,45,1.1388971555674956,0.5300221052313892,-0.014137749202548452,1.7049689217128605,2,4
49,46,1.0381140744412445,0.6140070318586559,-0.015785122443939772,1.7565254650858766,2,4
50,47,1.1862209074976833,0.5520734601743161,0.008997456540889763,1.8242560525164666,2,4
51,47,1.1842903142584633,0.6413951393465933,-0.009999999999999724,1.886430113550689,2,4
52,48,1.215802153003313,0.6103024170443526,-0.009999999999999724,1.886430113550689,2,4
53,46,1.0930965879833745,0.7279398331043169,-0.01423537613861784,1.8940690086020437,2,4
54,46,1.287123735743926,0.6722136146584999,-0.012612248785092237,1.8943807721573371,2,4
55,44,1.3602526419128556,0.7041965374012608,-0.009999999999999724,1.9078271095788386,2,4
56,48,1.3095339940916049,0.7327100732137479,-0.015915751668442404,1.919710493666629,2,4
57,45,1.215586647167986,0.735351871095753,-0.012052551183621727,1.9657435331395892,2,4
58,47,1.2674272457114255,0.741091591269924,-0.014727625669667,1.9684037493807676,2,4
59,50,1.3154529961255215,0.682692096699289,-0.011875914259455172,1.9688714202945015,2,4
60,46,1.3795027968953582,0.731892221150408,-0.009999999999999724,1.9807321888061742,2,4
61,46,1.3293734366178653,0.7537257585259473,-0.009999999999999724,1.9983165718249916,2,4
62,49,1.4688218623129112,0.6312737665598984,-0.015000215739367238,1.9951737257934976,2,4
63,48,1.5775013248302066,0.6024341315361048,-0.01923077051712569,2.011462518405196,2,4
64,47,1.621727753963009,0.5412403654643664,0.12815704901199576,2.011462518405196,2,4
65,48,1.3260294411725104,0.7082684831872461,-0.019259261682141288,2.013180845614654,2,4
66,46,1.598785060068641,0.6377627165169785,-0.013333335115407179,2.0246140435923863,2,4
67,48,1.459515778573496,0.7155493302171924,-0.019259257982523054,2.024614043592387,2,4
68,47,1.7480318267829442,0.45530733668665785,-0.011678602669964098,2.033189435127349,2,4
69,47,1.6383620311031415,0.6175224480165828,-0.018666666665707207,2.0351782299873724,2,4
70,44,1.6575624457321048,0.5944460611032585,-0.011694224563934357,2.037553373054075,2,4
71,47,1.6442526205808796,0.5983274651202326,-0.011655188663988464,2.04035877223965,2,4
72,46,1.4986523687301727,0.7268707482830534,-0.011659051505744842,2.039255103874699,2,4
73,45,1.7638606991613346,0.513673924581782,-0.013333355333412343,2.0442612968898217,2,4
74,46,1.6816426527078956,0.5573053983625271,-0.018665236597280453,2.0442612968898217,2,4
75,45,1.6505461467791778,0.6360804227739891,-0.019259261439140165,2.047226487659187,2,4
76,45,1.8599373203221303,0.32499635971185986,0.5559543323483738,2.0638700378690245,2,4
77,43,1.723732635175614,0.4342351071308683,0.19267630241703418,2.0725041572442553,2,4
78,46,1.6898822365486468,0.5873353670655987,-0.01777711045903865,2.0731472874067283,2,4
79,47,1.5408413150277218,0.6727815350784158,-0.013333236567891848,2.0731472874067283,2,4
80,45,1.4523371874448048,0.7627188715204074,-0.011761533829664836,2.073710210738009,2,4
81,43,1.403207379236244,0.7516444975175072,-0.018660249479416878,2.0732318621754637,2,4
82,46,1.4865206910692836,0.6464850296110562,-0.018662329669496755,2.0793219011316,2,4
83,49,1.4881901562630295,0.6581953127394121,-0.017142753924123837,2.074804941620826,2,4
84,46,1.5776781530675463,0.690482365563317,-0.009999999999999724,2.080864317500766,2,4
85,45,1.4835117611573285,0.7765971574327262,-0.0178238639716693,2.080864317500766,2,4
86,47,1.5427523860399528,0.6511256085099448,0.023308362712808794,2.0808660662096625,2,4
87,47,1.6117330192649735,0.6928259243155201,-0.013333636048104319,2.083817979872481,2,4
88,47,1.2674001918997593,0.7972073724462638,-0.016967286056418167,2.083817979872481,2,4
89,48,1.5826312018941389,0.6520190324693302,-0.018660932136673674,2.083817979872481,2,4
90,48,1.690514790702956,0.5618838838034518,-0.01866076204333256,2.0849479104664717,2,4
91,45,1.4782418624784521,0.6726374779720299,-0.018660772564843605,2.0841812247961204,2,4
92,43,1.5528518257002566,0.6876386395378818,-0.018660772395644596,2.087605879428532,2,4
93,47,1.4901609712056563,0.6013613550367211,0.3358652751124624,2.0876574295295542,2,4
94,43,1.649168905814576,0.5825683019856059,-0.018659655151160852,2.0882823812516835,2,4
95,48,1.822624532974372,0.40807741340144543,0.4892520340455303,2.088436686654585,2,4
96,47,1.6508242224851983,0.5940713138702364,0.27663008031003117,2.0895981476778736,2,4
97,46,1.6415925156649092,0.6516629310635047,-0.01666666637804595,2.0895981476778736,2,4
98,47,1.6490751126721963,0.6631307679403604,0.2373893635922971,2.0906660036501084,2,4
99,47,1.7407998038238872,0.5216990563052989,0.42146016302753014,2.090782556572864,2,4
100,47,1.7607829125903676,0.5998765779459466,-0.015000000996114503,2.0914580737193686,2,4
