gen,nevals,avg,stddev,min,max,run,representation
0,50,-0.009999999999999724,0.0,-0.009999999999999724,-0.009999999999999724,6,9
1,48,-0.01086665855065311,0.0014621004546930124,-0.013333355876822602,-0.009999999999999724,6,9
2,47,-0.011500007764625533,0.0017078333087575499,-0.014999991975379809,-0.009999999999999724,6,9
3,44,-0.011000019155007463,0.0015275544937010566,-0.013333709658771781,-0.009999999999999724,6,9
4,47,-0.011466662604725664,0.0016546185713350698,-0.013333654907337664,-0.009999999999999724,6,9
5,43,-0.011366685084491322,0.0016895315614552531,-0.014999999988879187,-0.009999999999999724,6,9
6,47,-0.011066681243950507,0.0015549417569776284,-0.01333376261180791,-0.009999999999999724,6,9
7,46,-0.011600012986817614,0.0016653463187827203,-0.01333376261180791,-0.009999999999999724,6,9
8,48,-0.012033377252843236,0.0016763394871442897,-0.014999998038246158,-0.009999999999999724,6,9
9,50,-0.006967168590659437,0.03222953826466719,-0.015000014202512216,0.21830864110251655,6,9
10,46,-0.006966820465388732,0.03223187765478374,-0.015000005705849199,0.21832539334633508,6,9
11,48,-0.007252966545112843,0.03212845954315677,-0.01333376261180791,0.21735258777967412,6,9
12,46,-0.007902139337734334,0.0254624598310557,-0.015000181182499307,0.16989409745890657,6,9
13,44,0.0018525333014660112,0.052263344854733676,-0.015000236667011663,0.23330817304421794,6,9
14,46,0.024675912703655035,0.08784295189942981,-0.016000008506748414,0.3671735794087052,6,9
15,46,0.07084152461579714,0.11656338163407542,-0.01999999999999945,0.3671735794087052,6,9
16,45,0.16502883217217318,0.1432673845299511,-0.016666666766669315,0.6542066984140217,6,9
17,48,0.20243282280321703,0.13877650400776026,-0.019999984428852913,0.515856477322355,6,9
18,47,0.23295960571804422,0.17642710717355584,-0.016000006490597837,0.8129768196504336,6,9
19,47,0.2513390780142046,0.1875343074141603,-0.016666666673712176,0.8129768196504336,6,9
20,47,0.22448325432665558,0.14431903653690095,-0.01599994474993739,0.5143285833807961,6,9
21,48,0.28318880783783673,0.1819606783082661,-0.017142849329805154,0.8113964124686199,6,9
22,46,0.24437462037138225,0.19975316481412952,-0.0199999942213339,0.5812053804894118,6,9
23,47,0.2879780315100336,0.1917832634607451,-0.016666614864861984,0.5812795529908978,6,9
24,46,0.2892890238695173,0.1943406844271257,-0.017142806956058954,0.6520419063684496,6,9
25,46,0.3378738783430974,0.1908765372756632,-0.01600001455973285,0.6530531118013947,6,9
26,44,0.3139200057450689,0.20331792414619987,-0.019999989455184743,0.6898101900313051,6,9
27,46,0.28327277902370473,0.21001876033068695,-0.020000001085488946,0.7552391023528925,6,9
28,47,0.3193762831245252,0.2233865571957996,-0.01999999999999945,0.7783715215858441,6,9
29,47,0.34730042015977747,0.2243640194467769,-0.01999999999999945,0.7783715215858441,6,9
30,47,0.3674202252593245,0.23408005855884598,-0.02285715368987527,0.8386281159071245,6,9
31,46,0.4084705501217124,0.2377578260817767,-0.01749999572543011,0.8263461148847204,6,9
32,41,0.43388310242852,0.22087580983863953,-0.015997578121662217,0.8213186805755127,6,9
33,43,0.4061786860482698,0.24950524149674183,-0.01749999572543011,0.8213186805755127,6,9
34,45,0.39143177502579507,0.250735580228038,-0.01749999572543011,0.8213186805755127,6,9
35,48,0.3849925603656939,0.21725677318813047,0.08482852733746832,0.780223530675607,6,9
36,47,0.34019653467152844,0.20543125566879947,-0.016666721308151368,0.771740865240141,6,9
37,46,0.39816499826504254,0.19225953445873004,0.08649537468810378,0.7705955080659889,6,9
38,46,0.37576484547875727,0.2174606322375246,-0.015000005425865718,0.8162157385935876,6,9
39,46,0.3690488018008985,0.23094663328090131,-0.01666662443406956,0.8162157385935876,6,9
40,45,0.4176867098267371,0.26350236645212904,-0.017499997084545475,0.8266251745675012,6,9
41,47,0.4290563447353455,0.25240915412018927,-0.020000014336547516,0.8354937206416356,6,9
42,47,0.4325231906654771,0.26066463427360415,-0.016666675931268454,0.974639739563148,6,9
43,48,0.4558509440803586,0.2523698078225563,-0.017500014140074575,0.974639739563148,6,9
44,43,0.477648407464386,0.268808924741766,-0.017777790959031002,0.974639739563148,6,9
45,45,0.551284453533341,0.2605653394301876,0.10407117006942931,0.9120591250902312,6,9
46,45,0.4901883065853883,0.3075517225895693,-0.01750000099724929,0.9837048024945221,6,9
47,46,0.35838149009365766,0.2510507597567768,-0.01666673490025205,0.8863795133517315,6,9
48,45,0.4410140884805345,0.24924892737658616,0.09546871990759932,0.9133278623989516,6,9
49,48,0.4768810037992049,0.2644672302614549,-0.01714287895032876,0.9814325247628661,6,9
50,46,0.47497814166271396,0.27677745761544154,-0.016666685824177924,0.9012246981922586,6,9
51,48,0.46550574788786536,0.2604591151683949,-0.015999999889818567,0.889782797237217,6,9
52,45,0.47465153027950147,0.25300962209962063,-0.01600001254104175,0.8891046706478224,6,9
53,46,0.4942417695509671,0.24391516130921803,0.07625816334949014,0.8993871218916897,6,9
54,47,0.47032581298470577,0.23703913791645345,0.10263565155248268,0.8891046706478224,6,9
55,47,0.46571691368935086,0.23207779203381354,-0.017142851066588905,0.8228530466443608,6,9
56,46,0.45550674505469496,0.22089863870310686,0.07584548859439919,0.8322879552485861,6,9
57,46,0.39328680570180763,0.2394861345090662,-0.017142760545198324,0.8296135285933165,6,9
58,45,0.49680222034302446,0.20654670319010585,0.06615050842463428,0.8296135285933165,6,9
59,47,0.48167370881446603,0.2208801614900542,0.08616196240641742,0.9078915431202295,6,9
60,47,0.5100049909984304,0.23653637572623953,0.08501319939230587,0.9002725551511072,6,9
61,49,0.45378334657505404,0.24713565455211378,-0.017777769928711357,0.8466359686693655,6,9
62,49,0.42711123450002625,0.24254848316869537,-0.01599657404499859,0.8889094007548635,6,9
63,48,0.42938286869643016,0.18368287649436957,0.08133346786947883,0.7974411978069279,6,9
64,46,0.3965065560870755,0.2108695858843648,0.09474083779164395,0.8059361529193063,6,9
65,45,0.4978269477512323,0.19602839659917368,-0.013333316754764618,0.9108233601760346,6,9
66,45,0.5240523400558313,0.2318212523200034,-0.013333316754764618,1.1255868909554738,6,9
67,46,0.4804884907316059,0.25184275286095337,-0.016666602939035158,0.9832358321340698,6,9
68,44,0.48214681891253647,0.27628193353802993,-0.013333348963771027,0.9832358321340698,6,9
69,45,0.51494720796544,0.250941700243532,0.07501501606395039,0.9782942786827021,6,9
70,47,0.4652933984656925,0.29431965460582393,-0.017777777437967584,0.9684692960519463,6,9
71,46,0.5258714157635694,0.28727857626770703,-0.015999988070254337,1.0687103262300304,6,9
72,45,0.4865028099999595,0.30218047325836334,-0.017777769928711357,1.0687103262300304,6,9
73,43,0.48660265358270605,0.3052056699194963,-0.01750005392010091,0.9802375793473808,6,9
74,49,0.44797439728723254,0.290931743639768,-0.01500000095778878,0.9815528341979706,6,9
75,45,0.4991089872473497,0.31241252200632147,-0.016663853813658053,0.9815528341979706,6,9
76,44,0.501988929418289,0.3048366058836878,-0.014999889102868463,0.9802375793473808,6,9
77,49,0.4964568776011862,0.2814178805967498,0.07440461124523765,0.9838236177058419,6,9
78,44,0.43413220433561484,0.2884159945656559,-0.017500002779095622,1.0307230279132988,6,9
79,50,0.46726974317201203,0.3143024127440179,0.05905017652094814,1.1593146379869645,6,9
80,45,0.48507731692200395,0.3322631221158222,-0.01599994876176897,1.1593146379869645,6,9
81,42,0.5558512005304671,0.2817625105032611,0.1403825012903274,0.9950990272151717,6,9
82,47,0.520504713363219,0.3218917090941256,-0.009999999999999724,1.1495595049925396,6,9
83,46,0.5326094029238816,0.3271012019394519,-0.016666653635307126,1.1495595049925396,6,9
84,46,0.476786219293488,0.3096737753800086,-0.009999999999999724,0.9950990272151717,6,9
85,41,0.5859907377760041,0.2508225566064004,0.08327856178162087,0.9950990272151717,6,9
86,45,0.5253364465113642,0.291882566678342,-0.01999999999999945,0.9950990272151717,6,9
87,47,0.46950899925909356,0.30136897889831155,-0.01333332908054171,1.1593146379869645,6,9
88,46,0.4656889365766733,0.27608419018075087,-0.017500095833836472,0.9816106267325213,6,9
89,42,0.561439485730928,0.2531659439620616,0.09219975400562574,0.9816106267325213,6,9
90,46,0.5158218158165443,0.2988952003625258,-0.01333333283630947,1.0687103262300304,6,9
91,44,0.5428581299285108,0.304403615770774,-0.016666643453099057,0.9816106267325213,6,9
92,46,0.5512781162687531,0.29850367564937696,-0.015997662261294586,1.0313604630159947,6,9
93,48,0.4879883514747907,0.29575276717048576,-0.017142860894952136,0.9802375793473808,6,9
94,46,0.5583307199025705,0.2796234412400759,-0.016666675931268454,0.98518036218917,6,9
95,47,0.59755748968315,0.2526351766329096,0.09343417091043067,1.0667214505602878,6,9
96,44,0.6331997836448623,0.2736924910187034,0.14264459759500833,1.0667214505602878,6,9
97,47,0.6013128112157314,0.2888020588240428,0.1573849851181427,1.1608267548873106,6,9
98,49,0.3969777933056386,0.2924892920348978,0.07515779743294138,1.1608267548873106,6,9
99,45,0.4640007167861674,0.31689647438982965,0.03540954577255934,1.1608267548873106,6,9
100,46,0.45265249161540716,0.31043443136901583,0.07550796502903588,1.1593146379869645,6,9
