gen,nevals,avg,stddev,min,max,run,representation
0,50,-0.009999999999999724,0.0,-0.009999999999999724,-0.009999999999999724,10,4
1,46,-0.010133333333269235,0.0006531972644295126,-0.013333333331737479,-0.009999999999999724,10,4
2,50,-0.01060000120327897,0.0012806274157463582,-0.01333336337169326,-0.009999999999999724,10,4
3,47,-0.010266666666538742,0.0009043106639838327,-0.013333333331737479,-0.009999999999999724,10,4
4,50,-0.010200003882336786,0.0007916381728526611,-0.013333527453377304,-0.009999999999999724,10,4
5,48,-0.010133333333269235,0.0006531972644295126,-0.013333333331737479,-0.009999999999999724,10,4
6,46,-0.010266666666559227,0.0009043106640532969,-0.013333333332761673,-0.009999999999999724,10,4
7,49,-0.010333334389634201,0.0010000031689229364,-0.013333381584491235,-0.009999999999999724,10,4
8,43,-0.010333337027664716,0.0010000110832823332,-0.013333521868604226,-0.009999999999999724,10,4
9,48,-0.010533333334967268,0.001222020189066008,-0.01333333342621272,-0.009999999999999724,10,4
10,48,-0.0103333333346664,0.0010000000040000343,-0.01333333342621272,-0.009999999999999724,10,4
11,42,-0.010333332844896882,0.0009999985346964364,-0.013333333624918108,-0.009999999999999724,10,4
12,44,-0.010266666540959934,0.0009043102381256996,-0.013333333335673245,-0.009999999999999724,10,4
13,50,-0.010066666597152892,0.0004666661800721672,-0.013333329857658062,-0.009999999999999724,10,4
14,48,-0.010666668711040385,0.0013333374221518777,-0.013333435568291583,-0.009999999999999724,10,4
15,47,-0.010266664395239544,0.0009043029616916054,-0.013333333358964293,-0.009999999999999724,10,4
16,46,-0.010333333332964956,0.0009999999988956974,-0.013333333331737479,-0.009999999999999724,10,4
17,46,-0.010199999566374686,0.0007916210895083954,-0.01333336337169326,-0.009999999999999724,10,4
18,46,-0.01020000056531678,0.0007916250433986342,-0.013333361602377084,-0.009999999999999724,10,4
19,44,-0.010266666668157278,0.000904310669472551,-0.01333333342621272,-0.009999999999999724,10,4
20,45,-0.010133333311297333,0.0006531971567896269,-0.013333333331737479,-0.009999999999999724,10,4
21,45,-0.010466667503030984,0.0011566255111119142,-0.01333336337169326,-0.009999999999999724,10,4
22,42,-0.010200004794983692,0.0007916417853803118,-0.013333573150596467,-0.009999999999999724,10,4
23,43,-0.010199992802157746,0.0007915943168663871,-0.013333333331737479,-0.009999999999999724,10,4
24,47,-0.010333333365157299,0.0010000000954727614,-0.013333335228719238,-0.009999999999999724,10,4
25,46,-0.010333333333228445,0.0009999999996861656,-0.013333333364546625,-0.009999999999999724,10,4
26,44,-0.010066670440900247,0.0004666930863036604,-0.01333352204502587,-0.009999999999999724,10,4
27,47,-0.010400000217699627,0.0010832057101584187,-0.013333350750900837,-0.009999999999999724,10,4
28,42,-0.01019999951244947,0.0007916208760247628,-0.013333333331737479,-0.009999999999999724,10,4
29,46,-0.010333333935361002,0.0010000018060910467,-0.01333336337169326,-0.009999999999999724,10,4
30,47,-0.010200000116544507,0.0007916232671003603,-0.013333339168098013,-0.009999999999999724,10,4
31,48,-0.010266667142712993,0.0009043122787729802,-0.01333335506853899,-0.009999999999999724,10,4
32,45,-0.010599993723483338,0.0012806114512882746,-0.013333361602377084,-0.009999999999999724,10,4
33,46,-0.010533325717294418,0.00122200273616787,-0.013333380312551017,-0.009999999999999724,10,4
34,45,-0.010133331720431077,0.0006531893632030416,-0.013333326618425977,-0.009999999999999724,10,4
35,45,-0.01043332542305354,0.00119301504997017,-0.014999961799790384,-0.009999999999999724,10,4
36,44,-0.01040000722364621,0.0010832246831121125,-0.013333652482437659,-0.009999999999999724,10,4
37,49,-0.010542853287780096,0.001434933598824633,-0.017142911784045894,-0.009999999999999724,10,4
38,42,-0.010133333888950831,0.0006531999867664996,-0.013333393029577156,-0.009999999999999724,10,4
39,44,-0.01022855988678043,0.0008094562859932904,-0.01333373794496608,-0.009999999999999724,10,4
40,46,-0.010385997249061578,0.001092759479980049,-0.013333347845978196,-0.009299986590611854,10,4
41,44,-0.010093298364054147,0.0007323344572795934,-0.013333362446860059,-0.009226575972070692,10,4
42,47,-0.010507590228165166,0.0015984264114517273,-0.014972638077224437,-0.006183930554365855,10,4
43,50,-0.01050927632896663,0.0028329148972306172,-0.01600011480363492,0.0016581907400954712,10,4
44,49,-0.004037603812392048,0.0217358660621614,-0.017973722444489533,0.10529371676323128,10,4
45,45,0.01085829255420903,0.05532131843754244,-0.017142838489359095,0.31273782940290007,10,4
46,46,0.04582007369174562,0.08328703876683219,-0.01666666673925405,0.3286593141977723,10,4
47,46,0.14335098969042087,0.11590796644620709,-0.015000564971960674,0.41117142125016626,10,4
48,48,0.24463993870207099,0.12302079893313801,-0.016666797243503728,0.4783792730547432,10,4
49,48,0.29436953332718946,0.12683463454630856,-0.015284965880875877,0.4808712621947615,10,4
50,48,0.29773901101718475,0.1884737036351194,-0.01600000140162695,0.8059396666270432,10,4
51,47,0.3764947613281301,0.21273840270084207,-0.01513548728163675,0.8917803827795622,10,4
52,46,0.4730327565908679,0.23436852307173756,-0.018571434023364676,0.8917803827795622,10,4
53,46,0.545260221305386,0.26017018886995213,-0.014999999746991802,0.8917803827795622,10,4
54,45,0.6101718775227295,0.30036825573680725,-0.013333206966506967,1.0644918310476008,10,4
55,44,0.6616027477569763,0.2893322317417501,-0.013333333331737479,1.0972111629242496,10,4
56,49,0.6075322525797234,0.3293638862670549,-0.013333493826712527,1.115991388569867,10,4
57,46,0.6320290008467083,0.330245801585131,-0.014999996357993923,1.1266618315428265,10,4
58,48,0.6163722765104284,0.35442448039535407,-0.014523475747699806,1.1267294256207554,10,4
59,48,0.7142167439236081,0.33940000827024475,-0.013333347093217936,1.1390551880427746,10,4
60,46,0.8127968952400972,0.34952814211491157,-0.018571411671322084,1.2582524640359105,10,4
61,45,0.7674296117118055,0.41312172007774195,-0.01333336337169326,1.3175477789999945,10,4
62,48,0.91375159846546,0.3969918315602163,-0.01333334891223975,1.3953537331262107,10,4
63,47,1.1489338548230315,0.28612805226577454,0.05618676941936525,1.3955931673255728,10,4
64,46,1.1200573369656721,0.3778528000346093,-0.015000002418368644,1.4190847405251172,10,4
65,46,1.1613074106811165,0.37276870860177075,-0.013333346005066625,1.449010787829511,10,4
66,46,1.1774315274110114,0.3881814988243704,-0.013333366524547526,1.449010787829511,10,4
67,47,1.144098302594395,0.4250953392253396,-0.014999973324474343,1.4490969803858864,10,4
68,47,1.19894516333017,0.39304772563180596,-0.013333337777806589,1.4490969803858864,10,4
69,49,1.1785879005040778,0.4338282118430195,-0.015999997561211555,1.4490969803858864,10,4
70,47,1.1952218854203003,0.4518057343859914,-0.01333330596891632,1.4499630311932412,10,4
71,43,1.1985825430142887,0.44572525424644244,-0.009999999999999724,1.4632079073513087,10,4
72,47,1.061461743323818,0.5424299260018433,-0.009999999999999724,1.4635272560106312,10,4
73,45,1.2224108660672053,0.41265337800826757,-0.013333333321310327,1.4782069761047258,10,4
74,50,1.273348619365619,0.34128476032895755,0.26558421129001997,1.4782069761047252,10,4
75,46,1.2285765843722771,0.405238121990466,-0.013333333332873953,1.4872287540816582,10,4
76,43,1.3075672789188086,0.3288254057253401,-0.009999999999999724,1.4872287540816582,10,4
77,46,1.1778164070561248,0.444230393144199,-0.008805877739599852,1.4873224819869295,10,4
78,50,1.086830194381641,0.4860928675340631,-0.017499996857861046,1.542628629292315,10,4
79,43,1.2283633382613268,0.4484750753809286,-0.009999999999999724,1.5431311823026765,10,4
80,43,1.2955296968157444,0.4145340952482829,0.004723849478479106,1.5444572333927442,10,4
81,47,1.2465193091972298,0.48880531772724517,-0.017499998287446847,1.5475188747665027,10,4
82,45,1.3281034775022023,0.396546810130421,0.0018710066828841476,1.5475188747665027,10,4
83,43,1.3154724382195648,0.42431162227734814,-0.009999999999999724,1.5475188747665027,10,4
84,49,1.388560601531183,0.30964014470143975,-0.009999999999999724,1.5475606298927191,10,4
85,42,1.3253985344081405,0.3966266936631063,-0.009999999999999724,1.5475606298927191,10,4
86,45,1.2018775567264153,0.48980486675790536,-0.009999999999999724,1.5475606298927191,10,4
87,46,1.2117321645018044,0.4633181612333295,0.000309008022136699,1.857781273172858,10,4
88,41,1.2789140483651247,0.43576448790888533,-0.009999999999999724,1.857781273172858,10,4
89,48,1.1509543084443525,0.5609797849249599,-0.01857142889755319,1.857781273172858,10,4
90,48,1.3561739716288868,0.4869651984809739,0.005600217184169521,1.8718837508876176,10,4
91,46,1.273964611093023,0.6126256159313039,-0.01923077714286378,1.8718837508876176,10,4
92,48,1.4397904150198637,0.610406063451861,-0.013333325285139287,1.899059268724261,10,4
93,46,1.398083504061083,0.6256562805297348,-0.019230777147242518,1.899059268724261,10,4
94,46,1.4281264673939038,0.6679999554775871,-0.009999999999999724,1.9036319357887086,10,4
95,48,1.4361528051383088,0.6547215532033684,-0.019230777180245726,1.904296193254559,10,4
96,45,1.4391045346150797,0.7292502829014632,-0.019230777111849687,1.9199098495206974,10,4
97,45,1.473437054090603,0.6218253689807929,-0.019230769259397065,1.9253470120545422,10,4
98,43,1.407288572546778,0.7604521960758067,-0.019230769303614312,1.9253470120545422,10,4
99,46,1.5099168500661089,0.6465684893659311,-0.018571475028622525,1.9271429806878853,10,4
100,44,1.5678037653065513,0.6309044016830033,-0.019230769188779126,1.9303872696866773,10,4
