gen,nevals,avg,stddev,min,max,run,representation
0,50,-0.009999999999999724,0.0,-0.009999999999999724,-0.009999999999999724,1,1
1,46,-0.010333333333173498,0.0009999999995213263,-0.013333333331737479,-0.009999999999999724,1,1
2,47,-0.01066666666903735,0.0013333333380752552,-0.01333333342621272,-0.009999999999999724,1,1
3,49,-0.010899995913527097,0.0015351373824708762,-0.015000000042894623,-0.009999999999999724,1,1
4,46,-0.010666666170669274,0.0013333323413432523,-0.0133333333484908,-0.009999999999999724,1,1
5,47,-0.010733332227054155,0.001380818928767035,-0.013333335485024562,-0.009999999999999724,1,1
6,46,-0.01056666705275452,0.001316984326402614,-0.015000017027784347,-0.009999999999999724,1,1
7,48,-0.010733337441703197,0.0013808287477527085,-0.013333476442900064,-0.009999999999999724,1,1
8,44,-0.01033333399189635,0.0010000019756968208,-0.013333363371864906,-0.009999999999999724,1,1
9,43,-0.010533333501448338,0.0012220205705225783,-0.01333334181913093,-0.009999999999999724,1,1
10,48,-0.010800000287882146,0.0014236109458984627,-0.013333348710330248,-0.009999999999999724,1,1
11,43,-0.010333333743957401,0.0010000012318764088,-0.013333353870932606,-0.009999999999999724,1,1
12,48,-0.010666670293551965,0.0013333405877670114,-0.013333508893522207,-0.009999999999999724,1,1
13,47,-0.010700001295024419,0.0014177470942864474,-0.015000000042894623,-0.009999999999999724,1,1
14,48,-0.010933336939809921,0.0014966687381048876,-0.013333494883244324,-0.009999999999999724,1,1
15,46,-0.010533333482276343,0.0012220205265936006,-0.013333336390617137,-0.009999999999999724,1,1
16,45,-0.010533333976946056,0.0012220216600305595,-0.013333363371864906,-0.009999999999999724,1,1
17,48,-0.010866657535412837,0.0014620987423008666,-0.013333335485024562,-0.009999999999999724,1,1
18,43,-0.01081850062437394,0.0014787222601144868,-0.014999991645223898,-0.009999999999999724,1,1
19,42,-0.010600000494628144,0.0012806259032159821,-0.013333363371864906,-0.009999999999999724,1,1
20,45,-0.010933336354231682,0.001496667799089282,-0.013333494883244324,-0.009999999999999724,1,1
21,50,-0.01060000741848194,0.0012806406820125033,-0.01333365531961795,-0.009999999999999724,1,1
22,47,-0.011100007782659481,0.0016196814811616465,-0.015000000042894623,-0.009999999999999724,1,1
23,48,-0.010533334579935955,0.001222023041658501,-0.013333363441204053,-0.009999999999999724,1,1
24,44,-0.010733327823639784,0.0013808106388349397,-0.013333494883244324,-0.009999999999999724,1,1
25,46,-0.010400001210515701,0.0010832083987173616,-0.013333363371864906,-0.009999999999999724,1,1
26,43,-0.010666667608384448,0.0013333352167861523,-0.013333363371864906,-0.009999999999999724,1,1
27,48,-0.010866675041966655,0.0014621282775731106,-0.013333645762270228,-0.009999999999999724,1,1
28,45,-0.010599999805394318,0.0012806244321267582,-0.013333335485024562,-0.009999999999999724,1,1
29,44,-0.01080000198483828,0.0014236139671899813,-0.013333577380400054,-0.009999999999999724,1,1
30,48,-0.010349596001547268,0.0009688107719324309,-0.013333344464647266,-0.009999999999999724,1,1
31,44,-0.010466677369955053,0.0011566499670795836,-0.013333645762270231,-0.009999999999999724,1,1
32,44,-0.01020000004312716,0.0007916229765058826,-0.013333335485024562,-0.009999999999999724,1,1
33,45,-0.010666668401366326,0.0013333368029810032,-0.013333499455192063,-0.009999999999999724,1,1
34,45,-0.010849382615175767,0.001437756959948237,-0.013333348710330244,-0.009999999999999724,1,1
35,49,-0.010666672584137893,0.0013333451693129325,-0.013333571604116313,-0.009999999999999724,1,1
36,47,-0.01116666393944501,0.001641472701707136,-0.015000000042894623,-0.009999999999999724,1,1
37,46,-0.010466667191643561,0.0011566247397937284,-0.013333523155957832,-0.009999999999999724,1,1
38,45,-0.010933305877992818,0.0014966189304562191,-0.013333335485024562,-0.009999999999999724,1,1
39,46,-0.010933325033660258,0.0014966496470398642,-0.01333349174633378,-0.009999999999999724,1,1
40,49,-0.010466663194687151,0.0011566148331236645,-0.013333348710330248,-0.009999999999999724,1,1
41,48,-0.01060000228764959,0.0012806297313447247,-0.013333679824116538,-0.009999999999999724,1,1
42,47,-0.010266667480154902,0.0009043134230967203,-0.013333363371864906,-0.009999999999999724,1,1
43,46,-0.010600021025070962,0.0012806697260801855,-0.013333993058657088,-0.009999999999999724,1,1
44,49,-0.010599987810597837,0.0012805988319711463,-0.013333346305529657,-0.009999999999999724,1,1
45,44,-0.010766672436740132,0.0014609839383795927,-0.015000000042894623,-0.009999999999999724,1,1
46,43,-0.010599992142225343,0.001280608077158161,-0.013333339021305398,-0.009999999999999724,1,1
47,49,-0.011000002778590699,0.0015275294761892073,-0.013333495007228578,-0.009999999999999724,1,1
48,47,-0.010666662636919271,0.0013333252742449685,-0.013333361602551153,-0.009999999999999724,1,1
49,46,-0.010666666751051452,0.001333333502103517,-0.013333335485024562,-0.009999999999999724,1,1
50,49,-0.010466667267334867,0.0011566249269439656,-0.013333363441204053,-0.009999999999999724,1,1
51,47,-0.010599995501175154,0.0012806152456676277,-0.013333335485024562,-0.009999999999999724,1,1
52,43,-0.010333332892117774,0.0009999986763580338,-0.013333333331737479,-0.009999999999999724,1,1
53,45,-0.010733333457664682,0.0013808212459227092,-0.013333337423010306,-0.009999999999999724,1,1
54,46,-0.010533333745597917,0.00122202112995294,-0.013333363371864906,-0.009999999999999724,1,1
55,44,-0.010533333932670379,0.0012220215585823492,-0.013333363371864906,-0.009999999999999724,1,1
56,48,-0.0105873688481044,0.0013160010716245214,-0.01499930623596341,-0.009999999999999724,1,1
57,45,-0.010600000385331744,0.001280625669935289,-0.013333360237067103,-0.009999999999999724,1,1
58,46,-0.010533332273540377,0.0012220177570402332,-0.013333333663672826,-0.009999999999999724,1,1
59,48,-0.010700038367062438,0.0013371051455435743,-0.013333484801514885,-0.009999999999999724,1,1
60,48,-0.011099995856268814,0.0016196652117113398,-0.015000008544516386,-0.009999999999999724,1,1
61,44,-0.010500037667735601,0.0011667025725006378,-0.01333360454776118,-0.009999999999999724,1,1
62,48,-0.010916042758977387,0.0014736486377433192,-0.013333494883244324,-0.009999999999999724,1,1
63,44,-0.01058811418401794,0.0014781466159376924,-0.013333750520161494,-0.006072207646920321,1,1
64,48,-0.010329374543242606,0.003931431665333639,-0.013333750520161494,0.013695705283956175,1,1
65,48,-0.0045280231485626005,0.019615270190784177,-0.014996574318940368,0.10666028730986045,1,1
66,46,0.010668074212788845,0.03853626579587213,-0.016000003949371185,0.10666028730986066,1,1
67,47,0.037017732836355635,0.044556132821167445,-0.017499999184773213,0.10670274754433522,1,1
68,44,0.055392987080103845,0.047117037295953866,-0.01714285710008535,0.11119343963060371,1,1
69,45,0.0609270636530296,0.04669542930651507,-0.016666665441701152,0.1427960698723143,1,1
70,40,0.07484914796937335,0.05036364106965583,-0.016666665441701152,0.14612557924424066,1,1
71,47,0.07930600813213612,0.05965063224364156,-0.01714285361005777,0.29296362250795394,1,1
72,44,0.09346679962456379,0.07147041934811856,-0.016666668314186485,0.29359351075280227,1,1
73,47,0.11026134438862037,0.06204556220360915,-0.017777776737083955,0.2117014020796033,1,1
74,42,0.12463531800967313,0.06817923294365834,-0.016666667344801156,0.29359351075280227,1,1
75,46,0.15331656044821948,0.08152990766447316,-0.01666666910746639,0.31589476883332807,1,1
76,48,0.18251975089960143,0.09631668714845312,-0.017500000070002436,0.3607208642920073,1,1
77,45,0.2129099019810585,0.10951043846710279,-0.01749999878732586,0.40331872847765926,1,1
78,47,0.22348865371848986,0.12290429992372028,-0.017499989973222847,0.456419285542705,1,1
79,48,0.2420252312112228,0.13937316558843724,-0.01714285851573132,0.5200785399071993,1,1
80,45,0.32846692874991595,0.1245898034904383,0.009510170027932212,0.5344539595418202,1,1
81,45,0.33005759123125245,0.15993169545011177,-0.017777777673026796,0.6022971105309841,1,1
82,48,0.3328452863304402,0.14420627419747598,-0.01818181797224974,0.5200785399071993,1,1
83,46,0.3907789091318942,0.18204968553118608,-0.018000000578225667,0.6603554220268474,1,1
84,45,0.42369902889104316,0.16582857859815403,-0.017777774349289625,0.6743879139844758,1,1
85,45,0.45666395041771435,0.15789034685560122,0.004957832829638849,0.6743879139844758,1,1
86,49,0.4339676302954287,0.18866857257316946,-0.017777777911307708,0.6727494042117119,1,1
87,46,0.44026709411288634,0.19368586533726212,-0.017777777535137478,0.7414854268280837,1,1
88,46,0.4615231716596952,0.21163178530347032,-0.012873753775718035,0.6727494042117119,1,1
89,44,0.4307257323333457,0.22358874163805104,-0.018000000267509007,0.6756003813203838,1,1
90,47,0.42323609623658526,0.21259730934563514,-0.01777777745736614,0.8170885807723564,1,1
91,48,0.4892539248824251,0.19476629486716765,0.04011902963529005,0.8175010821815247,1,1
92,47,0.4808409686508792,0.22708018797735413,-0.017777777534583844,0.8175010821815247,1,1
93,49,0.4529541097153525,0.2484086056867635,-0.01818181824131135,0.8352522760740523,1,1
94,42,0.5344247820009362,0.26524563613043267,-0.017500059629448575,0.8481707529525866,1,1
95,43,0.5548981756753291,0.24466414223391622,0.015231721503993564,0.8481827861877081,1,1
96,46,0.519159094547448,0.25404188897333535,-0.013123097324127654,0.849845955337914,1,1
97,48,0.4359969139591081,0.3034400286912081,-0.018181818045750985,0.8482995105286082,1,1
98,50,0.45856076501091997,0.27393542079863864,-0.01749999982337123,0.9131963633988626,1,1
99,50,0.503268102271832,0.2743151069974841,-0.013320464304380436,0.9073859189547263,1,1
100,44,0.512404755899055,0.2741124654163551,-0.017499974458513055,0.9079402824685849,1,1
