gen,nevals,avg,stddev,min,max,run,representation
0,50,-0.009999999999999724,0.0,-0.009999999999999724,-0.009999999999999724,4,4
1,45,-0.010466666666443008,0.0011566234376395197,-0.013333333331737479,-0.009999999999999724,4,4
2,50,-0.010399999999808254,0.0010832051200996263,-0.013333333331737479,-0.009999999999999724,4,4
3,45,-0.01033333333251403,0.0009999999975429223,-0.013333333332761673,-0.009999999999999724,4,4
4,47,-0.0101333333321803,0.0006531972590948526,-0.013333333331737479,-0.009999999999999724,4,4
5,44,-0.010466666588859147,0.0011566232453496688,-0.013333333331737479,-0.009999999999999724,4,4
6,46,-0.010466666939489715,0.0011566241143903548,-0.013333363949042876,-0.009999999999999724,4,4
7,47,-0.010266666668428247,0.0009043106703914554,-0.01333333342621272,-0.009999999999999724,4,4
8,46,-0.010133333177264465,0.0006531965001658111,-0.013333333331737479,-0.009999999999999724,4,4
9,49,-0.010133333424425552,0.0006531977110026025,-0.013333337889553369,-0.009999999999999724,4,4
10,47,-0.010200000460595285,0.0007916246288968129,-0.013333356475195575,-0.009999999999999724,4,4
11,45,-0.010399999965059477,0.0010832050259995145,-0.01333333342621272,-0.009999999999999724,4,4
12,41,-0.010133333254057332,0.0006531968763721492,-0.013333333331737479,-0.009999999999999724,4,4
13,47,-0.010333339360452554,0.0010000180816843276,-0.013333494371018589,-0.009999999999999724,4,4
14,49,-0.010483333337211414,0.0014150971838612302,-0.017500000105991773,-0.009999999999999724,4,4
15,44,-0.01013333646680876,0.0006532126157632662,-0.01333349000871377,-0.009999999999999724,4,4
16,41,-0.01043030672359841,0.0014291928753532072,-0.018181816453625786,-0.009999999999999724,4,4
17,46,-0.010333332881086945,0.0009999986432657965,-0.01333333342621272,-0.009999999999999724,4,4
18,44,-0.01013333647814369,0.0006532126712941343,-0.01333349055918736,-0.009999999999999724,4,4
19,46,-0.010066670549067276,0.00046669384347286123,-0.013333527453377304,-0.009999999999999724,4,4
20,47,-0.010466669478810529,0.001156630408235168,-0.013333494371018589,-0.009999999999999724,4,4
21,45,-0.010200005011701487,0.0007916426432250046,-0.013333584959088545,-0.009999999999999724,4,4
22,49,-0.010199999998842269,0.000791622801221181,-0.01333333333309801,-0.009999999999999724,4,4
23,45,-0.010416670725168583,0.0013565768938800435,-0.017499996492520698,-0.009999999999999724,4,4
24,47,-0.010266666667198448,0.0009043106662209955,-0.013333333348449787,-0.009999999999999724,4,4
25,48,-0.003108021487426197,0.036296015731451366,-0.016000261604282313,0.20679487808520317,4,4
26,44,0.0024403033374092065,0.04378134405576816,-0.016666621953254846,0.19286411063832248,4,4
27,48,0.02669356845469032,0.07288111866470381,-0.01333374288131664,0.28088010917102935,4,4
28,47,0.07336111347682256,0.10145479585834707,-0.019230789144525424,0.3019529187847838,4,4
29,49,0.14047303591832014,0.11822281590762311,-0.013927829886585214,0.4276042973653085,4,4
30,48,0.2134795386403738,0.11454501186467828,-0.016661891404922337,0.4276042973653085,4,4
31,49,0.28993498325810124,0.1485590156147685,-0.018888875370964155,0.734398075858071,4,4
32,49,0.3511152257824708,0.19305834044163123,-0.013333333331737479,0.7562444920210505,4,4
33,47,0.49660270317114863,0.1899465548914038,0.020404456170332767,0.8046835020813573,4,4
34,49,0.5963876218491537,0.22006842860381312,-0.01799999746600423,0.8774634170811012,4,4
35,47,0.6375802854339493,0.26427322103695855,-0.018823533034044593,0.9415858963606719,4,4
36,45,0.6171405616057689,0.2839361937152278,-0.019259283258654836,0.9415858963606719,4,4
37,47,0.6763681949646996,0.28432669617114487,-0.013333527453377304,0.9422007910040385,4,4
38,46,0.7155528355083322,0.30016594312047323,0.01012416907095335,1.1210437881644932,4,4
39,46,0.7320043578494911,0.335595670133425,-0.01933334598387566,1.1222619912613496,4,4
40,48,0.7636215311172259,0.353412006076495,-0.013333743599913649,1.1992675179052552,4,4
41,45,0.8522836052225379,0.3577604463015071,-0.015000000113817597,1.312855609765551,4,4
42,46,0.9503207131654473,0.3429906921969808,-0.013333092432828889,1.3625803381427855,4,4
43,46,1.0177774946302904,0.3559775973224717,-0.013333333331737479,1.363045922152162,4,4
44,45,1.0743802561024793,0.39979802761315225,-0.013333318661175054,1.363045922152162,4,4
45,47,1.1219358213707438,0.3830940847155784,-0.013333324905165497,1.40269268044024,4,4
46,47,1.1348334773831252,0.36157178105171556,-0.013333395934043795,1.4094099365811235,4,4
47,45,0.8840560141016823,0.5458075143321868,-0.013333333331737479,1.4597945818825715,4,4
48,41,1.1574115437853727,0.3769332534704341,-0.013333342478032889,1.4597945818825715,4,4
49,47,0.9492388215640201,0.48787684528695124,0.00830152763747498,1.4597945818825715,4,4
50,43,1.1518128283387594,0.4032917837271991,0.006877942929532435,1.480049269623144,4,4
51,47,1.0943438937743868,0.4502794838170221,-0.014999999955227931,1.480049269623144,4,4
52,38,1.1294155201826483,0.4502117261288009,0.009366200825047476,1.487621281467009,4,4
53,43,1.1335726766463574,0.4489118504023777,0.01052923131989858,1.487621281467009,4,4
54,45,0.9700655758511026,0.5713928097935664,-0.009999999999999724,1.487621281467009,4,4
55,45,1.1460101423340012,0.4376384332305207,-0.014999898927362745,1.4954053329862695,4,4
56,43,1.1359896836417958,0.39287504144914953,0.05226081552897823,1.4954053329862695,4,4
57,46,1.0316250031400165,0.5176546968721917,-0.014999994276356138,1.5037189976623468,4,4
58,46,1.1557503219769316,0.44836401841156953,0.01694152045247127,1.5037189976623468,4,4
59,45,1.0086165917102723,0.5625264488980121,0.00203180269866673,1.5538846752587734,4,4
60,44,1.0440007785083187,0.5500269954404393,-0.015000018735199171,1.5538846752587734,4,4
61,48,0.9387575392905808,0.5792743048989268,-0.015168808479384926,1.5538846752587734,4,4
62,44,1.0262022578835703,0.5437110679329185,0.0002642907141901797,1.5584151634558792,4,4
63,45,0.9360680007743359,0.5791103872623775,-0.01600000029648154,1.5538846752587734,4,4
64,47,0.8334728487314212,0.560760225439192,-0.013333343287013053,1.5538846752587734,4,4
65,44,1.0534599771345965,0.5269164401685121,-0.014999999977358777,1.5567151900032605,4,4
66,45,1.0660753734182877,0.6090621501737497,-0.015000006251658194,1.5641567398966396,4,4
67,46,0.9991407842103441,0.5951846687087122,-0.015000002491237067,1.5641567398966396,4,4
68,46,1.0395577531101259,0.6135691824091246,-0.009999999999999724,1.5641567398966396,4,4
69,49,0.9499533248644177,0.5312338719825552,-0.009999999999999724,1.5641567398966396,4,4
70,46,1.0911999875245408,0.49939042236281395,-0.0005956270210950304,1.5641567398966396,4,4
71,44,1.0146023524646468,0.5989285817659538,-0.01500000427517781,1.5641567398966396,4,4
72,48,0.9475992009060998,0.6388327888767227,-0.01333365753675553,1.5680430437658406,4,4
73,47,1.0871799112631737,0.5271117995114842,-0.006391795154980285,1.5680430437658406,4,4
74,43,1.1364026921656853,0.5477411699071875,0.0018787235250490109,1.5720220409063175,4,4
75,46,0.9274332140887425,0.6095549605866492,-0.015000002491237067,1.5720220409063175,4,4
76,46,1.0175098434910523,0.5850671807718338,-0.0025972566049452207,1.570489077465919,4,4
77,42,0.9797372962408594,0.6276632995541604,-0.01500000001196448,1.570489077465919,4,4
78,42,1.1794622153235104,0.522698315432119,-0.013333332450352757,1.5720220409063175,4,4
79,46,1.1254860724324514,0.50891439698684,-0.005588713977726452,1.5720220409063175,4,4
80,46,0.9819248382500508,0.5741051488434165,-0.015999999210676446,1.5720220409063175,4,4
81,44,1.1466682545022828,0.517392802325202,-0.01499999340128733,1.5720220409063181,4,4
82,44,1.1097434450998376,0.5774959489625444,-0.015000002491237067,1.5736236976634526,4,4
83,48,1.1092366470980368,0.566406747816838,-0.014999999978285758,1.574455544542223,4,4
84,49,1.046005583119574,0.5836079565423136,-0.015999989191627564,1.5744555445422237,4,4
85,49,0.887673849606126,0.514502692576022,-0.0013341068120375367,1.5744555445422237,4,4
86,47,1.0603130416075253,0.455968591874696,-0.013308140372821199,1.5720220409063175,4,4
87,47,0.842044616908342,0.6123273349368032,-0.014999998710843008,1.5736236976634526,4,4
88,44,1.1309668016619483,0.5024537418057198,0.051251983525789545,1.5736022997654777,4,4
89,49,0.9466626117104776,0.6018912205137881,-0.008820402013675588,1.5736022997654777,4,4
90,48,0.9256049348349548,0.596338591182504,-0.014999988621232785,1.5736022997654784,4,4
91,46,0.9556188851835201,0.6120324339697272,-0.005022847523915267,1.5736022997654784,4,4
92,45,1.0409328994433615,0.5287747222300049,0.016303810584806278,1.5754717527913278,4,4
93,42,1.1405739588666899,0.5336213472686165,0.0026380629703202283,1.5754717527913278,4,4
94,45,1.1210623357210647,0.5060683175165742,0.026596424381643852,1.5738821401409446,4,4
95,44,1.0831240550935444,0.557409428293726,-0.009999999999999724,1.574296332353113,4,4
96,48,0.9303511657471978,0.5816933728599928,-0.014999995452535822,1.5736022997654784,4,4
97,47,1.0039668239425958,0.6168936738431866,-0.014999999998340592,1.574296332353113,4,4
98,48,0.7950567202281058,0.5934977851353024,-0.015000001056365352,1.574296332353113,4,4
99,47,0.9761313537784018,0.5757248780494989,-0.013333317660736853,1.5744532760414913,4,4
100,47,1.0464372670056186,0.5144263717829084,-0.00606755165686904,1.5744532760414913,4,4
