gen,nevals,avg,stddev,min,max,run,representation
0,50,-0.009999999999999724,0.0,-0.009999999999999724,-0.009999999999999724,3,9
1,46,-0.011333313936141414,0.0016329694056813823,-0.013333355876822602,-0.009999999999999724,3,9
2,47,-0.011000002459372781,0.001527528989062903,-0.013333534116887705,-0.009999999999999724,3,9
3,45,-0.008066651455697692,0.022162090839184773,-0.013333709658771781,0.14666781032973827,3,9
4,48,-0.011566704010448401,0.0017130605526103203,-0.015000000766174455,-0.009999999999999724,3,9
5,46,-0.011466692707842934,0.0016546525333344516,-0.013333709658771781,-0.009999999999999724,3,9
6,46,-0.011410201744666676,0.001727063947177485,-0.01500000357320637,-0.008842192285917656,3,9
7,46,-0.011476856418927811,0.001735642762047634,-0.014999997156278286,-0.008842192285917656,3,9
8,46,-0.008545795869538129,0.022386967863685336,-0.014999991975379809,0.14771137423745462,3,9
9,46,-0.007186773816328484,0.03211598439879864,-0.013333709658771781,0.21732935726457037,3,9
10,48,-0.01133333886970462,0.001632999943337054,-0.013333654907337664,-0.009999999999999724,3,9
11,48,-0.011733353308508583,0.0016653519933320208,-0.013333709658771781,-0.009999999999999724,3,9
12,44,-0.011533341743498245,0.0017587964146205766,-0.01500001456451058,-0.009999999999999724,3,9
13,44,-0.011266664755490723,0.001617952373403496,-0.013333709658771781,-0.009999999999999724,3,9
14,46,-0.011866683910496691,0.0016546384410345157,-0.01333376261180791,-0.009999999999999724,3,9
15,45,-0.008221436430315204,0.02228258662277982,-0.015000014853113615,0.14726115954148725,3,9
16,42,0.006788035867665776,0.05597530655484703,-0.015000058961108027,0.2294988367006044,3,9
17,46,0.025178351735354418,0.07770717765476584,-0.016000089569607627,0.3067432981676804,3,9
18,46,0.04740553176930118,0.09138988782489028,-0.015000094579561755,0.3067432981676804,3,9
19,47,0.09658867365125273,0.11382069228196004,-0.015999998134002817,0.34213819680784385,3,9
20,47,0.15052234898660724,0.11725761272815023,-0.016666666589708754,0.3592099623684658,3,9
21,47,0.20264802725185896,0.0893763540800159,-0.016666698112042206,0.39983752576968284,3,9
22,47,0.14578469607265213,0.12693742820467901,-0.020000001296742398,0.4676241127748345,3,9
23,45,0.2263615754520329,0.10302491599926411,-0.01999999999999945,0.39849520449733417,3,9
24,44,0.19214757002190005,0.14014373018177176,-0.01999999999999945,0.706515024522051,3,9
25,48,0.23866089650601718,0.10123324424757318,-0.01999999999999945,0.42823879938063564,3,9
26,40,0.2631086941225574,0.13637230928461253,-0.016666703765350867,0.706515024522051,3,9
27,43,0.19704923200308394,0.15936531994089645,-0.020000024392705668,0.5061174065183305,3,9
28,50,0.23132468367670186,0.16971834452839424,-0.01600000320981216,0.706045756183892,3,9
29,48,0.2364702913112844,0.18447805972753026,-0.01999999999999945,0.706515024522051,3,9
30,45,0.2526618442296416,0.20651995444484733,-0.02000004235410908,0.706045756183892,3,9
31,47,0.26952821444409936,0.19030404699839812,-0.020000000706921085,0.706045756183892,3,9
32,41,0.3209936594489261,0.2046945954235853,-0.01599999666736193,0.7034471223005057,3,9
33,49,0.3034701903742021,0.16738084880588142,-0.014999898521433241,0.706515024522051,3,9
34,49,0.3047752100648682,0.18184874833676326,-0.016666630541300503,0.730154625301817,3,9
35,44,0.3135301300623687,0.20851152774988382,-0.01666667605448109,0.8087465157136333,3,9
36,49,0.3752841738746133,0.17610326176685243,-0.01714288483479834,0.8176119086775475,3,9
37,47,0.32021575551533066,0.22166828728361093,-0.020000064064923283,0.8139810602766568,3,9
38,46,0.32167081562375593,0.19693475220606682,-0.016666672753571705,0.8139810602766568,3,9
39,46,0.3282970397119788,0.22841296182996101,-0.017142687365572104,0.7877865254739359,3,9
40,47,0.33346745265863903,0.2275021798582527,-0.01999997653210399,0.7384476171455786,3,9
41,46,0.38280617646194387,0.21983861576757294,-0.013333323120638074,0.7415233027579745,3,9
42,49,0.4106768175799438,0.2114328536599016,-0.016000039354665485,0.7989042273516685,3,9
43,48,0.4092681104083229,0.21452369951599237,-0.017142771305159822,0.8166897201267711,3,9
44,43,0.4921754242335236,0.20622849084831038,-0.015000324673967853,0.8271209422276117,3,9
45,48,0.37367301999971597,0.2511257456628278,-0.016666688957438957,0.9035632441782465,3,9
46,46,0.30317753175716794,0.20868102288326773,-0.01999999999999945,0.9035632441782465,3,9
47,46,0.4116091582841864,0.19841299483273658,0.0886066652867567,0.7960947468362143,3,9
48,47,0.3251920507858989,0.21693101483569568,-0.019999969423833752,0.7942798536785555,3,9
49,45,0.43098669106396964,0.20808846677756587,0.04629013656343959,0.7386856369766936,3,9
50,48,0.3960088254727706,0.23784230403161408,-0.016666669117059624,0.7733261791789687,3,9
51,46,0.39508622128780907,0.23739142909077862,-0.017142892523998608,0.8010960258983938,3,9
52,45,0.4283741617995907,0.22904494625411215,0.08572689268103229,0.8052963976760108,3,9
53,45,0.415585149418502,0.23626179881925433,-0.019999947902256184,0.8052963976760108,3,9
54,49,0.464593665959986,0.2386788410142658,-0.016666652773505458,0.8990675981256206,3,9
55,46,0.45055071134057073,0.22036357234572046,-0.01500000095778878,0.8220153641191253,3,9
56,48,0.4748604501810474,0.19477155689890766,0.058269997380641474,0.8162172820390194,3,9
57,47,0.47153878095817353,0.18529124675734118,-0.019999947902256184,0.7565111743787583,3,9
58,43,0.47811908201564846,0.2041072984059248,-0.016666652773505458,0.8214441508364065,3,9
59,44,0.5077900601271326,0.204485437664597,0.06593168151830764,0.8914201942952089,3,9
60,46,0.47568373788758656,0.22172277527386253,0.06593168151830764,0.9018927525080033,3,9
61,48,0.5040630547139862,0.22827945056900026,-0.013333327571865783,0.8992029649743943,3,9
62,45,0.5023119786295951,0.23178328941243917,0.09715370723988426,0.9952912362512581,3,9
63,45,0.5021030350806884,0.2604026598155476,-0.02000000063468039,0.903928223182088,3,9
64,47,0.506044899382323,0.2523398330101482,-0.01333335436939037,0.9063797902521579,3,9
65,43,0.5265012100074474,0.27942480636589445,-0.01749993639970047,0.9063797902521579,3,9
66,46,0.5005921757996359,0.2742008439901441,-0.016000067769548165,0.9063797902521579,3,9
67,45,0.5098026539862756,0.23508386488689947,-0.013333398333863284,0.9064030876909508,3,9
68,42,0.5764272336541425,0.2250352134567557,0.13137308679587392,0.8989933431664402,3,9
69,47,0.5165434621043803,0.24084119707837456,0.11541258223274478,0.899022405392548,3,9
70,46,0.49052013488939666,0.2568721152155609,-0.01666666186112206,0.899022405392548,3,9
71,46,0.46107634942592945,0.2768572400879537,-0.016666654085393594,0.899022405392548,3,9
72,43,0.5031503847137782,0.2713915995096209,-0.020000050603513238,0.899022405392548,3,9
73,46,0.5102910364368703,0.26064673760190005,-0.017500039010578037,0.9051995573933959,3,9
74,46,0.4766693224268444,0.2628513450512712,-0.016000003350266103,0.9051995573933959,3,9
75,46,0.49928690376280827,0.26664819372345827,-0.014999894091207435,0.9063020672030104,3,9
76,45,0.5333945888935535,0.24150681551596334,0.08215679483710545,0.8997108288137653,3,9
77,46,0.46442518310382064,0.26787092725284467,-0.016000035511669015,0.8273820256213074,3,9
78,45,0.46677912077850975,0.24603608657817297,-0.015000081235341557,0.9025669590890429,3,9
79,42,0.47000423887226456,0.23157960596089358,-0.015000081235341557,0.8193198604247738,3,9
80,44,0.41423151999277913,0.26064410746610894,-0.017500000095151038,0.9004952718613287,3,9
81,43,0.5000462501805693,0.26172167945730174,0.08366564203756606,0.9950565405311689,3,9
82,47,0.5365030757596793,0.2255049538714661,-0.018000004936905848,0.9004952718613287,3,9
83,43,0.5675521419015835,0.28648607097103096,-0.01599995102685409,1.0672539277478852,3,9
84,47,0.4651267810747596,0.2767311135228413,-0.01777783629111926,0.9785012183577957,3,9
85,47,0.5370414457841839,0.25415391355713024,-0.017500014140074575,0.909780536406214,3,9
86,47,0.5086008458583186,0.2649011758423404,-0.01714271406248292,0.9126595650000798,3,9
87,45,0.581029735546592,0.2315903788273711,0.10750385130984955,0.9610122579833116,3,9
88,44,0.5973275572054594,0.26093918723826226,0.09133414950300835,1.0716905525712503,3,9
89,45,0.5836791461640246,0.2749322108722357,-0.017500014140074575,1.0716905525712503,3,9
90,48,0.5602034175014321,0.26833681659917946,-0.016666675931268454,0.9794086566768924,3,9
91,47,0.516285403982043,0.2753870395219952,0.06665054891560698,0.9794086566768924,3,9
92,46,0.5277969724373321,0.25217442132551593,0.13608098528893414,0.9141443039116807,3,9
93,49,0.5500666480566049,0.2943555424879728,-0.017777777897506807,1.0454538363008434,3,9
94,43,0.626832397931802,0.2756198970452982,0.1155994349424743,0.9784007388911994,3,9
95,45,0.541745555660491,0.3085846627969926,-0.017777769928711357,0.9784007388911994,3,9
96,48,0.6079045169642456,0.25380277895201314,0.10089263400825733,1.020985451607995,3,9
97,45,0.6168787824403054,0.28783299499890946,-0.009999999999999724,0.9983639621064707,3,9
98,48,0.5817459694696739,0.2916409651691132,0.13913661168298927,1.111010285232381,3,9
99,45,0.5922149817791056,0.30047590641998617,0.09348829765306733,1.111010285232381,3,9
100,42,0.5909672915128804,0.3280956578686677,-0.015999996505593573,1.111010285232381,3,9
