gen,nevals,avg,stddev,min,max,run,representation
0,50,-0.009999999999999724,0.0,-0.009999999999999724,-0.009999999999999724,6,4
1,46,-0.010466666666443008,0.0011566234376395197,-0.013333333331737479,-0.009999999999999724,6,4
2,43,-0.010266666666538743,0.0009043106639838327,-0.013333333331737479,-0.009999999999999724,6,4
3,48,-0.010266666666637942,0.0009043106643202337,-0.013333333335673245,-0.009999999999999724,6,4
4,45,-0.010466670872797304,0.00115663386332764,-0.01333354375774651,-0.009999999999999724,6,4
5,45,-0.010800000791226196,0.0014236118416080478,-0.01333336337169326,-0.009999999999999724,6,4
6,45,-0.01059999751781569,0.001280619549677235,-0.013333361475192484,-0.009999999999999724,6,4
7,48,-0.010533330869510256,0.001222014540180176,-0.013333363371693259,-0.009999999999999724,6,4
8,49,-0.01053333281886032,0.001222019006527525,-0.013333344847728119,-0.009999999999999724,6,4
9,48,-0.010066666510629709,0.0004666655744098966,-0.013333325531498985,-0.009999999999999724,6,4
10,48,-0.010266667245406225,0.0009043126270266496,-0.01333336337169326,-0.009999999999999724,6,4
11,46,-0.010200000175177635,0.0007916234991785389,-0.013333345909739159,-0.009999999999999724,6,4
12,48,-0.010266666227009,0.0009043091734699574,-0.013333333331737479,-0.009999999999999724,6,4
13,47,-0.010133332525359785,0.0006531933064983438,-0.013333317728753045,-0.009999999999999724,6,4
14,44,-0.010133332170263139,0.0006531915669364709,-0.013333344650818356,-0.009999999999999724,6,4
15,44,-0.010029139502450789,0.00020397651715744282,-0.011456975122552887,-0.009999999999999724,6,4
16,46,-0.01006666614381443,0.0004666630067029393,-0.013333307190735005,-0.009999999999999724,6,4
17,47,-0.010066663776833684,0.00046664643783771983,-0.013333188841697723,-0.009999999999999724,6,4
18,47,-0.01039999633678908,0.0010831952007535114,-0.013333333332761673,-0.009999999999999724,6,4
19,44,-0.010333325214089212,0.0009999756427930219,-0.013333333335673245,-0.009999999999999724,6,4
20,45,-0.010233333834275707,0.0009433996160535581,-0.014999995945627915,-0.009999999999999724,6,4
21,44,-0.010400000463715784,0.001083206376407535,-0.013333373432095067,-0.009999999999999724,6,4
22,47,-0.010066666666634479,0.00046666666644328567,-0.013333333331737479,-0.009999999999999724,6,4
23,42,-0.010200007106828111,0.0007916509365030165,-0.013333688676919399,-0.009999999999999724,6,4
24,45,-0.010200003282473889,0.0007916357984364768,-0.013333497470659705,-0.009999999999999724,6,4
25,44,-0.010438095892254537,0.0014718559210908449,-0.01857146130367257,-0.009999999999999724,6,4
26,48,-0.01049999984343597,0.0012583053860770568,-0.014999999977358777,-0.009999999999999724,6,4
27,45,-0.010066665012024219,0.0004666550841714538,-0.013333250601224395,-0.009999999999999724,6,4
28,47,-0.006627534536541307,0.024568306950206027,-0.013333333321310327,0.16528987336978024,6,4
29,45,0.005505628724151197,0.05051652598604308,-0.016000007744543226,0.1925687147215408,6,4
30,47,0.05402151285137436,0.09641436904893172,-0.013333333331737479,0.29155687853878043,6,4
31,49,0.11519818387271244,0.12358746840336253,-0.016666688016708252,0.505476820968164,6,4
32,47,0.20913451309618417,0.14594896884123865,-0.018333262829042785,0.5884137326373194,6,4
33,50,0.23051386327979997,0.20164304484613932,-0.019090943050333074,0.7122563688419705,6,4
34,46,0.3633027061284656,0.20244219155179788,-0.01666666673219788,0.8435492716529394,6,4
35,45,0.41679720564886064,0.24787092888201867,-0.018000015014905026,0.983910089029813,6,4
36,46,0.5126783632414614,0.2563966849144031,-0.018333333498374342,0.983910089029813,6,4
37,45,0.5506149766201133,0.32838140859118436,-0.017500000006000015,0.9842503570223511,6,4
38,48,0.6987674007393615,0.23149427640772569,-0.017142857103299578,0.9858111390790456,6,4
39,47,0.674342465350712,0.32622286773386516,-0.017142861873728328,1.062287502240646,6,4
40,41,0.6537046026595899,0.3420879068094228,-0.017142857103299578,0.9858111390790456,6,4
41,47,0.5370498244434249,0.3526833237628128,-0.017142857103299578,0.9858111390790456,6,4
42,47,0.6437263267365984,0.3044332400583933,-0.017142857189336464,1.0358429944141196,6,4
43,49,0.6311183499131486,0.3202400973652746,-0.01714285722913624,1.0590501107895474,6,4
44,42,0.7680715397479125,0.2662426966001847,-0.017142857087545555,1.0701404987158798,6,4
45,47,0.6800449281922674,0.3561796701153745,-0.017142857277097332,1.0701404987158798,6,4
46,48,0.6079961363219009,0.39018125363530876,-0.017142857197336245,1.1025038351007352,6,4
47,46,0.7399016835700464,0.3198206907725869,-0.009999999999999724,1.11249827030996,6,4
48,47,0.7382965579544377,0.3587666498735413,-0.017142856197290356,1.1124982703099602,6,4
49,43,0.8103019645410086,0.3934375308020176,-0.017142857377560237,1.1124982703099602,6,4
50,45,0.7010736525498263,0.43890123989989666,-0.017500000022053767,1.1124982703099602,6,4
51,47,0.7565618648573275,0.37139349674906824,-0.017142857276387903,1.1338520932703167,6,4
52,43,0.8087658157891103,0.3748079256690924,-0.01499999627881941,1.1338520932703167,6,4
53,44,0.7149204965482368,0.4428528493072663,-0.017500000006275964,1.1338520932703167,6,4
54,45,0.7941977303293407,0.406939249253441,-0.017499998913233557,1.14331872824203,6,4
55,48,0.8079162527824336,0.407565486880798,-0.017500000006275964,1.188502729643097,6,4
56,48,0.8402448915040971,0.4059381303727698,-0.015000000580551523,1.188502729643097,6,4
57,48,0.8148603887458805,0.38087119191361424,-0.01750000062168446,1.1884085611594715,6,4
58,46,0.7491522362119413,0.41826184713098774,-0.015000024180376761,1.1919165079601315,6,4
59,47,0.8429411065742763,0.3991652977665571,-0.01749999999352754,1.1987184957617618,6,4
60,46,0.8778763525657662,0.3705180917834297,-0.013333339407365608,1.1987184957617618,6,4
61,47,0.8330139201283202,0.4015114251621489,-0.01750000000432201,1.2056326527857941,6,4
62,48,0.839635427334852,0.4122321391056632,-0.017777777585357386,1.2162352804428496,6,4
63,50,0.8012213994499824,0.3719371708356277,-0.0174999997490019,1.2208026787150434,6,4
64,46,0.6838025435939424,0.4450294950171845,-0.01750000167786456,1.2110523266840134,6,4
65,44,0.7437335442300521,0.47666704187309483,-0.01750000001743255,1.2111558497743804,6,4
66,45,0.6943327706496153,0.4378566910750214,-0.017499999208210576,1.2111558497743804,6,4
67,47,0.8651615450355844,0.38463682407537464,-0.01750000002494214,1.214149792890823,6,4
68,46,0.9582270811988061,0.3563029215641166,-0.01750000002494214,1.2142638548247675,6,4
69,47,0.8321586746240202,0.446474216346242,-0.017500000303789513,1.2327832411090098,6,4
70,45,0.875122138318929,0.4637633639125484,-0.017777778606734636,1.2327832411090098,6,4
71,48,0.8964059006904075,0.40362957281109685,-0.017777777716186643,1.2828604124530523,6,4
72,45,0.8903872491865806,0.4480121650401455,-0.017500000160649103,1.2828604124530523,6,4
73,46,0.8961229650139412,0.424361029656773,-0.0174999999187459,1.3162060672529576,6,4
74,46,0.8171984343126247,0.4649228656057204,-0.017500000031637944,1.3162084325839032,6,4
75,45,0.8417651252555304,0.4413977998996019,-0.017500002936633383,1.316361207667656,6,4
76,47,0.9960578058489554,0.4242674470075059,-0.01333337295100389,1.316361207667656,6,4
77,47,0.9430385425267208,0.4807243921909691,-0.01750000004945605,1.3279585356521777,6,4
78,49,0.9568753613495358,0.47651166595896677,-0.017499999871952027,1.3279628411398483,6,4
79,47,0.9539680293802211,0.4636246652228872,-0.017500004969015,1.3281161537127648,6,4
80,44,0.9935154140424519,0.43581883569552116,-0.017500000981572533,1.3293450029170333,6,4
81,45,1.0458895597338889,0.3520179452849272,-0.013333343875359133,1.3293450029170333,6,4
82,43,0.9572581866903757,0.41736051506155925,-0.013333516192573697,1.3293450029170333,6,4
83,46,1.0155969873590143,0.4120985985665849,-0.015000005545666934,1.3347138613371916,6,4
84,45,0.9113211235149297,0.5278976111112519,-0.018461538433336352,1.3347138613371916,6,4
85,45,1.0316934018352177,0.41779723920993034,-0.017499999968061813,1.3347138613371916,6,4
86,45,0.9900024340771435,0.47048383456127346,-0.01750000012076021,1.3361440063878227,6,4
87,45,0.920652241256211,0.5027299664647635,-0.01749991411562682,1.3361440063878227,6,4
88,45,0.9534654177945712,0.4607124278151871,-0.017499995781389093,1.3565753579660593,6,4
89,46,0.9972841433694702,0.4528190286604975,-0.017499999995023094,1.3567292823188508,6,4
90,48,0.9335929359348938,0.49226481786274745,-0.01750002639645603,1.3567478082139335,6,4
91,48,0.9472638290793699,0.46939966740129135,-0.017500000017982943,1.3634855718203402,6,4
92,46,1.0574817828280807,0.4152022202395783,-0.017499999647886032,1.3634855718203402,6,4
93,47,1.0516751586603243,0.4386174975140971,-0.017500000017916562,1.3664174224252748,6,4
94,46,1.020328735385955,0.4540992209827382,-0.017500000012684782,1.3664173870897105,6,4
95,44,0.9419662967084769,0.4370984696923791,-0.017500000012684782,1.3699690219837735,6,4
96,45,0.9732893973114328,0.48857495184245164,-0.017777777784831694,1.3728584658722247,6,4
97,40,1.0790579508913583,0.43889582970203556,-0.015000002799491102,1.3728584658722247,6,4
98,44,1.1093959359034273,0.3824285944629612,-0.013333384687765668,1.3728584658722247,6,4
99,47,0.9947767785359201,0.48386004840643604,-0.016000001690627125,1.3728584658722256,6,4
100,45,1.10867134891776,0.40282801200768237,-0.017499999404333253,1.3735399939147712,6,4
