gen,nevals,avg,stddev,min,max,run,representation
0,50,-0.009999999999999724,0.0,-0.009999999999999724,-0.009999999999999724,7,0
1,46,-0.010400007994065924,0.0010832267694659628,-0.013333656410827885,-0.009999999999999724,7,0
2,43,-0.010133331195226938,0.0006531867904786729,-0.01333330800568904,-0.009999999997547322,7,0
3,46,-0.01013333618318629,0.0006532112276509468,-0.013333578127042708,-0.009999999997547322,7,0
4,47,-0.010199999031907159,0.0007916189741617991,-0.013333340926036065,-0.009999999997547322,7,0
5,47,-0.010266666067069347,0.0009043086323915061,-0.013333353384821368,-0.009999999997504195,7,0
6,44,-0.010066665069928394,0.00046665549516918854,-0.013333253536112713,-0.009999999997485624,7,0
7,45,-0.010199197108731501,0.0007919150042418456,-0.013333617621730418,-0.009959040704194967,7,0
8,45,-0.01026256732982692,0.0009055895020479746,-0.013333550465954604,-0.009959040704194967,7,0
9,49,-0.010125148853169355,0.0006551075492732582,-0.013333561703643968,-0.009959040670391358,7,0
10,47,-0.010317114562759293,0.0010055368588073339,-0.013333389633111469,-0.009959000077250962,7,0
11,46,-0.010108040628300037,0.000658656671275729,-0.013333609071078485,-0.009959000077250962,7,0
12,47,-0.010371446100073005,0.0010939037726799882,-0.013333751751924498,-0.00995898749089084,7,0
13,47,-0.010239139043057677,0.0009125702432541764,-0.013333595967620362,-0.009959000077250962,7,0
14,44,-0.010174338939974256,0.000796794692876701,-0.013333555607208416,-0.009958988349689238,7,0
15,46,-0.010171043472049566,0.0007991163632502774,-0.013333490586034077,-0.009958988349689238,7,0
16,48,-0.010306770661370677,0.0010089625730571256,-0.013333541079595957,-0.00995896723343688,7,0
17,42,-0.010168958748667295,0.0007996133106054055,-0.013333600793407467,-0.00995896723343688,7,0
18,45,-0.010372618507438156,0.001093219513749813,-0.013333212913431447,-0.009958943620687015,7,0
19,45,-0.01017254730803002,0.0007987295956748868,-0.013333463754596719,-0.00995896723343688,7,0
20,50,-0.010308718082545075,0.0010083790963828368,-0.013333522173817738,-0.009958963363348708,7,0
21,43,-0.01010533605882358,0.0006591133360367841,-0.013333572814347543,-0.009958963363348708,7,0
22,44,-0.010238256120078502,0.0009127893624996283,-0.013333455336710378,-0.00995896207335246,7,0
23,41,-0.010175360330284983,0.0007980653709414245,-0.01333374131065503,-0.009958944275415845,7,0
24,46,-0.010173326443651511,0.0007985373147360623,-0.013333592335814872,-0.009958961105866148,7,0
25,46,-0.010172151477931239,0.0007988546178964875,-0.013333523894181323,-0.009958961105866148,7,0
26,49,-0.010173078543040094,0.0007985609286188379,-0.01333322149747552,-0.009958961105866148,7,0
27,47,-0.010104882575112821,0.0006592394651493955,-0.013333595744204547,-0.009958961105866148,7,0
28,46,-0.010441886677493108,0.001166743548957584,-0.013333596340300766,-0.00995893927077141,7,0
29,46,-0.010043113057706686,0.0004704487091634759,-0.013333448859317832,-0.009957186363309938,7,0
30,45,-0.0103733562202331,0.001093143656155765,-0.013333511465423149,-0.009957186363309938,7,0
31,46,-0.010173332540369086,0.0007983077399498547,-0.013333595827321701,-0.009957186363309938,7,0
32,45,-0.010035973527668758,0.00047136799343715246,-0.013333449484098401,-0.009957184860566726,7,0
33,45,-0.010099261285119582,0.0006602425487574474,-0.013333116285146034,-0.009957184860566726,7,0
34,44,-0.01023716125097762,0.000913185437730395,-0.013333497333217996,-0.009956885105678834,7,0
35,47,-0.01023648935382626,0.000913382735508016,-0.013333540037764003,-0.009956885105678834,7,0
36,44,-0.01023971270566259,0.0009121406758615299,-0.013333582537097186,-0.009956885105678834,7,0
37,45,-0.010103715494480438,0.0006592793163237305,-0.013333370958329965,-0.009956885105678834,7,0
38,43,-0.010032361394273232,0.00047126993451451516,-0.013329462614030965,-0.009956885105678834,7,0
39,45,-0.010238504228724979,0.000912787968947199,-0.013333697112701569,-0.009956885105678834,7,0
40,46,-0.010304705376753312,0.0010096545032299022,-0.013333385558394813,-0.009956885105678834,7,0
41,45,-0.010237951216645825,0.0009129477038860264,-0.013333385834346671,-0.009956885105678834,7,0
42,48,-0.010574967780421184,0.0012925063028406336,-0.013333578558562698,-0.009956885105678834,7,0
43,45,-0.010237028999694303,0.0009132010641274967,-0.01333345687716888,-0.009956885105678834,7,0
44,44,-0.010170291112101945,0.0007992889370414476,-0.013333313042052259,-0.009956885105678834,7,0
45,46,-0.010371661352073146,0.001093744793143662,-0.013333754391650087,-0.009956885105678834,7,0
46,45,-0.010279342348415153,0.0009594534408832132,-0.013333753116705859,-0.009956861500381596,7,0
47,46,-0.010035173097458282,0.0004715402613095716,-0.013333587170986939,-0.009956861500381596,7,0
48,44,-0.010100378013750981,0.0006600504565416575,-0.01333302982701987,-0.009956861500381596,7,0
49,47,-0.010238949961701152,0.0009126668970215869,-0.013333454194968232,-0.009956861500381596,7,0
50,47,-0.01023402929755901,0.000914032569244555,-0.013333756548616063,-0.009956861500381596,7,0
51,45,-0.010502720837690856,0.0012354665620527147,-0.013333635185894739,-0.009956861500381596,7,0
52,47,-0.010308078264710302,0.0010085959023470805,-0.013333445083043583,-0.009956861500381596,7,0
53,47,-0.010034792324020752,0.00047158310729443996,-0.013333609049258632,-0.009956817235854728,7,0
54,46,-0.01024039615283695,0.000912250346821978,-0.01333350556551776,-0.009956817235854728,7,0
55,48,-0.010168550962780194,0.000799777123984906,-0.01333361565363353,-0.009956817235854728,7,0
56,41,-0.010100032600434008,0.0006601753368304291,-0.013333272503307837,-0.009956817235854728,7,0
57,45,-0.010503874026577296,0.0012288324224486503,-0.01333355151035234,-0.009956817235854728,7,0
58,44,-0.010106681191195592,0.0006589298752562755,-0.013333557423098757,-0.00995676664487595,7,0
59,45,-0.01010201906811836,0.000659848561192375,-0.01333350887596685,-0.009956797453987292,7,0
60,48,-0.010509275354784383,0.0012326205313461006,-0.013333595343111031,-0.009956797453987292,7,0
61,44,-0.01016994693344724,0.000799425579321347,-0.013333476355178692,-0.009956797453987292,7,0
62,48,-0.01030368866298213,0.0010100444600967928,-0.013333636769262395,-0.009956797453987292,7,0
63,46,-0.010034092258119657,0.0004716605488598339,-0.013333358970931533,-0.009946860048583143,7,0
64,46,-0.010104116991902301,0.0006594901893379571,-0.013333604888532117,-0.009946860048583143,7,0
65,46,-0.010304677462269495,0.001009729035759438,-0.013333509831088915,-0.009946849828569644,7,0
66,43,-0.01009887164252616,0.0006604735213410177,-0.013333337411659102,-0.009946849828569644,7,0
67,44,-0.010096928627639855,0.0006608481804416274,-0.013333187418950036,-0.009946849828569644,7,0
68,45,-0.010235850429147248,0.0009136910720400687,-0.01333375441675411,-0.009946849828569644,7,0
69,46,-0.010172315562920137,0.0007990006590756881,-0.013333684448924774,-0.009946849828569644,7,0
70,47,-0.010236066940348794,0.0009135650740814329,-0.013333457390170536,-0.009946849828569644,7,0
71,46,-0.010506043768984308,0.0012307080128564725,-0.013333727292558177,-0.009946849828569644,7,0
72,45,-0.010367564237732343,0.0010953624361753143,-0.013333608111953495,-0.009946849828569644,7,0
73,46,-0.010100557917951423,0.0006591879655855283,-0.013329993486210492,-0.009946849828569644,7,0
74,47,-0.010167995682427633,0.00079999915264069,-0.013333270293799427,-0.009946849828569644,7,0
75,47,-0.010170823191517391,0.0007993343510669797,-0.013333411495048252,-0.009946849828569644,7,0
76,45,-0.010164845687450061,0.000800757084815645,-0.01333336520767661,-0.009946849828569644,7,0
77,47,-0.010096443202440426,0.0006610420110241001,-0.013333691449672369,-0.009946849828569644,7,0
78,46,-0.01023271634465117,0.0009145855642859014,-0.013333475470913988,-0.009946849828569644,7,0
79,47,-0.010163554783522166,0.0008011046409074487,-0.013333416312825478,-0.009946849828569644,7,0
80,45,-0.010167668401420426,0.0008001446581545347,-0.01333352048575382,-0.009946826457239854,7,0
81,41,-0.01023733497888404,0.0009133377410226412,-0.013333856609042733,-0.009946826457239854,7,0
82,47,-0.010302487199724965,0.0010105608964552741,-0.01333352726400174,-0.009946826457239854,7,0
83,45,-0.0100280601781951,0.0004726174481055571,-0.013333242879203547,-0.009946826457239854,7,0
84,47,-0.010233198356813916,0.0009144270867799843,-0.013333550267152699,-0.009946826457239854,7,0
85,48,-0.010231390184178154,0.0009149909459034098,-0.013333737787799237,-0.009946820186404696,7,0
86,48,-0.010104874059004437,0.0006594586260189772,-0.013333359928746262,-0.009946820186404696,7,0
87,44,-0.010168578693497054,0.0007999328272960087,-0.01333370150910738,-0.009946820186404696,7,0
88,46,-0.010230288549302372,0.0009152781397724721,-0.01333361606565309,-0.009946820186404696,7,0
89,45,-0.010164347991803184,0.0008004189439990418,-0.013333542157937766,-0.009946820186404696,7,0
90,47,-0.010434768061501024,0.0011696447378117365,-0.013333433446007462,-0.009946820186404696,7,0
91,48,-0.010099673997283192,0.0006604242728714,-0.013333372693195273,-0.009946820186404696,7,0
92,41,-0.010166703252492072,0.0008003541955937966,-0.013333393522943146,-0.009946820186404696,7,0
93,44,-0.010161886924138835,0.0008015199855594179,-0.01333356281848279,-0.009946820186404696,7,0
94,47,-0.01023013892328079,0.0009152223747140587,-0.013333563439321528,-0.009946820186404696,7,0
95,43,-0.0102325388689245,0.0009146902620232199,-0.013333654966142298,-0.009946820186404696,7,0
96,45,-0.010436245757833147,0.0011691005106148602,-0.013333465519261057,-0.009946820186404696,7,0
97,49,-0.010161821988699984,0.0008015354899955119,-0.013333487329583716,-0.009946820186404696,7,0
98,46,-0.010235326682154062,0.0009138531647427793,-0.013333676005146776,-0.009946820186404696,7,0
99,48,-0.010231976578114517,0.0009145760806564531,-0.013333277856986672,-0.009946820186404696,7,0
100,46,-0.010433728350720907,0.0011700924326505263,-0.013333575345021728,-0.009946820186404696,7,0
