gen,nevals,avg,stddev,min,max,run,representation
0,50,-0.009999999999999724,0.0,-0.009999999999999724,-0.009999999999999724,9,1
1,46,-0.010533333333077764,0.0012220201847366083,-0.013333333331737479,-0.009999999999999724,9,1
2,47,-0.010666666752478758,0.001333333504958124,-0.013333335485024562,-0.009999999999999724,9,1
3,49,-0.010333333333173498,0.0009999999995213263,-0.013333333331737479,-0.009999999999999724,9,1
4,49,-0.010866668635476077,0.0014621174681341542,-0.013333363371864906,-0.009999999999999724,9,1
5,47,-0.010333333332084565,0.0009999999962545276,-0.013333333331737479,-0.009999999999999724,9,1
6,50,-0.010866666754429958,0.001462114294692755,-0.013333335485024562,-0.009999999999999724,9,1
7,40,-0.01053333341791177,0.0012220203791157961,-0.013333335485024562,-0.009999999999999724,9,1
8,44,-0.01086667227330165,0.001462123605533567,-0.013333499338030765,-0.009999999999999724,9,1
9,44,-0.010400003324023821,0.0010832141223302003,-0.013333499455192065,-0.009999999999999724,9,1
10,45,-0.010600000645470313,0.0012806262251688764,-0.013333363371864906,-0.009999999999999724,9,1
11,44,-0.010699993930283012,0.0014177334147248688,-0.015000000008939614,-0.009999999999999724,9,1
12,45,-0.010666666709124653,0.0013333334182498947,-0.013333335485024562,-0.009999999999999724,9,1
13,46,-0.010533333487521968,0.00122202053862513,-0.013333363371864906,-0.009999999999999724,9,1
14,48,-0.010399996411436256,0.0010831954032389465,-0.013333363371864906,-0.009999999999999724,9,1
15,47,-0.010933328271306102,0.0014966548379519117,-0.013333363371864906,-0.009999999999999724,9,1
16,42,-0.010600000084668377,0.0012806250282012645,-0.013333335485024562,-0.009999999999999724,9,1
17,48,-0.010933324635623062,0.001496649008530704,-0.013333335485024562,-0.009999999999999724,9,1
18,44,-0.010399999999886968,0.0010832051203127882,-0.013333333335673245,-0.009999999999999724,9,1
19,46,-0.010699999998392551,0.0014177446858991292,-0.015000000042894623,-0.009999999999999724,9,1
20,48,-0.010999995662758905,0.0015275186088577878,-0.013333745328074789,-0.009999999999999724,9,1
21,45,-0.010400000715443598,0.0010832070580590295,-0.013333368924554282,-0.009999999999999724,9,1
22,48,-0.010666653351406135,0.0013333067059081829,-0.013333343623177878,-0.009999999999999724,9,1
23,44,-0.010533341575679023,0.0012220390718443185,-0.013333699969805409,-0.009999999999999724,9,1
24,47,-0.010733340223893963,0.0013808339872099279,-0.013333699969805409,-0.009999999999999724,9,1
25,41,-0.010400000159641766,0.0010832055529435467,-0.013333363371864906,-0.009999999999999724,9,1
26,45,-0.010866670794418234,0.001462121110590274,-0.013333518876364156,-0.009999999999999724,9,1
27,44,-0.010666672616004222,0.0013333452322374726,-0.013333495007228578,-0.009999999999999724,9,1
28,44,-0.010399995971261448,0.0010831942121393937,-0.013333495007228578,-0.009999999999999724,9,1
29,48,-0.010399994741773675,0.0010831908818064312,-0.013333333335673245,-0.009999999999999724,9,1
30,46,-0.010466667392360565,0.0011566252368149785,-0.013333354205058226,-0.009999999999999724,9,1
31,47,-0.010866656825539573,0.0014620975455376778,-0.01333347309785843,-0.009999999999999724,9,1
32,46,-0.010866669218738634,0.0014621184521549382,-0.013333411025021088,-0.009999999999999724,9,1
33,45,-0.010666663725268068,0.0013333274507869456,-0.013333363371864906,-0.009999999999999724,9,1
34,46,-0.010933341093059457,0.0014966753984593695,-0.013333578230460852,-0.009999999999999724,9,1
35,47,-0.010666666396375417,0.0013333327927640727,-0.013333363371864906,-0.009999999999999724,9,1
36,44,-0.010466675537271817,0.001156645424380761,-0.013333595331546507,-0.009999999999999724,9,1
37,44,-0.010799992354101976,0.0014235968285634653,-0.013333348710330248,-0.009999999999999724,9,1
38,45,-0.010599994998632472,0.0012806141730463785,-0.01333333342621272,-0.009999999999999724,9,1
39,42,-0.01059999489578332,0.0012806139535270435,-0.013333337423010306,-0.009999999999999724,9,1
40,48,-0.010666668619098197,0.00133333723836806,-0.013333476852738564,-0.009999999999999724,9,1
41,47,-0.010533336568060003,0.00122202759719924,-0.013333495007228578,-0.009999999999999724,9,1
42,49,-0.010666647614660844,0.0013332952309094478,-0.013333363441204053,-0.009999999999999724,9,1
43,45,-0.011166661261833214,0.0016414691683489786,-0.015000000042894623,-0.009999999999999724,9,1
44,49,-0.01090000727185227,0.0015351553880862028,-0.014999999977358777,-0.009999999999999724,9,1
45,44,-0.010666667344181192,0.0013333346883657598,-0.013333348710330248,-0.009999999999999724,9,1
46,46,-0.010272304553492689,0.0011059842018092628,-0.013333365910978813,-0.0069485057402998915,9,1
47,47,-0.01067230593723724,0.0014760413688095317,-0.013333981103777691,-0.0069485057402998915,9,1
48,46,-0.010077550524663898,0.0013626544631653022,-0.013333335485024562,-0.006948497435250206,9,1
49,46,-0.00784872184786045,0.018266954015426395,-0.013614311819123318,0.11949184433876972,9,1
50,49,0.008297946526835518,0.04532984334720622,-0.015000005187371301,0.12474144566678874,9,1
51,46,0.037525894897541705,0.057739230874730714,-0.015000100172019188,0.12474144566678874,9,1
52,49,0.07854848274322639,0.05489045836611527,-0.015000005187371301,0.19985762521139216,9,1
53,43,0.08159848065170779,0.06180789112917437,-0.015000005187371301,0.2184738496298904,9,1
54,45,0.11326778249775922,0.06461410863131564,-0.015000005074129066,0.22520453758980635,9,1
55,43,0.1501742668371109,0.0726195554423919,-0.01333334314502584,0.28838503394974285,9,1
56,45,0.22251718434541107,0.12906872570007277,-0.014999999977358777,0.709593226990012,9,1
57,44,0.2534586636392545,0.14864431516249763,-0.01714285732288226,0.5077491654669027,9,1
58,45,0.32368513956722395,0.14199045307491856,-0.01599999957913412,0.5077491654669027,9,1
59,48,0.23890445218235462,0.18722942520599414,-0.01599999957913412,0.582145286056887,9,1
60,47,0.3116116849691165,0.16895317163114593,-0.016666535031463214,0.5821838117001074,9,1
61,47,0.27354429916911194,0.20610719966355523,-0.016666666543472437,0.5821838117001074,9,1
62,46,0.26511165992275443,0.21519583685796928,-0.016000000218436547,0.582145286056887,9,1
63,46,0.3458216800572832,0.20934978791132408,-0.01499991373809776,0.6200935882161679,9,1
64,49,0.319724386785446,0.23797141885108708,-0.01600000139607819,0.6253700980784742,9,1
65,46,0.34535566665839923,0.2355195885442271,-0.01600000061408689,0.6254281973508202,9,1
66,46,0.3439939712436862,0.2391730235620776,-0.017142857204412842,0.6491611369583098,9,1
67,44,0.4424703924449884,0.20059950643303257,-0.016000000439526398,0.7250544394571381,9,1
68,47,0.45795788688878664,0.1942028278471148,-0.017499999922136286,0.737883625919609,9,1
69,43,0.4604473605978063,0.1884628998015298,-0.01714285628371061,0.7379276193545202,9,1
70,50,0.47400188298915297,0.21583401666183458,-0.017499999745366947,0.8476257092699477,9,1
71,49,0.4386637469166073,0.21464025003245202,-0.017500000052574502,0.855109184453389,9,1
72,46,0.48012120299061395,0.22311444361035349,-0.017499995673333,0.855109184453389,9,1
73,47,0.4930377759541965,0.2659565756782609,-0.017142861605121774,0.855109184453389,9,1
74,46,0.5660049469148486,0.25504860878877667,-0.017142857100156575,0.855109184453389,9,1
75,45,0.6358798966882203,0.2709329987466958,-0.01714285907896494,0.9178001947056987,9,1
76,47,0.5938288249516126,0.2811041794146274,-0.01714285685845189,0.963390923052105,9,1
77,46,0.6945445058120607,0.2502363406501241,-0.01714285907896494,0.963390923052105,9,1
78,42,0.6056234395960531,0.3074866822774929,-0.017142857190496116,0.9615616472720422,9,1
79,45,0.5825688048173683,0.3290103438493509,-0.01714285907896494,0.961561659621216,9,1
80,44,0.5666686620991881,0.31326960647251795,-0.017499999124346757,0.961561659621216,9,1
81,48,0.5085315324649815,0.3241969380742171,-0.018000000325535236,0.9615616596212155,9,1
82,47,0.5770610079535676,0.3447369282186762,-0.017142860499464833,0.9633907777064001,9,1
83,47,0.6516792321295755,0.31388990490887697,-0.016666666744740745,1.0836683426494131,9,1
84,48,0.5582673127452427,0.3007678383851904,-0.016666667604413134,0.9711576930075173,9,1
85,45,0.6917656353003543,0.2893525441050012,0.11864640996441744,1.0113895408535272,9,1
86,45,0.5580401450284508,0.3453661313388395,-0.017142860573392617,1.0113895408535272,9,1
87,45,0.610883421772489,0.33671484544427,-0.017142860573392617,1.0113895408535272,9,1
88,42,0.6794862270131026,0.3160991595416737,-0.01666666649119363,1.0272924937887655,9,1
89,47,0.7465657980663575,0.30916521946960074,-0.017142860573392617,1.0272924937887655,9,1
90,47,0.6433655963677986,0.38948756838235676,-0.01714285884445755,1.1356320021908513,9,1
91,46,0.6430096335975012,0.360963197761252,-0.017142859466996403,1.1356320021908513,9,1
92,47,0.7201399273187294,0.34435005060228735,-0.017142858057240033,1.157780165946425,9,1
93,47,0.6617899034900447,0.34983160380125294,0.056740449033547954,1.1356320021908513,9,1
94,49,0.6738003843305529,0.3830188919512028,-0.01749999975046173,1.1869498696446779,9,1
95,45,0.7274359421626505,0.39735093008183414,-0.01714285842223274,1.2161195862397547,9,1
96,47,0.6861242399443936,0.4116659027234195,-0.01714285729061098,1.193481532158902,9,1
97,44,0.8174788273240331,0.3398827190179844,-0.016666666178437484,1.193481532158902,9,1
98,45,0.7000542719139381,0.3884809829391021,-0.016666666829450404,1.193481532158902,9,1
99,49,0.606967162217668,0.3915456648047118,-0.01714285638308798,1.193481532158902,9,1
100,45,0.685713930323699,0.3948209023704258,-0.017142856945389317,1.193481532158902,9,1
