gen,nevals,avg,stddev,min,max,run,representation
0,50,-0.009999999999999724,0.0,-0.009999999999999724,-0.009999999999999724,2,9
1,45,-0.011266650277958194,0.0016179338796942773,-0.013333355876822602,-0.009999999999999724,2,9
2,45,-0.011066700866789616,0.001554970363300641,-0.01333376261180791,-0.009999999999999724,2,9
3,45,-0.0116000209161637,0.0017625942069147528,-0.015000003572238166,-0.009999999999999724,2,9
4,46,-0.011366674805165494,0.0016895195301159201,-0.014999996708593913,-0.009999999999999724,2,9
5,48,-0.011699983352766584,0.0017156021785040222,-0.015000178200489619,-0.009999999999999724,2,9
6,44,-0.011299990680083331,0.0016762938201958758,-0.014999983068065421,-0.009999999999999724,2,9
7,47,-0.011211167173642518,0.0016838820497373898,-0.014999999723218436,-0.008891466964229452,2,9
8,47,-0.004993842641507536,0.03478876924199201,-0.014999999988879187,0.1824020666365182,2,9
9,45,0.004769945128862267,0.05644870826591022,-0.015000003643396317,0.23909213649895783,2,9
10,48,0.031009140410028092,0.08743697901034067,-0.01599999492307966,0.23913064635502065,2,9
11,43,0.11459878798834351,0.11358702362096815,-0.016666680188973035,0.3996975297420416,2,9
12,48,0.17209107823739572,0.12380569881334738,-0.020000000568430848,0.4091208672062215,2,9
13,49,0.17493605942454615,0.12914809980591704,-0.019999984116298393,0.5155220047433957,2,9
14,47,0.2135010132912568,0.12245568589999979,-0.01714282482296241,0.516016364128706,2,9
15,45,0.24371590897619605,0.12601730978132356,-0.019999908372145988,0.516016364128706,2,9
16,40,0.24471782806657946,0.1486897856339829,-0.016666691557997743,0.516016364128706,2,9
17,46,0.22193283430077945,0.15625582477651098,-0.01999994509947367,0.6547631464987206,2,9
18,47,0.2152095869749704,0.19381379615684619,-0.01714285493681689,0.6569137845874193,2,9
19,50,0.21378305158995045,0.17619290799935639,-0.017142864862437913,0.6569137845874193,2,9
20,45,0.2862541193141719,0.19369543280611973,-0.015999993699151473,0.7036837729765704,2,9
21,48,0.28000819297401686,0.182706598479785,-0.01666670284979899,0.6160470393530307,2,9
22,45,0.29629470704406485,0.16736648760094933,-0.01750005641137951,0.5832250096568227,2,9
23,45,0.29966258613676794,0.18400175030511387,-0.017142876738569096,0.6547631464987206,2,9
24,42,0.28597050512869954,0.20019009759262224,-0.016666672753571705,0.6569137845874193,2,9
25,46,0.20432509726394588,0.19501198715144913,-0.020000028976808464,0.5832250096568227,2,9
26,41,0.28044648561747965,0.19257252668744404,-0.01600002096744601,0.5832250096568227,2,9
27,44,0.3108685763771167,0.18816119229255757,-0.01714290892102716,0.6932337967494955,2,9
28,48,0.29558311249341856,0.18472623841441166,-0.01999999999999945,0.7360692057033182,2,9
29,47,0.3733388685892222,0.20211189372125657,-0.017142828784055996,0.8356934180103255,2,9
30,47,0.35285792880810535,0.2423505929403637,-0.02000000947837213,0.8389060554103782,2,9
31,44,0.35189588208979694,0.22691622323124963,-0.017142946222164713,0.8389060554103782,2,9
32,45,0.39217925754995747,0.19964451599356306,0.09038903278019095,0.828875163757614,2,9
33,47,0.4005604312193497,0.24982023125488154,-0.017499983179951606,0.7550047240905045,2,9
34,44,0.38038976940983565,0.25798244002966103,-0.01714281972182627,0.7550047240905045,2,9
35,44,0.39442386382812095,0.26236492631468383,-0.017499946818800044,0.828875163757614,2,9
36,48,0.3099020728689176,0.20655161667380814,-0.01714277016768129,0.7361258407156105,2,9
37,44,0.3403950616985385,0.21512848998079243,-0.017500003090782413,0.7361258407156105,2,9
38,49,0.3555946962049493,0.22163463405530964,-0.01666666412534315,0.712516754724918,2,9
39,46,0.3911643847126023,0.19834316108493022,-0.01800021671027729,0.7215047524796444,2,9
40,48,0.34257101356963415,0.19149583422745703,-0.01750000699686105,0.7201479706737628,2,9
41,46,0.38174262552496196,0.20606737072014308,-0.01714287266428564,0.7203195443322704,2,9
42,46,0.38143970763953783,0.22344242143952125,-0.01714293366552266,0.8284152615999446,2,9
43,45,0.3797620051472734,0.21273439283863604,-0.017142715799236877,0.7581125466492254,2,9
44,48,0.35502828843684575,0.22825659807188237,-0.020000008464080045,0.7563262535248788,2,9
45,45,0.36099214410660907,0.2350771142658587,-0.017142816414232445,0.7563262535248788,2,9
46,45,0.38895088696271896,0.22406735511565337,-0.017142857927344105,0.7563262535248788,2,9
47,44,0.3826650302034695,0.24268375590428495,-0.015999998190777503,0.8180828309909143,2,9
48,45,0.36095343759349546,0.253658511440446,-0.017500159820390274,0.8180828309909143,2,9
49,46,0.42341818903282147,0.24835990146140358,-0.019999979640032393,0.8180828309909143,2,9
50,45,0.40352186528763256,0.22162452887008066,-0.016666655287035644,0.7425989160036616,2,9
51,47,0.3957789223999205,0.23376060513370073,-0.01999999856295093,0.8626732558708814,2,9
52,45,0.41257641295335273,0.23390469593369656,-0.01800004702293831,0.7703179731964132,2,9
53,48,0.46340738388763475,0.21212340375306019,-0.009999999999999724,0.8626732558708814,2,9
54,47,0.39374795489214387,0.216193859566078,-0.016000002070332937,0.7592289927469463,2,9
55,46,0.3934453215635954,0.22332291162646214,-0.0171428531313704,0.9398453878714806,2,9
56,40,0.4293483160926486,0.21692899628233925,-0.01714273891770868,0.851110420554179,2,9
57,45,0.4728573998421641,0.21484399590150433,-0.009999999999999724,0.7766926793958936,2,9
58,48,0.42880458369994057,0.21445933666519976,-0.01666665816739567,0.7918052608448756,2,9
59,46,0.4874543528132368,0.2218499901007874,-0.01749999550085029,0.8481491956775137,2,9
60,45,0.4913535226325178,0.2150961589602608,0.09686153127708852,0.7918052608448756,2,9
61,46,0.4881249887958243,0.20516488805699287,-0.01599652081474625,0.8426986232265735,2,9
62,45,0.446320456018874,0.22120875916829505,-0.019999957151116486,0.7877307717655085,2,9
63,46,0.49875362907248033,0.23678103687514332,-0.013333326495783001,0.9420228201575291,2,9
64,45,0.5032157307951549,0.26278058335989823,-0.01666670284979899,0.9930944338166647,2,9
65,44,0.4575854161692067,0.2936038165456431,-0.020000009365227323,0.9930944338166647,2,9
66,46,0.46852199127902955,0.27970760787096294,-0.013333333504906576,0.9407987976242351,2,9
67,48,0.40110385953799704,0.25713634914255507,-0.017499929951225172,0.9420228201575291,2,9
68,47,0.4315498460974348,0.21839280220847618,-0.015999992480935817,0.9005342180923258,2,9
69,47,0.43790432631768084,0.18231358662712505,-0.01665783273975323,0.778997546035809,2,9
70,47,0.459570505635407,0.19257074179616274,0.15388848143312722,0.782736235197493,2,9
71,50,0.40938317877047903,0.1952297697753704,-0.014999988085480039,0.8611143634791004,2,9
72,48,0.42830904092821803,0.20136158218469552,0.1447326256347666,0.9146505994218028,2,9
73,44,0.47942021825062237,0.22396126113124729,0.07212593638383555,0.9146505994218028,2,9
74,46,0.4798669081625503,0.2172031390281357,-0.01666664514955404,0.8668504590096107,2,9
75,45,0.39765777009663983,0.2127923357201802,-0.014999920619668296,0.8668504590096107,2,9
76,45,0.43070669934500266,0.20712243741184064,-0.013333201630077883,0.8510138780649599,2,9
77,46,0.45184308510902527,0.21691789763135416,0.09858475157568246,0.8510138780649599,2,9
78,49,0.4241265630380425,0.18420962475265087,-0.018000029290781934,0.7287204205062022,2,9
79,46,0.4499969973643965,0.2088315278286188,-0.017499984493225196,0.7937883888889322,2,9
80,44,0.46322225067869643,0.19306758783119976,0.09894825453745115,0.8352643218732255,2,9
81,47,0.4065957803161839,0.2124842910253166,-0.019999999122078678,0.830607534700193,2,9
82,45,0.40831914804884595,0.2161557858706688,-0.01714285682235002,0.7620123650775584,2,9
83,49,0.44895642370069744,0.2071270122653605,0.0747354878929101,0.8352643218732255,2,9
84,48,0.43565010876313287,0.20272551684047713,-0.015000014758899108,0.739635576984442,2,9
85,46,0.46191811867912025,0.2019651577569187,-0.01599652081474625,0.8156472190201401,2,9
86,43,0.5284799637288011,0.21136806050553555,0.10414439834991199,0.9006748830387918,2,9
87,44,0.5366786013888043,0.2402466733006929,0.11517615766671638,0.9836049900822856,2,9
88,48,0.5525874556766458,0.24553605731449732,0.12509162024088147,0.9128337006528067,2,9
89,46,0.522259417081848,0.2638757665520125,-0.01333333283630947,0.9183724861072913,2,9
90,48,0.535294053710745,0.26482093102897464,0.12404744574093518,0.9897031322839545,2,9
91,43,0.4739445495893015,0.283514005457884,-0.014999999554456042,0.9897031322839545,2,9
92,48,0.4869521717700006,0.29393812361547583,-0.013333316754764618,1.0456758717423256,2,9
93,43,0.5288005094005008,0.3094884825689546,-0.013333654907337664,1.037371558157425,2,9
94,49,0.5142599193677116,0.2818012784735937,-0.017499954945675602,1.0699474393545578,2,9
95,47,0.48013455389816323,0.2803362973900711,0.12056872964350673,0.9110804460196641,2,9
96,46,0.504921332372608,0.26357054601698926,-0.017500059852570953,0.9096060843796142,2,9
97,46,0.5435518862129168,0.2690156519415638,-0.016000033694528945,0.9650521621993717,2,9
98,42,0.5672980146434942,0.2641470453615769,0.06604641583183969,0.9650521621993717,2,9
99,45,0.5044160545900922,0.29896948330171436,-0.017142875842607607,1.0428510993577795,2,9
100,46,0.4542778589885673,0.27743725928219537,0.07401385307896152,0.9081372349337112,2,9
