gen,nevals,avg,stddev,min,max,run,representation
0,50,-0.009999999999999724,0.0,-0.009999999999999724,-0.009999999999999724,1,0
1,49,-0.01026666195348227,0.0009042946813681578,-0.013333337957991014,-0.009999999999999724,1,0
2,46,-0.010333337532273857,0.0010000125971915599,-0.01333349939468979,-0.009999999999999724,1,0
3,45,-0.01033334076257529,0.0010000222887785626,-0.013333633943975187,-0.009999999999999724,1,0
4,46,-0.010133338133716106,0.0006532207819330318,-0.01333353670612766,-0.009999999999999724,1,0
5,44,-0.0101333308753465,0.0006531852232406093,-0.013333335559165167,-0.009999999999999724,1,0
6,45,-0.010066667903613845,0.0004666753252053396,-0.013333395180051222,-0.009999999999999724,1,0
7,46,-0.01026667471218857,0.0009043379486640023,-0.01333360654415616,-0.009999999999999724,1,0
8,46,-0.010066668588042327,0.00046668011629635484,-0.01333342940211681,-0.009999999999999724,1,0
9,46,-0.010133332992402601,0.0006531938012861035,-0.013333410267535317,-0.009999999999999724,1,0
10,48,-0.010266349662748909,0.000903237723125079,-0.013333333987431794,-0.009999999999999724,1,0
11,47,-0.01006666775644909,0.00046667429514556856,-0.01333338782246807,-0.009999999999999688,1,0
12,45,-0.00999999999999972,1.5251761409605147e-17,-0.009999999999999724,-0.009999999999999645,1,0
13,47,-0.010066668355034227,0.00046667848522162963,-0.013333417751585636,-0.009999999999999641,1,0
14,46,-0.01013332403970233,0.0006531517357542009,-0.013333202917324804,-0.00999999999999964,1,0
15,44,-0.010333351996891291,0.0010000559906702012,-0.013333561218047754,-0.00999999999999964,1,0
16,44,-0.010066669147350202,0.0004666840314537452,-0.013333457367526419,-0.009999999999999532,1,0
17,45,-0.010466665052941056,0.0011566194428721858,-0.013333770174572825,-0.009999999999999532,1,0
18,47,-0.010266657733391457,0.000904280372486564,-0.013333438978869063,-0.009999999999998666,1,0
19,48,-0.010199486391414153,0.0007917967543011603,-0.013333691537912777,-0.00997389491046774,1,0
20,47,-0.010465089513038683,0.0011572736615329871,-0.013333598329624621,-0.009973894323551141,1,0
21,47,-0.01032725071562491,0.0010020627223955591,-0.013333538165227369,-0.009973894323551141,1,0
22,46,-0.01012253581798561,0.0006555201751320117,-0.013333348344121438,-0.00997340473380645,1,0
23,44,-0.010118377531542391,0.0006563427699787126,-0.013333238472394532,-0.00997340473380645,1,0
24,48,-0.010116641264840217,0.0006567255575269399,-0.013333519204661732,-0.009973843774613241,1,0
25,46,-0.01028510807674426,0.0009337411880577109,-0.01333355772898014,-0.009973613527216447,1,0
26,49,-0.010586453401277236,0.0012869459350877428,-0.01333356178453709,-0.009973843774613241,1,0
27,47,-0.010319640776652698,0.0010046247893178133,-0.01333355639850609,-0.009973843774613241,1,0
28,43,-0.010116735626690177,0.000656687227916898,-0.013333368154992595,-0.00997124734832077,1,0
29,46,-0.010314614372928878,0.001003764168881966,-0.013333505174244937,-0.009965437371087118,1,0
30,46,-0.010183120074598073,0.0007959818945354526,-0.013333495800767077,-0.009965250485905065,1,0
31,47,-0.01037982536602436,0.001090743484988386,-0.013333529340123707,-0.009961603429539494,1,0
32,48,-0.010111987912952187,0.0006576875243123648,-0.01333325471673179,-0.00996110167216294,1,0
33,43,-0.01011013660234224,0.0006581279678915896,-0.013333549588840622,-0.00996110167216294,1,0
34,45,-0.010245790085590211,0.0009106507169957044,-0.013333567298481572,-0.009960715413315373,1,0
35,49,-0.010512587714442667,0.0012311767452578485,-0.013333729139762295,-0.009960715413315373,1,0
36,45,-0.010241194357769857,0.0009119623518530767,-0.013333549188285684,-0.009960798943155302,1,0
37,46,-0.010043153625944226,0.00047038857459037444,-0.013333498376360097,-0.009960798943155302,1,0
38,46,-0.010038788627371844,0.0004709274501334459,-0.01333331561715266,-0.009960798943155302,1,0
39,50,-0.01030924662676175,0.0010081264053454701,-0.0133333355356832,-0.009960734613308608,1,0
40,44,-0.010103425543214629,0.000659392535932711,-0.013333054444059595,-0.00996071662621355,1,0
41,47,-0.010186910351097018,0.0007633933273333122,-0.013333551626882524,-0.00996071662621355,1,0
42,39,-0.010175490524847204,0.0007979987509379691,-0.013333456806605446,-0.00996071662621355,1,0
43,46,-0.010308057836578384,0.0010085864285689224,-0.013333639440769554,-0.009960670106329967,1,0
44,47,-0.010506175778034685,0.0012338044101424747,-0.013333235698722388,-0.009960670106329967,1,0
45,45,-0.010173217669239067,0.0007985057870406366,-0.013333343241146198,-0.009960670106329967,1,0
46,45,-0.010172970019226301,0.0007980327357099336,-0.013333090026156296,-0.009960670106329967,1,0
47,47,-0.010106408269239675,0.0006589287429379087,-0.013333445209015221,-0.009960605592717635,1,0
48,44,-0.010239834304118255,0.0009123818836071092,-0.01333356375881954,-0.009960605592717635,1,0
49,46,-0.01017385773504554,0.0007983904782002349,-0.013333379663856422,-0.009960605592717635,1,0
50,48,-0.010038042445587836,0.00047106951378094624,-0.013333493958100653,-0.009960605592717635,1,0
51,48,-0.01023709007018615,0.0009131672453796958,-0.013333635028916777,-0.009960605592717635,1,0
52,44,-0.010308285719064668,0.0010084924733475367,-0.013333759905325596,-0.009960571034921938,1,0
53,46,-0.010110917481814823,0.0006580294273782027,-0.013333358357378896,-0.009960605036062973,1,0
54,45,-0.01017254115560696,0.0007987331636896153,-0.013333424958511213,-0.009960569851030927,1,0
55,47,-0.010103114723455674,0.0006595106337304266,-0.013333310760995283,-0.009960569851030927,1,0
56,46,-0.010306272227417812,0.00100857854135871,-0.013333609927296654,-0.009960564670873544,1,0
57,49,-0.010110465309039902,0.0006580682822667777,-0.013333234084948246,-0.009960564670873544,1,0
58,47,-0.010372727899963437,0.0010934136086409442,-0.013334046377884452,-0.009960564670873544,1,0
59,47,-0.010373674793705307,0.001082653664654628,-0.01333355376071519,-0.009960564670873544,1,0
60,46,-0.010105574863380434,0.0006591026395860481,-0.013333554044858753,-0.009960564670873544,1,0
61,45,-0.010308925072180508,0.001008266480766055,-0.01333345936107231,-0.009960564670873544,1,0
62,43,-0.009974365760662234,1.8445131782109832e-05,-0.01000000000454086,-0.009960564670873544,1,0
63,47,-0.010239025817652595,0.0009124736139853424,-0.013333225372289276,-0.009960564670873544,1,0
64,44,-0.010237580192633202,0.0009130730492399427,-0.01333367082025392,-0.009960564670873544,1,0
65,48,-0.010309587578457428,0.0010080343932569625,-0.013333483571820383,-0.009960564670873544,1,0
66,45,-0.010305718099385401,0.0010093472758590373,-0.013334006236413962,-0.009960500110913461,1,0
67,47,-0.010372827621840108,0.0010933200875652372,-0.013333594376477504,-0.009960500110913461,1,0
68,44,-0.01017108091594151,0.0007990783705738129,-0.013333589988003552,-0.009960500110913461,1,0
69,41,-0.010174165072016126,0.0007981469129579443,-0.013333510974666778,-0.009960500110913461,1,0
70,43,-0.010171034503559894,0.0007990765110624772,-0.013333516089490164,-0.009960498827181561,1,0
71,45,-0.010236521168618846,0.0009132944606835193,-0.013333450654389168,-0.009960498827181561,1,0
72,46,-0.010176653416498973,0.0007976931433455425,-0.01333350385404768,-0.009960498827181561,1,0
73,43,-0.010037659811704885,0.00047110405614436457,-0.013333503181688156,-0.009960498827181561,1,0
74,45,-0.010168279600248853,0.0007997006664974963,-0.013333366730956869,-0.009960498827181561,1,0
75,44,-0.010172308548846676,0.000798755926033724,-0.013333354978492097,-0.009952806767644626,1,0
76,46,-0.010298501194213092,0.0010008224200518368,-0.013333522007086668,-0.009952806767644626,1,0
77,45,-0.010104972663233219,0.0006592192631885491,-0.013333460010678479,-0.009952806767644626,1,0
78,48,-0.010304901984284673,0.0010096520038474907,-0.013333838988345835,-0.009952785532628787,1,0
79,44,-0.010100084663672378,0.0006602523055136817,-0.013333493616513727,-0.009952770468512515,1,0
80,48,-0.010035420698249394,0.00047151574757565534,-0.013333496903257363,-0.00995276230109305,1,0
81,47,-0.010234413670635633,0.0009139656926417599,-0.013333420515428462,-0.009952770468512515,1,0
82,49,-0.010438832596305332,0.0011680070443192958,-0.013333735170272544,-0.0099527643838645,1,0
83,45,-0.010238676450968204,0.0009123925833207841,-0.013333466699442263,-0.0099527643838645,1,0
84,48,-0.010170211337894277,0.0007993295469120753,-0.01333343326959699,-0.009952736488889098,1,0
85,44,-0.0103751144354239,0.0010925486989312486,-0.013333423663120382,-0.009952736488889098,1,0
86,41,-0.010233196647865962,0.0009143152692773619,-0.013333363603406229,-0.009952736488889098,1,0
87,44,-0.01030202960881287,0.0010105710912290064,-0.013333531440303633,-0.009952736488889098,1,0
88,48,-0.010102901274484533,0.0006596520540725354,-0.013333387928590465,-0.009952736488889098,1,0
89,46,-0.010238691013695506,0.0009127454456136203,-0.013333537683335499,-0.009952736488889098,1,0
90,47,-0.010370330257040497,0.0010943184498177082,-0.013333707143330252,-0.009952736488889098,1,0
91,47,-0.010171204588258204,0.0007990883400545807,-0.01333335913293239,-0.009952736488889098,1,0
92,48,-0.010096923551773732,0.0006607801737212464,-0.013333334194629011,-0.009952736488889098,1,0
93,43,-0.010173173877914358,0.0007986283055083372,-0.013333329498152418,-0.009952736488889098,1,0
94,48,-0.010307675384738433,0.001008762007021933,-0.013333621329657902,-0.009952736488889098,1,0
95,42,-0.010302940456879897,0.0010102691630603108,-0.013333743367144657,-0.009952736488889098,1,0
96,48,-0.010103586207309523,0.0006595926806668134,-0.013333544878709136,-0.009952736488889098,1,0
97,42,-0.010304678045713804,0.0010095288309254912,-0.01333346162682484,-0.009952736488889098,1,0
98,47,-0.01010527652089649,0.0006592612196372451,-0.013333417090449108,-0.009952736488889098,1,0
99,48,-0.010173255881245185,0.0007985836270214692,-0.013333434940339603,-0.009952736488889098,1,0
100,45,-0.010234981208393118,0.0009138181796808108,-0.013333606268902835,-0.009952672957333404,1,0
